2.076231002807617
2.065570116043091
2.045964479446411
2.0267205238342285
2.0048041343688965
1.9747675657272339
1.9405152797698975
1.9091544151306152
1.8862954378128052
1.8391839265823364
1.816881537437439
1.7953734397888184
1.7488389015197754
1.6807111501693726
1.6837644577026367
1.6224616765975952
1.6172699928283691
1.5305206775665283
1.5463486909866333
1.5195937156677246
1.461037039756775
1.40974760055542
1.3493561744689941
1.334404468536377
1.317055106163025
1.2655818462371826
1.2597626447677612
1.2071630954742432
1.182780385017395
1.170727252960205
1.1317673921585083
1.1070622205734253
1.1024174690246582
1.0915077924728394
1.1067304611206055
1.005482792854309
0.9324625134468079
0.9316785335540771
1.0484001636505127
0.910909116268158
1.018906831741333
0.9779223799705505
0.9694858193397522
0.9061527848243713
0.8424097895622253
0.9235321283340454
0.8958964943885803
0.8952160477638245
0.8698579668998718
0.8334575295448303
2.0945069789886475
1.8876454830169678
1.822677731513977
1.7112855911254883
1.6117806434631348
1.564550757408142
1.527213454246521
1.4120848178863525
1.4135502576828003
1.3659071922302246
1.2795895338058472
1.2402563095092773
1.2557973861694336
1.1909936666488647
1.168026328086853
1.064084768295288
1.0839897394180298
1.0145076513290405
0.9784529805183411
1.0225028991699219
0.9257636070251465
0.8701530694961548
0.8456032872200012
0.8587650060653687
0.7974971532821655
0.8206198811531067
0.6809991002082825
0.6892542839050293
0.5941764116287231
0.5799538493156433
0.6601540446281433
0.6204047799110413
0.6289721131324768
0.4944557547569275
0.45685285329818726
0.42055031657218933
0.5303471088409424
0.44848793745040894
0.46706557273864746
0.48898425698280334
0.5199823975563049
0.3731529414653778
0.3554956912994385
0.39562922716140747
0.43018773198127747
0.3477087914943695
0.38806143403053284
0.30596062541007996
0.37810346484184265
0.36421921849250793
1.8888962268829346
1.391765832901001
1.0624628067016602
1.0463650226593018
0.9544408917427063
0.9627057313919067
0.885683536529541
0.9122653603553772
0.8433157801628113
0.837689220905304
0.8750122785568237
0.854952871799469
0.6946210265159607
0.589672863483429
0.5784356594085693
0.5772782564163208
0.5395500063896179
0.5794976353645325
0.50218665599823
0.5190429091453552
0.519336998462677
0.42708441615104675
0.4604375660419464
0.4571855068206787
0.41815441846847534
0.44501158595085144
0.39536958932876587
0.36178916692733765
0.4361133873462677
0.5178298354148865
0.4160667061805725
0.3974705934524536
0.31527307629585266
0.27738988399505615
0.44654950499534607
0.35601043701171875
0.3819029927253723
0.4072711765766144
0.4153183698654175
0.3060436546802521
0.3516264855861664
0.29386207461357117
0.3565371036529541
0.35171106457710266
0.3613426983356476
0.2829333245754242
0.37581053376197815
0.3596455454826355
0.3181796073913574
0.2626669406890869
2.029759407043457
1.2236638069152832
0.9212161898612976
0.8454636931419373
0.7373111248016357
0.7097102999687195
0.6232471466064453
0.6092649698257446
0.5722428560256958
0.6040401458740234
0.5143167972564697
0.5466410517692566
0.5259522795677185
0.45624595880508423
0.4572519063949585
0.4581949710845947
0.36559587717056274
0.4443061649799347
0.37648236751556396
0.4081841707229614
0.4039950370788574
0.3831372559070587
0.38884395360946655
0.37248948216438293
0.30723944306373596
0.3465859889984131
0.3924177885055542
0.45011648535728455
0.4146415889263153
0.3611474931240082
0.2535709738731384
0.25534144043922424
0.36416441202163696
0.30377620458602905
0.3803853988647461
0.37117788195610046
0.3993113040924072
0.2705651819705963
0.26419973373413086
0.2720395028591156
0.32051628828048706
0.3244819939136505
0.38386082649230957
0.25337865948677063
0.3274077773094177
0.30025172233581543
0.28683745861053467
0.2738151252269745
0.2323678582906723
0.237031027674675
1.1530991792678833
0.7448486089706421
0.5840805768966675
0.5164201855659485
0.48136627674102783
0.4699007570743561
0.5567556023597717
0.5729981660842896
0.5160552859306335
0.43586963415145874
0.48676547408103943
0.3321740925312042
0.3498208522796631
0.4280458390712738
0.358193576335907
0.41759729385375977
0.35253703594207764
0.32776764035224915
0.33606836199760437
0.3914530575275421
0.36688658595085144
0.33941492438316345
0.25824224948883057
0.33018895983695984
0.3529321551322937
0.37494412064552307
0.38383781909942627
0.2896842658519745
0.2659156918525696
0.24796143174171448
0.32087576389312744
0.2733551263809204
0.3121207356452942
0.33291569352149963
0.34860870242118835
0.2590734362602234
0.2380468100309372
0.2502073049545288
0.2779357433319092
0.32531657814979553
0.2944066822528839
0.19364263117313385
0.29346662759780884
0.30542486906051636
0.30944108963012695
0.22612997889518738
0.20553351938724518
0.21818479895591736
0.25928792357444763
0.23595863580703735
0.672756016254425
0.4403696656227112
0.4555661976337433
0.5063333511352539
0.4733383357524872
0.5014815926551819
0.40661028027534485
0.37038111686706543
0.3858044743537903
0.34389132261276245
0.2960129678249359
0.3569777309894562
0.3040560781955719
0.3154648244380951
0.27152588963508606
0.4068581163883209
0.32334476709365845
0.317382276058197
0.2558630108833313
0.34480535984039307
0.2340397834777832
0.23423248529434204
0.30866673588752747
0.34938913583755493
0.35188668966293335
0.24201273918151855
0.26074936985969543
0.17406167089939117
0.31786713004112244
0.21661360561847687
0.2950548231601715
0.3255883455276489
0.3145315647125244
0.2307218760251999
0.20344392955303192
0.22371231019496918
0.23450054228305817
0.24791327118873596
0.26032185554504395
0.22888964414596558
0.2759930193424225
0.271783709526062
0.23973505198955536
0.2021300494670868
0.26828935742378235
0.1722428947687149
0.2743728756904602
0.22430680692195892
0.21495036780834198
0.2089698612689972
0.5670435428619385
0.44621482491493225
0.42625153064727783
0.4842723309993744
0.5185732841491699
0.45895540714263916
0.4416254758834839
0.29310503602027893
0.31201544404029846
0.39469829201698303
0.3655192255973816
0.45845702290534973
0.2544240355491638
0.2860337197780609
0.35973596572875977
0.30286383628845215
0.27576568722724915
0.2770524322986603
0.21603502333164215
0.28918418288230896
0.3254506289958954
0.37235307693481445
0.362650603055954
0.23881974816322327
0.2326817661523819
0.18987984955310822
0.3340429365634918
0.24266323447227478
0.25241783261299133
0.29387009143829346
0.3013618588447571
0.23087993264198303
0.18053655326366425
0.2293035089969635
0.3105607032775879
0.27092403173446655
0.23801720142364502
0.17861944437026978
0.2503156363964081
0.25239458680152893
0.2476770281791687
0.18832094967365265
0.1836661696434021
0.1549309492111206
0.2854251563549042
0.21693772077560425
0.22680526971817017
0.2041950523853302
0.15605930984020233
0.19256308674812317
0.5762669444084167
0.41418448090553284
0.3785679340362549
0.40374982357025146
0.4029827415943146
0.2961505353450775
0.2562725841999054
0.4061517119407654
0.3476155996322632
0.4346312880516052
0.2874094247817993
0.24499273300170898
0.3221246600151062
0.2732820212841034
0.28630566596984863
0.2781248092651367
0.19729095697402954
0.21345888078212738
0.2968443036079407
0.28910717368125916
0.2961690127849579
0.21321970224380493
0.22130367159843445
0.15166710317134857
0.27742865681648254
0.2225676029920578
0.2226342409849167
0.2771081030368805
0.24603155255317688
0.1634824275970459
0.1619664579629898
0.18035036325454712
0.2706281244754791
0.18529850244522095
0.2530466914176941
0.16998089849948883
0.2671835720539093
0.24463027715682983
0.2271255999803543
0.17157308757305145
0.16195228695869446
0.11922169476747513
0.2302580624818802
0.19273191690444946
0.2170107513666153
0.14837835729122162
0.147601917386055
0.17945976555347443
0.20449434220790863
0.20310556888580322
0.4440619647502899
0.2937215566635132
0.29617854952812195
0.2464422732591629
0.2613466680049896
0.28944864869117737
0.28253522515296936
0.3417651951313019
0.22239431738853455
0.22700701653957367
0.2796551585197449
0.2341785579919815
0.188959538936615
0.23142856359481812
0.1781388223171234
0.1903238147497177
0.3160776197910309
0.23495185375213623
0.28797635436058044
0.21743905544281006
0.20398631691932678
0.1592770516872406
0.2605876326560974
0.2079797089099884
0.189207524061203
0.2163151353597641
0.1979755461215973
0.12431898713111877
0.18337412178516388
0.17293743789196014
0.23976416885852814
0.1826617568731308
0.1790158599615097
0.12074863165616989
0.17964863777160645
0.23395058512687683
0.21109823882579803
0.15698830783367157
0.156569704413414
0.14889968931674957
0.20435978472232819
0.21309427917003632
0.2203979790210724
0.17901307344436646
0.1344236135482788
0.1462276577949524
0.2431100308895111
0.2328304946422577
0.22513513267040253
0.16787724196910858
0.23993618786334991
0.12957648932933807
0.14965960383415222
0.21149927377700806
0.22814953327178955
0.278645396232605
0.14259012043476105
0.14097650349140167
0.20443569123744965
0.15488271415233612
0.16638268530368805
0.20517054200172424
0.12273848056793213
0.15047325193881989
0.22924251854419708
0.2106194943189621
0.19803327322006226
0.1520060896873474
0.16241101920604706
0.14228013157844543
0.2103772908449173
0.15193265676498413
0.162031352519989
0.18939179182052612
0.20726890861988068
0.11994565278291702
0.1510056108236313
0.1541772484779358
0.17986057698726654
0.15548942983150482
0.16676776111125946
0.11292874813079834
0.18523304164409637
0.1754833459854126
0.15079371631145477
0.1232338547706604
0.12789364159107208
0.1361011415719986
0.17632804811000824
0.1493472158908844
0.18925945460796356
0.13081644475460052
0.13196256756782532
0.17657199501991272
0.2203453779220581
0.2366655319929123
0.19652381539344788
0.16663934290409088
0.15427224338054657
0.10924280434846878
0.1582496464252472
0.15882718563079834
0.19172948598861694
0.29374194145202637
0.14772820472717285
0.13088896870613098
0.16025742888450623
0.122993104159832
0.17587856948375702
0.16671769320964813
0.13349179923534393
0.1835138201713562
0.2372504621744156
0.1742735058069229
0.2044406682252884
0.11475715786218643
0.17040950059890747
0.1155073493719101
0.20857226848602295
0.1481885015964508
0.13809892535209656
0.17058953642845154
0.19374825060367584
0.11589162051677704
0.13503505289554596
0.13629236817359924
0.19266733527183533
0.11060808598995209
0.14600279927253723
0.113490030169487
0.21485982835292816
0.2013860046863556
0.16451670229434967
0.13691337406635284
0.14563307166099548
0.1308816373348236
0.1325029581785202
0.14355488121509552
0.1498502790927887
0.13077206909656525
0.11208145320415497
0.16233398020267487
0.18120425939559937
0.24419501423835754
0.17845343053340912
0.11937539279460907
0.13950105011463165
0.11663774400949478
0.10662814229726791
0.13274675607681274
0.6540466547012329
0.4122270941734314
0.22140219807624817
0.16421744227409363
0.2305925041437149
0.13684025406837463
0.1824358105659485
0.19459177553653717
0.08208301663398743
0.14961235225200653
0.19539210200309753
0.23711781203746796
0.18238882720470428
0.14647839963436127
0.1540292352437973
0.07810881733894348
0.16078349947929382
0.1736290454864502
0.1542496234178543
0.1694493591785431
0.16463254392147064
0.09265568107366562
0.13593125343322754
0.12186995148658752
0.15909765660762787
0.13744628429412842
0.14719906449317932
0.11884580552577972
0.2016238123178482
0.16897448897361755
0.13497288525104523
0.10012397915124893
0.1288924515247345
0.12801426649093628
0.14433594048023224
0.1498442441225052
0.16678574681282043
0.09277763962745667
0.14286230504512787
0.1241074651479721
0.15507599711418152
0.20573833584785461
0.13057979941368103
0.11026719212532043
0.16844317317008972
0.08893129974603653
0.11179765313863754
0.12980304658412933
0.11722953617572784
0.2551968991756439
0.07992852479219437
0.1438407599925995
0.10764952749013901
0.08731101453304291
0.12090197205543518
0.15189644694328308
0.1476113349199295
0.05388409271836281
0.1498180627822876
0.1998802274465561
0.12103600054979324
0.1178421601653099
0.13075660169124603
0.08271988481283188
0.17502287030220032
0.1402411311864853
0.11759410798549652
0.16412629187107086
0.17670725286006927
0.07006774842739105
0.10071202367544174
0.1099449023604393
0.17458106577396393
0.07966408133506775
0.11372983455657959
0.10630124062299728
0.14498907327651978
0.15246973931789398
0.09028179198503494
0.11051119118928909
0.12056563794612885
0.10250221937894821
0.14137651026248932
0.13333885371685028
0.16513285040855408
0.1117798388004303
0.1288277953863144
0.12233288586139679
0.14489741623401642
0.1828976571559906
0.11933368444442749
0.12200971692800522
0.18015778064727783
0.08268331736326218
0.12468402087688446
0.14026260375976562
0.13136537373065948
0.2662312686443329
0.06988580524921417
0.07208132743835449
0.1079309731721878
0.10210303962230682
0.10620556771755219
0.10450304299592972
0.06940986216068268
0.07122953981161118
0.12945309281349182
0.12749436497688293
0.10456075519323349
0.09063274413347244
0.14073941111564636
0.07021743804216385
0.11567490547895432
0.07296652346849442
0.12310042232275009
0.11373133957386017
0.1321532130241394
0.054823845624923706
0.09912704676389694
0.11294553428888321
0.1134534627199173
0.11832194030284882
0.08055224269628525
0.06189969554543495
0.11360469460487366
0.10088303685188293
0.08307243883609772
0.055059220641851425
0.09054124355316162
0.07858899235725403
0.1142309159040451
0.10965964198112488
0.10297814756631851
0.038464874029159546
0.06973051279783249
0.11060795933008194
0.12248449772596359
0.13917884230613708
0.07973573356866837
0.08105433732271194
0.08950493484735489
0.04923929646611214
0.08618299663066864
0.07785187661647797
0.10749953985214233
0.18135462701320648
0.04482997581362724
0.03092535026371479
0.06486152112483978
0.04968532174825668
0.09475629776716232
0.04200517758727074
0.05260399729013443
0.030946874991059303
0.11358866840600967
0.07635276764631271
0.08050555735826492
0.060259170830249786
0.08123970031738281
0.05909242853522301
0.08862946927547455
0.057619113475084305
0.07459091395139694
0.06320486962795258
0.0988164097070694
0.042290620505809784
0.04770384356379509
0.08760584145784378
0.09916123747825623
0.042914729565382004
0.04873388633131981
0.036595962941646576
0.11399096250534058
0.12085428833961487
0.05045274272561073
0.04763555899262428
0.04711897671222687
0.06952114403247833
0.08955594152212143
0.07796303927898407
0.08721444755792618
0.07780339568853378
0.049833931028842926
0.0626409724354744
0.06044524908065796
0.06735633313655853
0.07327540218830109
0.0670115053653717
0.08192724734544754
0.06217408925294876
0.047933515161275864
0.05989754572510719
0.08184006065130234
0.1331159621477127
0.05371813476085663
0.03537392243742943
0.08765292912721634
0.06800355017185211
0.05654604732990265
0.0312383770942688
0.06342976540327072
0.022381795570254326
0.07193324714899063
0.08175015449523926
0.06012023985385895
0.044328756630420685
0.061969175934791565
0.07199187576770782
0.06271366775035858
0.042577166110277176
0.048374272882938385
0.05468333512544632
0.10555274784564972
0.0474238283932209
0.045466482639312744
0.08838588744401932
0.08710449188947678
0.04711911454796791
0.06511138379573822
0.027093898504972458
0.07035528868436813
0.08444612473249435
0.0796225443482399
0.048357557505369186
0.054216571152210236
0.04221856966614723
0.07578550279140472
0.057122595608234406
0.04816167429089546
0.04723537713289261
0.02958999015390873
0.06533331423997879
0.0613611675798893
0.0647146925330162
0.05284417048096657
0.046440575271844864
0.0641859769821167
0.027378128841519356
0.050245072692632675
0.04619012400507927
0.06467419862747192
0.08815977722406387
0.03976500779390335
0.03725191578269005
0.07717721164226532
0.05104214698076248
0.044838182628154755
0.02518077939748764
0.05752653628587723
0.018797121942043304
0.04593884199857712
0.06932824105024338
0.03484370931982994
0.04330258071422577
0.0687633529305458
0.050419945269823074
0.05669165402650833
0.020303897559642792
0.04329993948340416
0.05828408524394035
0.10164351761341095
0.020242024213075638
0.023067500442266464
0.05953863263130188
0.0700049176812172
0.04680151864886284
0.042313944548368454
0.03227899596095085
0.048325736075639725
0.03707907348871231
0.0878194272518158
0.04189366474747658
0.05496611073613167
0.03306436166167259
0.047203946858644485
0.06261851638555527
0.04211999475955963
0.03664066269993782
0.01944323070347309
0.04119281470775604
0.034637898206710815
0.04615411534905434
0.03978085145354271
0.02828889898955822
0.0377298966050148
0.03099251165986061
0.051977165043354034
0.04944520443677902
0.06070580333471298
0.10147717595100403
0.04496879503130913
0.015990450978279114
0.0477006770670414
0.030786024406552315
0.08895916491746902
0.04707680270075798
0.042072977870702744
0.01359939482063055
0.040030792355537415
0.06932376325130463
0.03208363056182861
0.060176026076078415
0.07310134172439575
0.0322645865380764
0.04080767557024956
0.02891983650624752
0.03563474118709564
0.019170839339494705
0.06899107247591019
0.01667151041328907
0.04131187126040459
0.05588967725634575
0.04385915771126747
0.027755102142691612
0.03881676122546196
0.019037170335650444
0.036286476999521255
0.051616597920656204
0.0407843254506588
0.036988936364650726
0.02680053375661373
0.02865171618759632
0.03332338109612465
0.0632384717464447
0.018419930711388588
0.024449922144412994
0.02974507212638855
0.04677623510360718
0.04150867089629173
0.032652270048856735
0.044295310974121094
0.015116268768906593
0.020368047058582306
0.021578151732683182
0.06508736312389374
0.04248582571744919
0.04160962626338005
0.1133439838886261
0.05034157633781433
0.043319474905729294
0.030502721667289734
0.03074321150779724
0.022682812064886093
0.03000660426914692
0.03571047633886337
0.00827134121209383
0.04989708587527275
0.05328835919499397
0.02208886854350567
0.05162716284394264
0.05472424998879433
0.030619055032730103
0.029710160568356514
0.020528851076960564
0.02692401595413685
0.03509610891342163
0.07285436987876892
0.02951279655098915
0.0291153397411108
0.03766913712024689
0.055475808680057526
0.025558602064847946
0.057396240532398224
0.02696557529270649
0.06975395232439041
0.03716565668582916
0.030542297288775444
0.07145173847675323
0.0387941375374794
0.07362042367458344
0.0410323329269886
0.07490035146474838
0.02478146366775036
0.030769314616918564
0.014970922842621803
0.03502063453197479
0.04039182886481285
0.03351899981498718
0.07801942527294159
0.02284947782754898
0.028981802985072136
0.0296037420630455
0.04982379078865051
0.019444862380623817
0.04457392171025276
0.04026501998305321
0.0227285735309124
0.02880643494427204
0.026361916214227676
0.026559751480817795
0.01745620183646679
0.021634606644511223
0.030178813263773918
0.006310058292001486
0.029425038024783134
0.03905905783176422
0.04219771549105644
0.034106768667697906
0.06330126523971558
0.032846737653017044
0.042827922850847244
0.013250159099698067
0.024262743070721626
0.0282074436545372
0.10497137159109116
0.015036537311971188
0.024986619129776955
0.036928147077560425
0.033508170396089554
0.029464876279234886
0.021180041134357452
0.02006336860358715
0.03183231130242348
0.03743470087647438
0.035356972366571426
0.026110002771019936
0.035558175295591354
0.039231088012456894
0.038184743374586105
0.044545628130435944
0.049104683101177216
0.0146920932456851
0.017446370795369148
0.03432183340191841
0.025173990055918694
0.0400807149708271
0.058298006653785706
0.040280167013406754
0.04181179404258728
0.024547262117266655
0.060255978256464005
0.04258138686418533
0.06253675371408463
0.07762940973043442
0.010584020987153053
0.022272666916251183
0.02982071228325367
0.017689669504761696
0.022848809137940407
0.06348193436861038
0.030279221013188362
0.008417933247983456
0.020337142050266266
0.05883167311549187
0.018390072509646416
0.046063728630542755
0.03284664452075958
0.016104580834507942
0.05917975306510925
0.02786124125123024
0.038697343319654465
0.026831213384866714
0.0725778117775917
0.010142011567950249
0.024783002212643623
0.03126794844865799
0.02985941618680954
0.014186789281666279
0.02399335242807865
0.031113609671592712
0.038413114845752716
0.03519042208790779
0.032819028943777084
0.017178338021039963
0.014791684225201607
0.028400611132383347
0.0432695634663105
0.017354847863316536
0.025662727653980255
0.017496369779109955
0.015952859073877335
0.024342944845557213
0.01689421944320202
0.01684308610856533
0.026510853320360184
0.010520296171307564
0.015713676810264587
0.03133557736873627
0.025610920041799545
0.027471579611301422
0.01981556974351406
0.06423167884349823
0.022334463894367218
0.03704552352428436
0.015017285943031311
0.04085463657975197
0.019908694550395012
0.026556944474577904
0.024719007313251495
0.004493309650570154
0.030476905405521393
0.03117252327501774
0.05106464773416519
0.028363756835460663
0.03293190523982048
0.021009759977459908
0.054420147091150284
0.018558235839009285
0.024820495396852493
0.03764830529689789
0.03345416486263275
0.011523324996232986
0.01275683008134365
0.023269716650247574
0.028295332565903664
0.03854493424296379
0.01511386502534151
0.024751797318458557
0.0138747189193964
0.04519546031951904
0.03264825418591499
0.04053838178515434
0.01726549118757248
0.024812286719679832
0.02988607808947563
0.04347677901387215
0.012459141202270985
0.018740272149443626
0.00652391416952014
0.019889863207936287
0.02765854075551033
0.01877773553133011
0.02073979377746582
0.01277050469070673
0.03419651836156845
0.010468103922903538
0.016205377876758575
0.02138994075357914
0.016814790666103363
0.04677979275584221
0.011042725294828415
0.014710507355630398
0.02006652019917965
0.01118567492812872
0.02062082849442959
0.012279137969017029
0.013072366826236248
0.012698637321591377
0.012273792177438736
0.017985964193940163
0.008826058357954025
0.016166307032108307
0.03361485153436661
0.017268065363168716
0.02362392283976078
0.02295817993581295
0.01747594028711319
0.021848484873771667
0.022709673270583153
0.007548193912953138
0.013190831989049911
0.02263404056429863
0.03874679282307625
0.03011888824403286
0.015686003491282463
0.017077071592211723
0.027698157355189323
0.0221626665443182
0.030747883021831512
0.01721503771841526
0.012147868052124977
0.023080265149474144
0.017600536346435547
0.02334797941148281
0.01391817256808281
0.01824915036559105
0.009172862395644188
0.020106598734855652
0.008298947475850582
0.01802763156592846
0.015048195607960224
0.014902451075613499
0.01369206327944994
0.013776940293610096
0.01114517543464899
0.01162080466747284
0.014971437864005566
0.03324763476848602
0.008434239774942398
0.014811825007200241
0.008032829500734806
0.010762358084321022
0.017092835158109665
0.007979744113981724
0.005861504469066858
0.004113579634577036
0.017776867374777794
0.008495261892676353
0.011751589365303516
0.0053603616543114185
0.022129682824015617
0.006704657804220915
0.017529480159282684
0.009075388312339783
0.003946930635720491
0.007423716131597757
0.024865703657269478
0.003498420352116227
0.010154813528060913
0.015875359997153282
0.012893985956907272
0.0038127137813717127
0.017040858045220375
0.007550723850727081
0.011448685079813004
0.025305822491645813
0.02110833302140236
0.009564553387463093
0.00858237873762846
0.004236593376845121
0.012483791448175907
0.017292702570557594
0.01033775880932808
0.004424055572599173
0.006390970200300217
0.006318067666143179
0.015843670815229416
0.027961065992712975
0.014066589064896107
0.003655417822301388
0.004263554234057665
0.014510715380311012
0.01482340320944786
0.008133213967084885
0.005857231095433235
0.028851009905338287
0.012209041975438595
0.010468486696481705
0.009618676267564297
0.017844872549176216
0.027657724916934967
0.0044234334491193295
0.015484417788684368
0.0035253362730145454
0.011347228661179543
0.014742625877261162
0.01156451553106308
0.010884596034884453
0.02796138823032379
0.008578788489103317
0.01009637676179409
0.010217047296464443
0.017562003806233406
0.011210625059902668
0.025157667696475983
0.01036375854164362
0.008946146816015244
0.01815471425652504
0.007957263849675655
0.007695708889514208
0.010030606761574745
0.008285068906843662
0.02741793543100357
0.012423556298017502
0.01560385711491108
0.014692860655486584
0.005995623767375946
0.00838337279856205
0.00817303080111742
0.018256740644574165
0.009873950853943825
0.012520194984972477
0.0034987195394933224
0.00806135032325983
0.013110429979860783
0.01263142004609108
0.005749709438532591
0.012032349593937397
0.0060993824154138565
0.011981659568846226
0.010046415030956268
0.006808166392147541
0.007947498932480812
0.008376995101571083
0.005322827957570553
0.013547534123063087
0.018153462558984756
0.0033436317462474108
0.0035493487957865
0.0045038433745503426
0.0021431688219308853
0.0015231238212436438
0.010969956405460835
0.007005901541560888
0.010869651101529598
0.010709655471146107
0.010248636826872826
0.005459934938699007
0.042676087468862534
0.01991426572203636
0.014260277152061462
0.0174516923725605
0.020848695188760757
0.002000662498176098
0.01850402168929577
0.013430316932499409
0.007777613587677479
0.010489488020539284
0.015078285709023476
0.014684917405247688
0.02574601210653782
0.017262861132621765
0.0060422830283641815
0.014580022543668747
0.019374143332242966
0.005302235018461943
0.01224173977971077
0.006805771961808205
0.015057667158544064
0.016975533217191696
0.009258541278541088
0.015128806233406067
0.006311358418315649
0.0043361252173781395
0.03126111254096031
0.006999131292104721
0.0067998627200722694
0.0044822474010288715
0.017714306712150574
0.017885157838463783
0.003469953779131174
0.012728213332593441
0.003237220225855708
0.004206887446343899
0.00593070313334465
0.005117295775562525
0.008496666327118874
0.003266392508521676
0.006917619612067938
0.002199376467615366
0.0035411352291703224
0.007484679110348225
0.012581794522702694
0.004147689789533615
0.008406640961766243
0.008899567648768425
0.007016056217253208
0.006436026655137539
0.003968024626374245
0.009348135441541672
0.016230646520853043
0.005255155730992556
0.005332752596586943
0.018800128251314163
0.004792650695890188
0.006891635712236166
0.004498741123825312
0.006643204018473625
0.015124136582016945
0.006761614233255386
0.005943917203694582
0.002253190381452441
0.011937207542359829
0.0038465475663542747
0.003843718208372593
0.011993667110800743
0.008003181777894497
0.001985125010833144
0.010037476196885109
0.003581141820177436
0.002710652770474553
0.013625901192426682
0.009461998008191586
0.006431056652218103
0.008956287056207657
0.004970576614141464
0.03379691392183304
0.015177469700574875
0.010515879839658737
0.014550437219440937
0.01794123463332653
0.00448771333321929
0.0035706080961972475
0.00805661827325821
0.013562769629061222
0.003302105003967881
0.012457174248993397
0.007975414395332336
0.006482148543000221
0.024229850620031357
0.025960184633731842
0.0067569478414952755
0.017323195934295654
0.005197357852011919
0.01671575754880905
0.005767909809947014
0.008412293158471584
0.015155728906393051
0.007193231955170631
0.0018784755375236273
0.00818577315658331
0.00971323624253273
0.005691575817763805
0.007956665940582752
0.015069193206727505
0.004899159539490938
0.008697623386979103
0.00601950054988265
0.028028981760144234
0.005199631676077843
0.004651007708162069
0.009074789471924305
0.010152860544621944
0.0071299453265964985
0.007787879090756178
0.008231637068092823
0.00561510119587183
0.0035827388055622578
0.026409873738884926
0.003746765200048685
0.00438519474118948
0.011464111506938934
0.012056081555783749
0.009701444767415524
0.010603818111121655
0.00724232429638505
0.015471556223928928
0.008019148372113705
0.009748052805662155
0.014635661616921425
0.007124742958694696
0.015792816877365112
0.007490263320505619
0.006056307349354029
0.004542211536318064
0.0013222233392298222
0.012585057877004147
0.009173238649964333
0.0032397496979683638
0.002951606409624219
0.01844693161547184
0.004208482801914215
0.015383364632725716
0.02007244899868965
0.0036978842690587044
0.009379830211400986
0.01798274740576744
0.0035092446487396955
0.004614123143255711
0.0079791946336627
0.010726723819971085
0.01781439781188965
0.00494097825139761
0.0044168527238070965
0.0032535844948142767
0.014906235970556736
0.011191202327609062
0.010318739339709282
0.0027483415324240923
0.0046903095208108425
0.006604766473174095
0.004548963624984026
0.0019460070179775357
0.0071212174370884895
0.005452264100313187
0.005918407347053289
0.0045253741554915905
0.02236180752515793
0.0161350816488266
0.003748452290892601
0.012332352809607983
0.022266412153840065
0.00485019339248538
0.0018946178024634719
0.001822208403609693
0.010265554301440716
0.012823202647268772
0.009357502683997154
0.005839500576257706
0.02447761595249176
0.0138249471783638
0.029385225847363472
0.007740034256130457
0.002934473566710949
0.008770699612796307
0.016041820868849754
0.003505425527691841
0.01347023993730545
0.004134711343795061
0.002500426024198532
0.0028413557447493076
0.004228624515235424
0.026929859071969986
0.004771001636981964
0.008885912597179413
0.0037283541169017553
0.00999318528920412
0.005366049706935883
0.009756442159414291
0.007334958761930466
0.012301532551646233
0.005249262787401676
0.0126322777941823
0.010237925685942173
0.010020808316767216
0.010177794843912125
0.002956059528514743
0.011044364422559738
0.008037840947508812
0.01154901459813118
0.010774278081953526
0.011533346027135849
0.002791112521663308
0.007219869643449783
0.00595314335078001
0.01700618863105774
0.005477193742990494
0.0030720243230462074
0.008915625512599945
0.014214502647519112
0.0095368642359972
0.01774524338543415
0.0040830159559845924
0.020569106563925743
0.003185576992109418
0.004404059145599604
0.007476097904145718
0.0024589619133621454
0.00586045254021883
0.0017239813460037112
0.012911926954984665
0.0039412761107087135
0.007767347153276205
0.005233481526374817
0.003963104449212551
0.0012090369127690792
0.012867970392107964
0.0026005979161709547
0.02094842679798603
0.006428163964301348
0.003319778945297003
0.009970342740416527
0.007033864501863718
0.0021590765099972486
0.019054992124438286
0.005166304297745228
0.006710955407470465
0.006868648808449507
0.003399911569431424
0.003661876078695059
0.008807963691651821
0.004140202887356281
0.022526362910866737
0.01239065546542406
0.0030516148544847965
0.007922417484223843
0.007152196019887924
0.008031097240746021
0.008316992782056332
0.013990500010550022
0.006119562312960625
0.013938316144049168
0.01630161702632904
0.009256121702492237
0.00847136415541172
0.0013592350296676159
0.016780037432909012
0.0018791998736560345
0.010401200503110886
0.0040803528390824795
0.007951402105391026
0.008758800104260445
0.013512130826711655
0.002150505082681775
0.015454456210136414
0.0021246776450425386
0.003725352929905057
0.0074043311178684235
0.00549957063049078
0.002173422835767269
0.0013110332656651735
0.004309899173676968
0.0035695629194378853
0.005471269600093365
0.0026025117840617895
0.01010652631521225
0.026352135464549065
0.007267390377819538
0.007418518420308828
0.011965648271143436
0.021986354142427444
0.003939996473491192
0.0035388756077736616
0.026070507243275642
0.006832963787019253
0.005836405325680971
0.018842175602912903
0.005446190945804119
0.01105952262878418
0.01905118115246296
0.0039975387044250965
0.005271431989967823
0.0065450407564640045
0.005319508258253336
0.011834150180220604
0.010436304844915867
0.0056931800208985806
0.005544228944927454
0.00612671347334981
0.006216539070010185
0.00522055197507143
0.0029827302787452936
0.042900510132312775
0.001883113058283925
0.014518827199935913
0.0013435271102935076
0.01077350415289402
0.01189732737839222
0.014828869141638279
0.020680667832493782
0.002613391727209091
0.00427404185757041
0.00741515401750803
0.005839235614985228
0.008609877899289131
0.0028238571248948574
0.00795458909124136
0.003722270717844367
0.006309387739747763
0.008603052236139774
0.008248528465628624
0.00944749265909195
0.012308516539633274
0.0038906270638108253
0.004344841465353966
0.0024755774065852165
0.004626421723514795
0.005172994453459978
0.024588052183389664
0.009217777289450169
0.004020311404019594
0.008545191027224064
0.004998968448489904
0.0048537482507526875
0.003444844391196966
0.005034459754824638
0.006260580383241177
0.008433959446847439
0.004139439202845097
0.0035878510680049658
0.0011253204429522157
0.016581259667873383
0.003674576058983803
0.004895476158708334
0.0016608185833320022
0.00288721383549273
0.0025913796853274107
0.001970586134120822
0.0011170398211106658
0.006331475917249918
0.004398214630782604
0.0016995498444885015
0.011216686107218266
0.0024569660890847445
0.007025149185210466
0.00521671399474144
0.0030833554919809103
0.01429182942956686
0.0020000759977847338
0.003036258742213249
0.0036228951066732407
0.012770057655870914
0.004618969280272722
0.0009279028745368123
0.0024837893433868885
0.003726228838786483
0.006126946769654751
0.003986072260886431
0.0038691593799740076
0.0036364507395774126
0.0019535673782229424
0.0008719261386431754
0.008427181281149387
0.0028814689721912146
0.006464680191129446
0.0038017691113054752
0.0014030899619683623
0.002003865782171488
0.0027765179984271526
0.012448344379663467
0.004058241844177246
0.003619876690208912
0.0014993443619459867
0.0041161198168993
0.012580088339745998
0.0035748465452343225
0.008130090311169624
0.006461850367486477
0.004897654056549072
0.0013832791009917855
0.0006918076542206109
0.004165663383901119
0.009031443856656551
0.0006189972627907991
0.0029135458171367645
0.016596756875514984
0.0025398286525160074
0.0022712675854563713
0.008110038936138153
0.016916465014219284
0.004351416602730751
0.004555714316666126
0.0019212367478758097
0.007601230405271053
0.0061017307452857494
0.0038145261351019144
0.005852053873240948
0.010366460308432579
0.0021330942399799824
0.009982362389564514
0.003939865622669458
0.000808683515060693
0.02642284892499447
0.016245903447270393
0.002318300772458315
0.00156256346963346
0.002733217552304268
0.001494334195740521
0.00564977154135704
0.0014550546184182167
0.001801032805815339
0.004044270608574152
0.00748951081186533
0.008765350095927715
0.005195594392716885
0.010787994600832462
0.01086866669356823
0.02191590890288353
0.008606933988630772
0.004010588396340609
0.00819460116326809
0.020696228370070457
0.003388508688658476
0.01099424995481968
0.009786278940737247
0.004252350423485041
0.004578724037855864
0.006375905126333237
0.010845602490007877
0.01082748081535101
0.006858649663627148
0.003918154165148735
0.001037079724483192
0.006912348326295614
0.0036152885295450687
0.0011562710860744119
0.0016426227521151304
0.008695959113538265
0.01649157516658306
0.0013874983415007591
0.0016690123593434691
0.010977039113640785
0.0022430885583162308
0.012004068121314049
0.008706489577889442
0.002906105713918805
0.016565175727009773
0.0065431175753474236
0.002925059525296092
0.015154092572629452
0.010218681767582893
0.0009461241425015032
0.0017741238698363304
0.004541927948594093
0.003645339049398899
0.0032394363079220057
0.0060548074543476105
0.0036719050258398056
0.0034768953919410706
0.005828683730214834
0.0029335967265069485
0.001677653519436717
0.004485383629798889
0.004606691654771566
0.0016099128406494856
0.006738108582794666
0.009211337193846703
0.0023497871588915586
0.00567666906863451
0.0008489920292049646
0.0010503098601475358
0.0098971426486969
0.0063139162957668304
0.002048275899142027
0.006639766041189432
0.004347237758338451
0.003944628406316042
0.012189206667244434
0.001532378839328885
0.0010227359598502517
0.006122995167970657
0.006101713050156832
0.007629102561622858
0.00469568744301796
0.003702680580317974
0.0036393131595104933
0.0028686507139354944
0.0074093942530453205
0.007497718557715416
0.000750281207729131
0.0036658605094999075
0.014506839215755463
0.025231707841157913
0.007409487850964069
0.005141095723956823
0.010755817405879498
0.002961855847388506
0.003930810373276472
0.0034800327848643064
0.007702031172811985
0.0034757303074002266
0.02262277528643608
0.004178657662123442
0.0019286712631583214
0.0009854400996118784
0.003352760337293148
0.012904588133096695
0.0034026179928332567
0.001958632143214345
0.009285887703299522
0.011779229156672955
0.003614252433180809
0.002711353823542595
0.003024899400770664
0.0075158532708883286
0.007776965852826834
0.005666546057909727
0.0029558243695646524
0.025934811681509018
0.019022947177290916
0.0031434879638254642
0.005251012276858091
0.0022787621710449457
0.0010914220474660397
0.0006585042574442923
0.0035786719527095556
0.0070212180726230145
0.0008122536819428205
0.01022892165929079
0.006797511596232653
0.004037818405777216
0.009537914767861366
0.002637268975377083
0.0017049346351996064
0.0017642672173678875
0.0023815177846699953
0.00505454558879137
0.002273131627589464
0.015871906653046608
0.006543572060763836
0.0018344215350225568
0.0006190122221596539
0.000819848442915827
0.0011755098821595311
0.011822616681456566
0.0024727866984903812
0.011752777732908726
0.0004385733336675912
0.0038814018480479717
0.004417416173964739
0.0011627103667706251
0.0008680929895490408
0.0008352689328603446
0.0008819260401651263
0.013449863530695438
0.0008153175003826618
0.0016725852619856596
0.0014452981995418668
0.0011506527662277222
0.000570370233617723
0.0008638300350867212
0.0010044010123237967
0.0009558702004142106
0.004668626002967358
0.0007299864082597196
0.0003210103022865951
0.0022669993340969086
0.001075795036740601
0.004034215584397316
0.0013412546832114458
0.002585550770163536
0.0029012104496359825
0.0008106755558401346
0.002651937073096633
0.0007425515213981271
0.0010272469371557236
0.00017513408965896815
0.0021855835802853107
0.0023393670562654734
0.0030598589219152927
0.0015453507658094168
0.0002792156010400504
0.0025608697906136513
0.001145515707321465
0.00029455855838023126
0.0012563897762447596
0.0006675315089523792
0.001511874608695507
0.00032411314896307886
0.00046338539686985314
0.001173915690742433
0.0004959311336278915
0.0007051218999549747
0.0002971515350509435
0.00042230664985254407
0.000178555550519377
0.0008034514030441642
0.0008009683806449175
0.00026792805874720216
0.0002499204420018941
0.0007044512312859297
0.0009077942813746631
0.0007085435790941119
0.0008905099239200354
0.0014574765227735043
0.0008177846320904791
0.0011270177783444524
0.00037866178900003433
0.0006521109608002007
0.003264814615249634
0.0005508925532922149
0.0004735859693028033
0.0028622944373637438
0.000301698106341064
0.00022241563419811428
0.0007177655934356153
0.0007383054471574724
0.00025918183382600546
0.00041411007987335324
0.0005432133912108839
0.00023999049153644592
0.0006118828314356506
0.000302488129818812
0.000604224216658622
0.00013250460324343294
0.0004788539663422853
0.00029533824999816716
0.0005233981646597385
0.0008987742476165295
0.0002247632364742458
0.0016094765160232782
0.00019718760449904948
0.0002761829236987978
0.00036872574128210545
0.00038078834768384695
0.0008272958220914006
0.0005261385231278837
0.00023728881205897778
0.00024682990624569356
0.0005311663262546062
0.0007711657090112567
0.00040052205440588295
0.00030721109942533076
0.00015226048708427697
0.00038405696977861226
0.0002044085704255849
0.00015581004845444113
0.00019645821885205805
0.00029796091257594526
0.00021709212160203606
0.00020761453197337687
0.0002015381760429591
0.0002345792599953711
0.0002040127437794581
0.0002470514446031302
0.00026505839196033776
0.0002039141982095316
0.0003889064828399569
0.0003145568771287799
0.0001681981811998412
0.0002714873116929084
0.0002281942724948749
0.00019004364730790257
0.0002604788460303098
0.00031923424103297293
0.0004351371608208865
0.00029537593945860863
0.00018430872296448797
0.00015996722504496574
0.00024961461895145476
0.00028815469704568386
0.0001790480746421963
8.821878145681694e-05
0.0001769593800418079
0.00017937830125447363
0.00021915788238402456
0.0002341859944863245
0.00013606579159386456
0.00024702565860934556
0.00015138968592509627
0.00012226223770994693
0.00023286000941880047
0.0001877275062724948
0.00035321101313456893
0.00016260218399111181
0.0001688443444436416
0.0001528006250737235
0.0001649725018069148
0.0002779753413051367
0.00014648491924162954
0.00020103294809814543
0.00012197063188068569
0.0002657849108800292
0.00016537973715458065
0.0001309878716710955
0.00013634499919135123
0.00021464696328621358
0.00017167103942483664
0.0001616067747818306
0.00015679611533414572
0.00018094222468789667
0.00016774974938016385
0.0002067827881546691
0.00018236166215501726
0.00016308487101923674
0.0002680617035366595
0.00022411537065636367
0.0001245038292836398
0.0002112892543664202
0.00015264484682120383
0.00013555717305280268
0.000211135862627998
0.00024173267593141645
0.0001755446573952213
0.0001892015425255522
0.0001421434571966529
0.00013156916247680783
0.0002070619084406644
0.0001630398619454354
0.0001472086732974276
7.861622725613415e-05
0.00014090814511291683
0.00014532099885400385
0.00018588676175568253
0.0001912558072945103
0.00011107710452051833
0.00019532529404386878
0.00012210574641358107
0.00010096992627950385
0.00018231486319564283
0.00016249592590611428
0.0002687213709577918
0.00014221131277736276
0.0001411800185451284
0.00013287391630001366
0.00013857906742487103
0.00022302243451122195
0.00012262706877663732
0.0001694950769888237
0.00010670281335478649
0.00022777580306865275
0.00014224692131392658
0.00011672462278511375
0.00010990096780005842
0.00018116224964614958
0.00014567527978215367
0.00013705770834349096
0.00013456330634653568
0.00015351625916082412
0.00014788249973207712
0.0001792503026081249
0.00015328408335335553
0.00014155238750390708
0.00022029872343409806
0.0001926435506902635
0.0001101611924241297
0.0001786507637007162
0.0001248057815246284
0.00011537918180692941
0.0001847615058068186
0.00020324044453445822
0.00015187441022135317
0.00015630909183528274
0.00012514545232988894
0.00011727897799573839
0.00017573943478055298
0.00013885326916351914
0.00013276080426294357
7.059551717247814e-05
0.00012130659888498485
0.00012539129238575697
0.00016295252135023475
0.00016764509200584143
9.570189286023378e-05
0.00016655438230372965
0.0001061218572431244
9.042410965776071e-05
0.00015392717614304274
0.00014289947284851223
0.00023058548686094582
0.00012777680240105838
0.00012419314589351416
0.00011901375546585768
0.0001227825996465981
0.00019301378051750362
0.00010883528011618182
0.00014892002218402922
9.506535570835695e-05
0.00019936850003432482
0.00012767419684678316
0.00010593987099127844
9.537651931168512e-05
0.00015874954988248646
0.00012930591765325516
0.000123014731798321
0.00011983956210315228
0.0001349748927168548
0.00013316507101990283
0.00016018759924918413
0.0001330431259702891
0.00012606150994542986
0.0001905971730593592
0.00017198054410982877
0.00010000284964917228
0.0001571585307829082
0.00010843475320143625
0.00010384673078078777
0.00016529695130884647
0.0001775544515112415
0.00013600540114566684
0.00013593923358712345
0.00011170205834787339
0.00010570275480858982
0.00015526037896052003
0.00012344619608484209
0.00012067662464687601
6.452992965932935e-05
0.00010837175068445504
0.00011221957538509741
0.00014570410712622106
0.00015110855747479945
8.492126653436571e-05
0.00014683710469398648
9.442782175028697e-05
8.314241858897731e-05
0.00013480773486662656
0.00012777053052559495
0.00020457363280002028
0.00011484332208056003
0.00011167400953127071
0.00010818245937116444
0.00011217094288440421
0.0001713443489279598
9.782984852790833e-05
0.00013356484123505652
8.679378515807912e-05
0.0001785307249519974
0.00011623502359725535
9.748578304424882e-05
8.616067498223856e-05
0.00014162671868689358
0.00011669923696899787
0.00011192392412340268
0.00010836197179742157
0.00012161779159214348
0.00012183121725684032
0.00014406020636670291
0.00011879212252097204
0.0001143633562605828
0.00017018256767187268
0.0001559812662890181
9.195576421916485e-05
0.00014044078125152737
9.834343654802069e-05
9.535554272588342e-05
0.00015063799219205976
0.00015910489310044795
0.00012425228487700224
0.00012168866669526324
0.00010199352982454002
9.744837007019669e-05
0.00013939673954155296
0.0001106346826418303
0.00011055641516577452
5.9710335335694253e-05
9.790684271138161e-05
0.00010221273987554014
0.00013249363109935075
0.00013826065696775913
7.715590618317947e-05
0.00013194243365433067
8.605587936472148e-05
7.684938464080915e-05
0.0001210027257911861
0.0001155984282377176
0.00018546429055277258
0.00010489978012628853
0.00010149669833481312
9.996283915825188e-05
0.00010280798596795648
0.0001549818553030491
8.952974167186767e-05
0.00012181120837340131
7.999925583135337e-05
0.00016149353177752346
0.00010769927757792175
8.993372466647997e-05
7.896783063188195e-05
0.00012873367813881487
0.00010698360711103305
0.00010355444101151079
9.904774196911603e-05
0.00011085279402323067
0.00011307283421047032
0.00013292438234202564
0.00010760877194115892
0.00010409520473331213
0.00015438682748936117
0.0001434709265595302
8.580063877161592e-05
0.00012749599409289658
8.988967601908371e-05
8.863415132509544e-05
0.00013873353600502014
0.00014463871775660664
0.00011459591769380495
0.00011073718633269891
9.386362944496796e-05
9.045792830875143e-05
0.00012684987450484186
0.0001010604901239276
0.00010236016532871872
5.565382889471948e-05
8.942696877056733e-05
9.397494432050735e-05
0.0001209609690704383
0.00012854489614255726
7.070319406921044e-05
0.00012045263429172337
7.892400026321411e-05
7.189429743448272e-05
0.00011059069947805256
0.00010567857680143788
0.00016917158791329712
9.72887864918448e-05
9.329426393378526e-05
9.29583256947808e-05
9.520557796349749e-05
0.00014094682410359383
8.29701020848006e-05
0.00011057485971832648
7.406764780171216e-05
0.0001475818717153743
9.976633737096563e-05
8.307433745358139e-05
7.263475708896294e-05
0.00011833788448711857
9.874541137833148e-05
9.555671567795798e-05
9.130533726420254e-05
0.00010280502465320751
0.00010509515414014459
0.00012223287194501609
9.859517740551382e-05
9.614373266231269e-05
0.00014174713578540832
0.0001329865917796269
8.029237505979836e-05
0.00011677333532134071
8.284758223453537e-05
8.246488869190216e-05
0.0001285435282625258
0.00013330133515410125
0.00010592761827865615
0.0001014224108075723
8.73081007739529e-05
8.398877253057435e-05
0.00011719499889295548
9.358986426377669e-05
9.524011693429202e-05
5.1962138968519866e-05
8.256056753452867e-05
8.71838055900298e-05
0.00011179623106727377
0.00011960662232013419
6.55717303743586e-05
0.00011031706526409835
7.28564991732128e-05
6.754101195838302e-05
0.00010167639993596822
9.739105735206977e-05
0.00015607888053636998
9.04299013200216e-05
8.623360190540552e-05
8.70276489877142e-05
8.897251245798543e-05
0.00012975760910194367
7.717184780631214e-05
0.00010242075222777203
6.865169416414574e-05
0.00013564170512836426
9.319930541096255e-05
7.829636160749942e-05
6.805441807955503e-05
0.00010963629028992727
9.177471656585112e-05
8.892392361303791e-05
8.514453656971455e-05
9.555443102726713e-05
9.872174268821254e-05
0.00011415985500207171
9.123740892391652e-05
8.949065522756428e-05
0.0001304902252741158
0.00012428380432538688
7.561716483905911e-05
0.00010814569395733997
7.715600804658607e-05
7.726896728854626e-05
0.00012007240729872137
0.00012370558397378772
9.85727456281893e-05
9.372446947963908e-05
8.12977013993077e-05
7.849774556234479e-05
0.0001088580975192599
8.700761100044474e-05
8.941625128500164e-05
4.9103004130302e-05
7.692356302868575e-05
8.126929606078193e-05
0.00010435410513309762
0.00011236381396884099
6.100810787756927e-05
0.00010253575601382181
6.754576315870509e-05
6.394620868377388e-05
9.394318476552144e-05
9.01985913515091e-05
0.00014451933384407312
8.481583063257858e-05
8.044092101044953e-05
8.149610221153125e-05
8.408361463807523e-05
0.00011995349632343277
7.200468826340511e-05
9.500388841843233e-05
6.445832696044818e-05
0.00012649118434637785
8.763867663219571e-05
7.35530920792371e-05
6.396668322850019e-05
0.00010194841888733208
8.582240843679756e-05
8.341548527823761e-05
7.944757817313075e-05
8.977059042081237e-05
9.295815834775567e-05
0.00010610447498038411
8.462684490950778e-05
8.386777335545048e-05
0.00012174215953564271
0.0001167576338048093
7.158084190450609e-05
0.00010024794028140604
7.264209125423804e-05
7.283136073965579e-05
0.00011201271263416857
0.00011530287156347185
9.218481864081696e-05
8.769150008447468e-05
7.629211177118123e-05
7.419455505441874e-05
0.00010149749869015068
8.189096115529537e-05
8.412825991399586e-05
4.650769551517442e-05
7.190463657025248e-05
7.606270810356364e-05
9.812774078454822e-05
0.00010612142796162516
5.703088390873745e-05
9.588323882780969e-05
6.33647505310364e-05
6.055279663996771e-05
8.770655404077843e-05
8.427055581705645e-05
0.00013502899673767388
7.929189450806007e-05
7.538931095041335e-05
7.697632827330381e-05
7.858106982894242e-05
0.0001119537846534513
6.726576248183846e-05
8.84122055140324e-05
6.028753341524862e-05
0.00011811540753114969
8.297483873320743e-05
6.956295692361891e-05
6.0142709116917104e-05
9.551399853080511e-05
8.085628360277042e-05
7.871056004660204e-05
7.480258500436321e-05
8.39488857309334e-05
8.80201332620345e-05
9.91745910141617e-05
7.904202357167378e-05
7.847877714084461e-05
0.00011383266974007711
0.00011026034917449579
6.745052814949304e-05
9.315723582403734e-05
6.832173676230013e-05
6.89329972374253e-05
0.00010562429815763608
0.00010795878915814683
8.659835293656215e-05
8.18226471892558e-05
7.195381476776674e-05
7.013730646576732e-05
