2.076231002807617
2.06557035446167
2.046238422393799
2.0261967182159424
2.0040030479431152
1.9736714363098145
1.9400078058242798
1.9047422409057617
1.8763772249221802
1.8279309272766113
1.8026779890060425
1.7777283191680908
1.7315049171447754
1.6576606035232544
1.662412405014038
1.5851308107376099
1.58380126953125
1.4922962188720703
1.498703956604004
1.4683464765548706
1.4070408344268799
1.3618508577346802
1.2953921556472778
1.2665562629699707
1.2487998008728027
1.2019680738449097
1.192136526107788
1.1470189094543457
1.1150579452514648
1.1022489070892334
1.0724737644195557
1.0456520318984985
1.0523076057434082
1.0316909551620483
1.0332938432693481
0.9309433698654175
0.8795274496078491
0.8884277939796448
1.0030916929244995
0.8627110719680786
0.9451295137405396
0.9275966286659241
0.9287593960762024
0.8469728827476501
0.8141512870788574
0.8696953058242798
0.8608605265617371
0.8611942529678345
0.8364584445953369
0.7866829037666321
0.7431038022041321
0.8045305609703064
0.8194375038146973
0.7505277395248413
0.6825423240661621
0.715640127658844
0.7370703816413879
0.7491822242736816
0.6753241419792175
0.718046247959137
0.7494218945503235
0.6570382118225098
0.7315506339073181
0.7102502584457397
0.7183085083961487
0.6466450095176697
0.7361664772033691
0.6913139820098877
0.6482276320457458
0.7045279145240784
0.5921902060508728
0.6876916885375977
0.6489195823669434
0.6377279162406921
0.6358771324157715
0.6146315932273865
0.6092361807823181
0.6190599203109741
0.5456291437149048
0.600411593914032
0.6200950741767883
0.6528631448745728
0.6594663262367249
0.5673646330833435
0.5554565191268921
0.5428425073623657
0.6546835899353027
0.5870084166526794
0.6178939938545227
0.650840699672699
0.6223801374435425
0.56601482629776
0.5289233326911926
0.6260195970535278
0.5898588299751282
0.5928196310997009
0.588126003742218
0.5157062411308289
0.529453456401825
0.5659956932067871
0.5671893358230591
0.5356131792068481
0.45690882205963135
0.4888624846935272
0.5428875088691711
0.5595639944076538
0.4704223871231079
0.5271770358085632
0.5441475510597229
0.47304680943489075
0.5900387763977051
0.5499492287635803
0.5561037659645081
0.5086363554000854
0.592238187789917
0.5139527320861816
0.4836944043636322
0.5497691631317139
0.460439532995224
0.585060179233551
0.48783186078071594
0.4761016070842743
0.5079297423362732
0.4975382685661316
0.48901599645614624
0.5164507627487183
0.4401719272136688
0.4677264094352722
0.5136810541152954
0.5261005759239197
0.5485690236091614
0.461317777633667
0.4486592710018158
0.3963976204395294
0.5243023037910461
0.4898236095905304
0.4956342577934265
0.49809807538986206
0.47320520877838135
0.4738868474960327
0.4226444661617279
0.5083841681480408
0.46772637963294983
0.44786715507507324
0.4748961627483368
0.4245915412902832
0.4527702033519745
0.4714784622192383
0.4636092483997345
0.42717015743255615
0.3839927315711975
0.4069859981536865
0.46467405557632446
0.48938924074172974
0.4091467261314392
0.4650454521179199
0.4794711768627167
0.39499038457870483
0.5283005237579346
0.4952918291091919
0.49533340334892273
0.4250296950340271
0.5005159974098206
0.4153575301170349
0.4107860028743744
0.46522092819213867
0.4149845540523529
0.5358282327651978
0.4265572726726532
0.41159623861312866
0.4512345492839813
0.4186904728412628
0.44729408621788025
0.4424786865711212
0.4039933383464813
0.4656868278980255
0.47264039516448975
0.4711526930332184
0.4766661822795868
0.3974224328994751
0.43378227949142456
0.3512963652610779
0.43371477723121643
0.4395700991153717
0.42144766449928284
0.460985392332077
0.4360021948814392
0.4371959865093231
0.3559936285018921
0.4514148533344269
0.4444725215435028
0.39903491735458374
0.42249128222465515
0.36778032779693604
0.39716699719429016
0.4162151515483856
0.4106921851634979
0.4021303951740265
0.34961917996406555
0.3731255829334259
0.41052255034446716
0.4418209493160248
0.35148221254348755
0.4179036319255829
0.40274927020072937
0.34637415409088135
0.49957960844039917
0.45790112018585205
0.4372565448284149
0.36319130659103394
0.4570624828338623
0.36067116260528564
0.3817562460899353
0.4134756326675415
0.34603351354599
0.4754526615142822
0.3549635708332062
0.34813192486763
0.4069279730319977
0.37318655848503113
0.41547390818595886
0.4395667612552643
0.382323294878006
0.4099031984806061
0.4593738913536072
0.44881516695022583
0.46089982986450195
0.35947152972221375
0.41795551776885986
0.3499835133552551
0.47289755940437317
0.4080118238925934
0.4276008903980255
0.46215030550956726
0.4204576313495636
0.4092789590358734
0.36625194549560547
0.48098957538604736
0.4325674772262573
0.4116426706314087
0.42128705978393555
0.35322728753089905
0.36909183859825134
0.4253041744232178
0.3999132215976715
0.39729034900665283
0.36563512682914734
0.39842915534973145
0.43313392996788025
0.44657379388809204
0.3739898204803467
0.4202142655849457
0.4232032299041748
0.3889286518096924
0.4971480071544647
0.4696001708507538
0.4503573775291443
0.36476320028305054
0.4855464696884155
0.36442431807518005
0.3951897919178009
0.45226070284843445
0.35445016622543335
0.4662376046180725
0.3640297055244446
0.3677574396133423
0.367011159658432
0.349153608083725
0.3979629874229431
0.3638269007205963
0.30067357420921326
0.35450127720832825
0.3579959273338318
0.3803310692310333
0.39796704053878784
0.3200506567955017
0.38750767707824707
0.27462437748908997
0.4239240884780884
0.3916323184967041
0.38673684000968933
0.3902966380119324
0.39471617341041565
0.33679041266441345
0.36577126383781433
0.4230164587497711
0.366706907749176
0.3469431698322296
0.39597031474113464
0.3159015476703644
0.3421606421470642
0.3872685134410858
0.3380686342716217
0.3376203179359436
0.3290508985519409
0.3401772379875183
0.4129433035850525
0.43022122979164124
0.35545215010643005
0.387830525636673
0.3612655997276306
0.32517895102500916
0.45064777135849
0.4280758202075958
0.4258503019809723
0.33667248487472534
0.43311846256256104
0.3282637894153595
0.3337566554546356
0.3603270649909973
0.3125914931297302
0.47562557458877563
0.3600924611091614
0.30101388692855835
0.36595043540000916
0.35624760389328003
0.36320728063583374
0.3809540867805481
0.28656378388404846
0.37225520610809326
0.3365417420864105
0.3660830557346344
0.3643493056297302
0.31508517265319824
0.33652159571647644
0.2523247003555298
0.36241382360458374
0.3672265112400055
0.386745423078537
0.3299230933189392
0.34057843685150146
0.3338007926940918
0.278579443693161
0.3513357639312744
0.33054810762405396
0.2978578209877014
0.36405321955680847
0.2577444016933441
0.31713372468948364
0.3152804970741272
0.3395283818244934
0.3538319170475006
0.29648134112358093
0.3163100481033325
0.34087973833084106
0.4044620096683502
0.31257858872413635
0.3426242768764496
0.32920339703559875
0.2724100649356842
0.4423677623271942
0.400817334651947
0.40124380588531494
0.3062082529067993
0.38428789377212524
0.29881444573402405
0.2957494854927063
0.3482695519924164
0.2759009301662445
0.4083276391029358
0.3085556626319885
0.2926555275917053
0.34825676679611206
0.2904738783836365
0.32144641876220703
0.3366842567920685
0.27411025762557983
0.31339842081069946
0.3318822681903839
0.3431239128112793
0.35048481822013855
0.2763633131980896
0.3315590023994446
0.22439348697662354
0.354656457901001
0.3575553894042969
0.3806147575378418
0.332129567861557
0.32517990469932556
0.3207084834575653
0.2735137343406677
0.34637176990509033
0.36198821663856506
0.3005611002445221
0.34687280654907227
0.2428194135427475
0.3126426935195923
0.32962116599082947
0.30372506380081177
0.31288036704063416
0.25985950231552124
0.2568904161453247
0.33133256435394287
0.380992591381073
0.30507057905197144
0.3280247151851654
0.3210063576698303
0.26742568612098694
0.42179638147354126
0.3743050694465637
0.36608272790908813
0.2879417836666107
0.37445536255836487
0.27708280086517334
0.2997978925704956
0.32846373319625854
0.2884662449359894
0.3993951678276062
0.2907155156135559
0.2969021201133728
0.3084009289741516
0.2740350663661957
0.33228400349617004
0.3009812533855438
0.26089510321617126
0.3280097246170044
0.39554375410079956
0.34673723578453064
0.3726818561553955
0.2844960391521454
0.37100279331207275
0.3005124628543854
0.43799859285354614
0.38535967469215393
0.3884408175945282
0.4048798382282257
0.37908801436424255
0.41230255365371704
0.340232253074646
0.49055397510528564
0.38900965452194214
0.397019624710083
0.39579448103904724
0.32560256123542786
0.35419347882270813
0.3652953505516052
0.3505480885505676
0.32244983315467834
0.3003222644329071
0.35611799359321594
0.3732339143753052
0.4304594099521637
0.39432182908058167
0.38606327772140503
0.38754042983055115
0.31977152824401855
0.4398239850997925
0.43719157576560974
0.43437644839286804
0.32150939106941223
0.4743790626525879
0.3243660628795624
0.36171871423721313
0.3932839334011078
0.34501275420188904
0.4550899565219879
0.33704355359077454
0.34131819009780884
0.3336867392063141
0.3193340599536896
0.3382152020931244
0.30449095368385315
0.25912734866142273
0.3021453022956848
0.32834744453430176
0.3217708170413971
0.313032329082489
0.2672266662120819
0.3197486102581024
0.24885596334934235
0.33426716923713684
0.3277493715286255
0.3462769389152527
0.37212419509887695
0.32138872146606445
0.3323153257369995
0.2971709668636322
0.3158419728279114
0.3587498068809509
0.31798988580703735
0.34598949551582336
0.2776142954826355
0.35120511054992676
0.3342991769313812
0.32780352234840393
0.3249512314796448
0.29239311814308167
0.27800580859184265
0.33794790506362915
0.37888965010643005
0.3015655279159546
0.33603551983833313
0.3220067322254181
0.28526005148887634
0.4023028016090393
0.3559679090976715
0.3503665030002594
0.31533026695251465
0.3575306534767151
0.2720092833042145
0.29024332761764526
0.3075807988643646
0.28053808212280273
0.40523844957351685
0.28803741931915283
0.27171218395233154
0.300165593624115
0.29832249879837036
0.29270610213279724
0.30760785937309265
0.23641571402549744
0.2918945550918579
0.3107549548149109
0.30255410075187683
0.29004335403442383
0.23954777419567108
0.28605687618255615
0.21339350938796997
0.3135935962200165
0.32480156421661377
0.3224717676639557
0.29209354519844055
0.31745123863220215
0.3025992810726166
0.25563159584999084
0.3160886764526367
0.3554341793060303
0.287474662065506
0.3136347830295563
0.26113033294677734
0.3089038133621216
0.3005310297012329
0.27619725465774536
0.2913192808628082
0.2582509219646454
0.27818477153778076
0.3124701678752899
0.36986181139945984
0.28511378169059753
0.30350929498672485
0.28395476937294006
0.26597848534584045
0.3910607099533081
0.3666844666004181
0.35166114568710327
0.27472198009490967
0.33571571111679077
0.245937779545784
0.2809544801712036
0.3253830075263977
0.29329952597618103
0.39094609022140503
0.27311480045318604
0.25581589341163635
0.2887532413005829
0.28195273876190186
0.27702122926712036
0.3167172372341156
0.2339540421962738
0.2541605830192566
0.2959670424461365
0.3052111566066742
0.27782493829727173
0.20882079005241394
0.2793651819229126
0.20039688050746918
0.3043399155139923
0.30479249358177185
0.2968556582927704
0.295415461063385
0.29823023080825806
0.30780839920043945
0.25640082359313965
0.2942599356174469
0.3188839256763458
0.26131370663642883
0.3006872236728668
0.241532102227211
0.28089800477027893
0.28006798028945923
0.26542070508003235
0.25640416145324707
0.19668979942798615
0.2424752414226532
0.2871458828449249
0.34209543466567993
0.27445414662361145
0.2652929127216339
0.2609561085700989
0.23599226772785187
0.36473900079727173
0.3357408344745636
0.3315333127975464
0.23648639023303986
0.34906065464019775
0.24231505393981934
0.28513380885124207
0.33281445503234863
0.23587124049663544
0.36223191022872925
0.25382664799690247
0.24823032319545746
0.2655852735042572
0.2549113631248474
0.23537279665470123
0.24960216879844666
0.21721158921718597
0.2593116760253906
0.2901710867881775
0.3068355321884155
0.3036052882671356
0.23739133775234222
0.3170652985572815
0.23575684428215027
0.3539450764656067
0.3409254848957062
0.334377646446228
0.3324592411518097
0.3505936563014984
0.296805202960968
0.2825825810432434
0.36191269755363464
0.3383055329322815
0.32019633054733276
0.35847675800323486
0.30586278438568115
0.2822577655315399
0.3598859906196594
0.3069779872894287
0.2722170054912567
0.294216513633728
0.3291305899620056
0.36630979180336
0.416747510433197
0.35764554142951965
0.36992838978767395
0.35338926315307617
0.3169383108615875
0.41532906889915466
0.38200244307518005
0.37411120533943176
0.30246680974960327
0.454659104347229
0.32348984479904175
0.35022658109664917
0.4292255640029907
0.33541029691696167
0.42844825983047485
0.3574109971523285
0.3799057602882385
0.3592465817928314
0.3472171425819397
0.34496551752090454
0.3248414099216461
0.31070566177368164
0.33448711037635803
0.3838542103767395
0.3302063047885895
0.36078426241874695
0.26783016324043274
0.3091405928134918
0.25850749015808105
0.36433565616607666
0.35196295380592346
0.35405516624450684
0.37823745608329773
0.33478692173957825
0.34751132130622864
0.29956555366516113
0.37713369727134705
0.34725555777549744
0.33953529596328735
0.35011616349220276
0.2947506308555603
0.2908925712108612
0.33590391278266907
0.30547744035720825
0.29223260283470154
0.304930716753006
0.3079320192337036
0.38178718090057373
0.3868290185928345
0.3437134921550751
0.36568504571914673
0.3254336416721344
0.2940250337123871
0.398799329996109
0.3790793716907501
0.3789735436439514
0.2854301631450653
0.4525250494480133
0.2773521840572357
0.3319754898548126
0.37137389183044434
0.3166341781616211
0.37905195355415344
0.3215363025665283
0.3217442035675049
0.32248809933662415
0.3165104389190674
0.3275638818740845
0.30610930919647217
0.3598014712333679
0.365165650844574
0.41547855734825134
0.4174198806285858
0.37478816509246826
0.2677464187145233
0.35944586992263794
0.3114631175994873
0.37049317359924316
0.3805209994316101
0.36240750551223755
0.39218318462371826
0.3592089116573334
0.3523239493370056
0.32308000326156616
0.40482765436172485
0.3734439015388489
0.36545702815055847
0.38455304503440857
0.30705955624580383
0.28832387924194336
0.3751731216907501
0.3154483735561371
0.32553964853286743
0.33451715111732483
0.31236523389816284
0.3944820165634155
0.42331501841545105
0.3795866072177887
0.38800376653671265
0.3318939507007599
0.3376725912094116
0.4409819543361664
0.4362788200378418
0.43621742725372314
0.35496625304222107
0.43851912021636963
0.2818361222743988
0.3134590983390808
0.4068796932697296
0.3241807818412781
0.42305323481559753
0.34701377153396606
0.352487713098526
0.31517764925956726
0.38040584325790405
0.33603283762931824
0.3113347589969635
0.2833299934864044
0.2942848205566406
0.35751819610595703
0.3394111096858978
0.34537094831466675
0.2629355192184448
0.307626336812973
0.2692064940929413
0.346947580575943
0.3577365279197693
0.3501943051815033
0.379474401473999
0.34378528594970703
0.33735907077789307
0.30596107244491577
0.4117816984653473
0.35477250814437866
0.34196409583091736
0.4015028774738312
0.3100760281085968
0.2745700776576996
0.38254284858703613
0.33113476634025574
0.2930873930454254
0.26270654797554016
0.2770330309867859
0.37142226099967957
0.37540969252586365
0.3158525824546814
0.3519618809223175
0.30045977234840393
0.2708796262741089
0.37670430541038513
0.38975790143013
0.3942165672779083
0.2962512671947479
0.4049716293811798
0.25838878750801086
0.29835405945777893
0.3530280888080597
0.31086626648902893
0.3802577257156372
0.3281404972076416
0.32774803042411804
0.2898961305618286
0.31944096088409424
0.2955775558948517
0.27450379729270935
0.27588608860969543
0.2948565185070038
0.310779869556427
0.3206046223640442
0.31897029280662537
0.23464040458202362
0.2722552716732025
0.2431311160326004
0.32160651683807373
0.29612401127815247
0.3138360381126404
0.31959816813468933
0.3327978253364563
0.32672107219696045
0.3080688714981079
0.32758402824401855
0.311152845621109
0.2902469038963318
0.3562872111797333
0.2646172344684601
0.2673806846141815
0.3286671042442322
0.2839694917201996
0.2738327085971832
0.24039943516254425
0.27044782042503357
0.3238641917705536
0.3424481153488159
0.28274643421173096
0.3217255771160126
0.2870056927204132
0.28205549716949463
0.35734322667121887
0.362892746925354
0.3458961248397827
0.2744000554084778
0.35962599515914917
0.22186242043972015
0.25467193126678467
0.3061223328113556
0.2920415997505188
0.3544575273990631
0.2840529680252075
0.2803288996219635
0.24679528176784515
0.28800466656684875
0.25989797711372375
0.24749016761779785
0.2516406774520874
0.23920458555221558
0.3110285997390747
0.3127715587615967
0.296536386013031
0.2389019876718521
0.2459317445755005
0.23414801061153412
0.30318328738212585
0.2770771384239197
0.3201068639755249
0.33776959776878357
0.29235801100730896
0.33794426918029785
0.2845699191093445
0.3118809759616852
0.29886114597320557
0.2751600742340088
0.33190277218818665
0.23384366929531097
0.252799391746521
0.2996112108230591
0.2626653015613556
0.2701759934425354
0.23700091242790222
0.2832144498825073
0.28656432032585144
0.3168199360370636
0.25337308645248413
0.27826419472694397
0.2656491696834564
0.2556515038013458
0.3489694595336914
0.3417818546295166
0.31152376532554626
0.25091779232025146
0.33507704734802246
0.21491652727127075
0.2495531588792801
0.2949948012828827
0.2574712336063385
0.33211201429367065
0.2775646448135376
0.26251959800720215
0.23143017292022705
0.28849339485168457
0.2465297430753708
0.23691962659358978
0.26109352707862854
0.24287256598472595
0.28081756830215454
0.2864234745502472
0.2737225890159607
0.20879128575325012
0.25082412362098694
0.21216075122356415
0.25700631737709045
0.2606402635574341
0.27203044295310974
0.2887876331806183
0.28587231040000916
0.2982980012893677
0.2672268748283386
0.2906288802623749
0.2753264307975769
0.2509339153766632
0.3250258266925812
0.2252478152513504
0.22720588743686676
0.2910657227039337
0.2379046231508255
0.2366834431886673
0.22618208825588226
0.24793554842472076
0.27113378047943115
0.30505380034446716
0.2390691041946411
0.269875705242157
0.257400780916214
0.24588772654533386
0.34302833676338196
0.3311057984828949
0.3168196976184845
0.2339513897895813
0.3447827398777008
0.2322354018688202
0.24996061623096466
0.30273252725601196
0.27174755930900574
0.3537496328353882
0.2585657238960266
0.26239851117134094
0.22249974310398102
0.2516453266143799
0.23381850123405457
0.22207443416118622
0.25520986318588257
0.21583284437656403
0.2667408287525177
0.28701484203338623
0.24182642996311188
0.2062620371580124
0.24639374017715454
0.20186856389045715
0.2633230984210968
0.2556403875350952
0.27337077260017395
0.2772728204727173
0.26058241724967957
0.27191755175590515
0.23909521102905273
0.2893002927303314
0.25874602794647217
0.25531068444252014
0.3341257870197296
0.20209375023841858
0.2231191098690033
0.2761850953102112
0.23411919176578522
0.23650647699832916
0.22313229739665985
0.22735857963562012
0.26585572957992554
0.30886515974998474
0.21747156977653503
0.27239373326301575
0.2530355453491211
0.22454245388507843
0.3097226321697235
0.30111148953437805
0.2853926420211792
0.21951045095920563
0.31939974427223206
0.20613762736320496
0.22261255979537964
0.2749657928943634
0.24107053875923157
0.3049345016479492
0.2646096348762512
0.25186875462532043
0.2156418114900589
0.24621710181236267
0.21517901122570038
0.20774158835411072
0.2418961226940155
0.19591161608695984
0.2639273405075073
0.2689472734928131
0.2501465976238251
0.2025686353445053
0.23057760298252106
0.1928214281797409
0.25278541445732117
0.25186529755592346
0.27311885356903076
0.2640291154384613
0.2684940695762634
0.24977827072143555
0.23062923550605774
0.2673150300979614
0.25241410732269287
0.2274003028869629
0.3184014558792114
0.20863814651966095
0.21706566214561462
0.27784463763237
0.20876231789588928
0.21466192603111267
0.21136943995952606
0.22674277424812317
0.25626829266548157
0.29843127727508545
0.20512525737285614
0.2508786916732788
0.22834409773349762
0.20815441012382507
0.30211010575294495
0.2788517475128174
0.28771841526031494
0.194597065448761
0.29644784331321716
0.18852631747722626
0.20497097074985504
0.2601402699947357
0.24340178072452545
0.28821951150894165
0.2240259051322937
0.2368658185005188
0.20525090396404266
0.23403966426849365
0.21148212254047394
0.20327763259410858
0.21747562289237976
0.19967330992221832
0.2517247796058655
0.2507132887840271
0.21499738097190857
0.1859940141439438
0.21963807940483093
0.1761980503797531
0.24033169448375702
0.23911558091640472
0.2453717589378357
0.25234174728393555
0.24113549292087555
0.2422928363084793
0.2189648449420929
0.25324076414108276
0.22330763936042786
0.2330428808927536
0.3056464195251465
0.18843965232372284
0.20831561088562012
0.26504936814308167
0.20703986287117004
0.23177595436573029
0.21738462150096893
0.2263156920671463
0.24100390076637268
0.2872945964336395
0.21894870698451996
0.258474737405777
0.22916626930236816
0.21130496263504028
0.3112803101539612
0.2961336374282837
0.2991504371166229
0.2164459228515625
0.2859674096107483
0.19380426406860352
0.21201783418655396
0.27401408553123474
0.22897189855575562
0.29027098417282104
0.26398035883903503
0.2382265329360962
0.21396546065807343
0.26010605692863464
0.2158915102481842
0.2067120373249054
0.23048768937587738
0.21624737977981567
0.2548666000366211
0.2510300576686859
0.24122470617294312
0.1710229068994522
0.2191825807094574
0.1711946576833725
0.2443866729736328
0.23990236222743988
0.23994389176368713
0.25161340832710266
0.2772122323513031
0.23485133051872253
0.21924951672554016
0.262468159198761
0.24247555434703827
0.23060007393360138
0.3218007981777191
0.1983024775981903
0.2159210592508316
0.2820949852466583
0.22133521735668182
0.22672291100025177
0.22399897873401642
0.23275958001613617
0.24734660983085632
0.2826487421989441
0.21890005469322205
0.2571577727794647
0.2172025740146637
0.21626421809196472
0.30813857913017273
0.2845786213874817
0.29137280583381653
0.226437047123909
0.29011696577072144
0.17072683572769165
0.1964612752199173
0.276041716337204
0.2218806892633438
0.2880932092666626
0.23664414882659912
0.22307586669921875
0.2066534012556076
0.24024511873722076
0.2110816091299057
0.19064854085445404
0.23350279033184052
0.2034951001405716
0.24231566488742828
0.26014572381973267
0.2328374981880188
0.16962508857250214
0.20786073803901672
0.16645246744155884
0.23766063153743744
0.23684847354888916
0.23028936982154846
0.25465503334999084
0.24952305853366852
0.22531820833683014
0.20675164461135864
0.2620280981063843
0.22934265434741974
0.2077617347240448
0.2824048399925232
0.17312176525592804
0.20328372716903687
0.2668955624103546
0.21899670362472534
0.20534107089042664
0.1996297389268875
0.1919669806957245
0.23042736947536469
0.2563553750514984
0.2038293182849884
0.24544396996498108
0.20434343814849854
0.1911715418100357
0.3005017042160034
0.27503490447998047
0.2586210370063782
0.2060510218143463
0.26156744360923767
0.17561249434947968
0.1970755159854889
0.2523323893547058
0.20631486177444458
0.2646917700767517
0.2268914133310318
0.21374940872192383
0.20097263157367706
0.24142596125602722
0.2129482477903366
0.19203276932239532
0.2187231481075287
0.19109316170215607
0.23968879878520966
0.2530476748943329
0.22554126381874084
0.16660209000110626
0.20609691739082336
0.1687522977590561
0.2336319535970688
0.23134642839431763
0.22797761857509613
0.23520351946353912
0.24349984526634216
0.24006128311157227
0.22557653486728668
0.2554936408996582
0.24017472565174103
0.2150018811225891
0.28750669956207275
0.1857004016637802
0.20187096297740936
0.2523554563522339
0.19849367439746857
0.1983698159456253
0.1976681500673294
0.21816083788871765
0.23023617267608643
0.25337591767311096
0.20970138907432556
0.24807852506637573
0.21002154052257538
0.20043179392814636
0.3088993430137634
0.2553367018699646
0.2728988528251648
0.2239132672548294
0.26359909772872925
0.15204472839832306
0.19176924228668213
0.25256815552711487
0.1956663876771927
0.28424736857414246
0.23014546930789948
0.22097736597061157
0.18963919579982758
0.22484222054481506
0.20158997178077698
0.18500730395317078
0.2113465517759323
0.1895948201417923
0.22133441269397736
0.23981937766075134
0.20641069114208221
0.16831378638744354
0.1942705661058426
0.147864431142807
0.21355438232421875
0.24119360744953156
0.20720434188842773
0.22902464866638184
0.24239559471607208
0.2221270203590393
0.210129976272583
0.2635991871356964
0.2361535280942917
0.20844009518623352
0.2819878160953522
0.1801449954509735
0.19627800583839417
0.24274036288261414
0.18678292632102966
0.17898306250572205
0.18271854519844055
0.20843461155891418
0.21652205288410187
0.2485131174325943
0.18183434009552002
0.22594814002513885
0.2004210650920868
0.18781599402427673
0.2783587574958801
0.24511787295341492
0.24960528314113617
0.19646869599819183
0.24001993238925934
0.14252819120883942
0.18106797337532043
0.2160484343767166
0.19605211913585663
0.27724969387054443
0.21954353153705597
0.21478362381458282
0.18452589213848114
0.20393551886081696
0.18789908289909363
0.18581704795360565
0.20118191838264465
0.18908809125423431
0.22609955072402954
0.23643189668655396
0.19514910876750946
0.16384021937847137
0.18593277037143707
0.14742884039878845
0.21486875414848328
0.23023191094398499
0.2035139948129654
0.21537747979164124
0.23183205723762512
0.21011464297771454
0.1868268996477127
0.23964513838291168
0.22078575193881989
0.1917770802974701
0.27346116304397583
0.1825798749923706
0.1854487657546997
0.23088346421718597
0.18152734637260437
0.17744427919387817
0.17907728254795074
0.17840301990509033
0.21685010194778442
0.25674670934677124
0.18291990458965302
0.2253761738538742
0.19337429106235504
0.17649853229522705
0.2766432762145996
0.2541537880897522
0.24418866634368896
0.1831221580505371
0.24899068474769592
0.1440581977367401
0.18192854523658752
0.20911698043346405
0.18919844925403595
0.27691173553466797
0.21707703173160553
0.21285007894039154
0.16527777910232544
0.2049483358860016
0.19212259352207184
0.1667720079421997
0.20214858651161194
0.18128103017807007
0.2171323448419571
0.21703235805034637
0.19970321655273438
0.14685320854187012
0.18511030077934265
0.15169350802898407
0.19858938455581665
0.2218257188796997
0.19381459057331085
0.22227506339550018
0.21154262125492096
0.19790643453598022
0.19733485579490662
0.2327525019645691
0.20599283277988434
0.18223927915096283
0.2571430802345276
0.16384120285511017
0.1768413484096527
0.22526884078979492
0.19637621939182281
0.175437793135643
0.1792544722557068
0.17908474802970886
0.2135947048664093
0.2278527170419693
0.18737974762916565
0.19737420976161957
0.1901717483997345
0.17568974196910858
0.26890063285827637
0.24784761667251587
0.23843300342559814
0.18050739169120789
0.22950740158557892
0.1423751413822174
0.17825746536254883
0.20821762084960938
0.17837055027484894
0.2560868561267853
0.2197417914867401
0.20394568145275116
0.1784154325723648
0.18492281436920166
0.18434463441371918
0.17096497118473053
0.18333753943443298
0.1683727204799652
0.22056876122951508
0.19781474769115448
0.17184604704380035
0.13387836515903473
0.18740956485271454
0.13401775062084198
0.19453738629817963
0.20036517083644867
0.19231407344341278
0.21996669471263885
0.2087288200855255
0.19515755772590637
0.18700848519802094
0.22988873720169067
0.1913052797317505
0.16855572164058685
0.2523338198661804
0.17257581651210785
0.1828031986951828
0.2222270965576172
0.16802941262722015
0.17226551473140717
0.16258639097213745
0.17267251014709473
0.20829059183597565
0.223089337348938
0.17314667999744415
0.19259746372699738
0.19938644766807556
0.17672522366046906
0.23965296149253845
0.24571023881435394
0.23724576830863953
0.1673407405614853
0.24657531082630157
0.15090952813625336
0.18070624768733978
0.2136046141386032
0.1916026622056961
0.2656016945838928
0.199965238571167
0.19396324455738068
0.1840573102235794
0.18364715576171875
0.1676316112279892
0.16829456388950348
0.20550385117530823
0.16147355735301971
0.20622733235359192
0.19764278829097748
0.1694723516702652
0.14324632287025452
0.17026832699775696
0.1272277683019638
0.17719443142414093
0.1977013200521469
0.18937431275844574
0.1998876929283142
0.18099579215049744
0.19876629114151
0.18793243169784546
0.2298172563314438
0.18073730170726776
0.19457437098026276
0.23892639577388763
0.1633247584104538
0.18596507608890533
0.20898377895355225
0.17968957126140594
0.17081131041049957
0.19372068345546722
0.17518401145935059
0.18681396543979645
0.2173415571451187
0.17426401376724243
0.21785083413124084
0.17612199485301971
0.15859869122505188
0.26016658544540405
0.22657816112041473
0.2254561185836792
0.17879584431648254
0.24725714325904846
0.1437496691942215
0.17210961878299713
0.2190876007080078
0.17684444785118103
0.25595366954803467
0.20575442910194397
0.18333189189434052
0.1955159604549408
0.19149337708950043
0.18759214878082275
0.16573470830917358
0.18512187898159027
0.16652776300907135
0.19900758564472198
0.21248343586921692
0.19286797940731049
0.13679656386375427
0.1634686440229416
0.1517074555158615
0.20011308789253235
0.20941162109375
0.17837075889110565
0.19611722230911255
0.1930382251739502
0.20057281851768494
0.18572986125946045
0.2330687940120697
0.19033434987068176
0.1740633249282837
0.2424793541431427
0.17312240600585938
0.18886803090572357
0.22410722076892853
0.17823345959186554
0.17051370441913605
0.189849853515625
0.17516237497329712
0.1902826875448227
0.2238500714302063
0.1648733764886856
0.19435447454452515
0.19131074845790863
0.1571948081254959
0.26767459511756897
0.2266872227191925
0.2259037345647812
0.17291247844696045
0.22148877382278442
0.13158439099788666
0.16354528069496155
0.1878056675195694
0.1680266559123993
0.23758238554000854
0.1854047179222107
0.19030530750751495
0.17088682949543
0.17614413797855377
0.17583811283111572
0.1634666919708252
0.17989669740200043
0.1528497338294983
0.191023588180542
0.1820468157529831
0.17771439254283905
0.13032738864421844
0.16185015439987183
0.14663168787956238
0.19858068227767944
0.19667519629001617
0.1661069095134735
0.19936572015285492
0.1905805617570877
0.18209341168403625
0.16591979563236237
0.20725983381271362
0.17970143258571625
0.17610114812850952
0.2502542734146118
0.1689496636390686
0.1831987053155899
0.19648675620555878
0.1592993587255478
0.16197307407855988
0.17359617352485657
0.15913943946361542
0.1839510202407837
0.21237371861934662
0.15059250593185425
0.19310635328292847
0.17390750348567963
0.15182267129421234
0.2359098643064499
0.20615822076797485
0.20458628237247467
0.16461578011512756
0.19394968450069427
0.12960930168628693
0.15096653997898102
0.18536099791526794
0.16571153700351715
0.2209700345993042
0.1704823076725006
0.17602300643920898
0.15881098806858063
0.162705197930336
0.1672319918870926
0.14308899641036987
0.16871339082717896
0.15408746898174286
0.19059865176677704
0.16584612429141998
0.15649616718292236
0.1204632967710495
0.1593354493379593
0.12876193225383759
0.18721608817577362
0.19750183820724487
0.161727637052536
0.1781778782606125
0.1866893619298935
0.19168686866760254
0.17887991666793823
0.21945635974407196
0.1836908757686615
0.1530817300081253
0.22425711154937744
0.15472397208213806
0.1837153434753418
0.19172894954681396
0.15998497605323792
0.16101635992527008
0.15941855311393738
0.15633422136306763
0.16770364344120026
0.21611331403255463
0.15594448149204254
0.17701567709445953
0.17645566165447235
0.14740708470344543
0.23291504383087158
0.22014467418193817
0.19936800003051758
0.15169307589530945
0.18966986238956451
0.12281183153390884
0.14821989834308624
0.1835751086473465
0.1565886288881302
0.20953689515590668
0.17879310250282288
0.15447433292865753
0.14900724589824677
0.1742510199546814
0.15323016047477722
0.1436360776424408
0.16961106657981873
0.14146719872951508
0.1779140830039978
0.1741480678319931
0.16260172426700592
0.11639630049467087
0.16463418304920197
0.11076918989419937
0.16947712004184723
0.17722618579864502
0.15753069519996643
0.18353694677352905
0.17260046303272247
0.17579962313175201
0.16800077259540558
0.2058921605348587
0.165421262383461
0.14528095722198486
0.22298073768615723
0.13265036046504974
0.16642123460769653
0.180171400308609
0.13999593257904053
0.14504386484622955
0.13808263838291168
0.1492348313331604
0.16782428324222565
0.20738756656646729
0.13711421191692352
0.16804182529449463
0.16737836599349976
0.1513291448354721
0.22744405269622803
0.22702324390411377
0.19388142228126526
0.14545753598213196
0.18579474091529846
0.12064564228057861
0.14390383660793304
0.17483358085155487
0.16530071198940277
0.22331753373146057
0.1792822927236557
0.1642167866230011
0.14322683215141296
0.16731995344161987
0.15485826134681702
0.15783677995204926
0.160115584731102
0.13792486488819122
0.17108944058418274
0.16152800619602203
0.14883580803871155
0.11087917536497116
0.16091452538967133
0.13334894180297852
0.1857287436723709
0.16651985049247742
0.14686356484889984
0.17071430385112762
0.16161669790744781
0.18158364295959473
0.15996786952018738
0.20833145081996918
0.1596364825963974
0.15092997252941132
0.209766685962677
0.14130747318267822
0.16855904459953308
0.18261751532554626
0.13852128386497498
0.16783934831619263
0.15790192782878876
0.1403396874666214
0.17953284084796906
0.18702059984207153
0.1486135870218277
0.18557366728782654
0.15744434297084808
0.14872120320796967
0.22992070019245148
0.20196911692619324
0.23658928275108337
0.15699103474617004
0.18545973300933838
0.11800782382488251
0.15963192284107208
0.16850657761096954
0.15663960576057434
0.2362791895866394
0.1893836259841919
0.17390428483486176
0.15386255085468292
0.15575987100601196
0.1688956916332245
0.1660207211971283
0.164070725440979
0.1476145088672638
0.18398338556289673
0.17568950355052948
0.178049698472023
0.1187739446759224
0.16906411945819855
0.13172651827335358
0.20427677035331726
0.19084447622299194
0.1670055240392685
0.18521258234977722
0.17573480308055878
0.16711914539337158
0.16079962253570557
0.20790132880210876
0.1686684936285019
0.15836688876152039
0.2199682891368866
0.13541878759860992
0.15777160227298737
0.20408013463020325
0.1482672393321991
0.15952453017234802
0.1643223911523819
0.1489364057779312
0.1726597100496292
0.17862139642238617
0.13734836876392365
0.18276835978031158
0.17180298268795013
0.14798584580421448
0.22457386553287506
0.1911495178937912
0.21705526113510132
0.1547767072916031
0.19268719851970673
0.1348288506269455
0.15453244745731354
0.16314487159252167
0.14700540900230408
0.23954100906848907
0.17292414605617523
0.16271717846393585
0.13913646340370178
0.16076283156871796
0.14856581389904022
0.15417833626270294
0.16364863514900208
0.13990207016468048
0.17153744399547577
0.1730528026819229
0.14774365723133087
0.11235593259334564
0.1514279991388321
0.11263507604598999
0.17724554240703583
0.16528503596782684
0.15771083533763885
0.16485919058322906
0.16308528184890747
0.14934316277503967
0.1586499810218811
0.1949884295463562
0.1577320098876953
0.1420060694217682
0.20465216040611267
0.13058261573314667
0.16344532370567322
0.1749083399772644
0.15612806379795074
0.13806550204753876
0.14425545930862427
0.13153104484081268
0.16424600780010223
0.18123163282871246
0.15234288573265076
0.17456962168216705
0.15488649904727936
0.13644318282604218
0.21396395564079285
0.17558696866035461
0.19607265293598175
0.13936610519886017
0.18228796124458313
0.1130414754152298
0.14169466495513916
0.1732177436351776
0.15175247192382812
0.19409170746803284
0.171843022108078
0.16519103944301605
0.12747789919376373
0.1518709808588028
0.1532483845949173
0.14563307166099548
0.1542399525642395
0.1379132866859436
0.16991214454174042
0.16028623282909393
0.14278505742549896
0.10898377746343613
0.1517781764268875
0.1128915324807167
0.18030692636966705
0.19679313898086548
0.15452344715595245
0.1799847036600113
0.17060989141464233
0.16521990299224854
0.1510026901960373
0.20193910598754883
0.16882017254829407
0.15422028303146362
0.19979701936244965
0.12936708331108093
0.15663011372089386
0.1798514574766159
0.15025126934051514
0.14441710710525513
0.1540660262107849
0.1481747180223465
0.17165246605873108
0.16845232248306274
0.1354931890964508
0.1734737604856491
0.15972313284873962
0.13327522575855255
0.20736967027187347
0.1697872430086136
0.18015331029891968
0.12783554196357727
0.17174740135669708
0.11336597800254822
0.14131760597229004
0.1628955751657486
0.14632472395896912
0.18937166035175323
0.1754036545753479
0.15835510194301605
0.1500610113143921
0.1412232220172882
0.14240194857120514
0.13376840949058533
0.1505637764930725
0.14348533749580383
0.15800300240516663
0.1639615297317505
0.14784467220306396
0.12320541590452194
0.1411772519350052
0.0957597866654396
0.17225304245948792
0.18189477920532227
0.13304956257343292
0.16652552783489227
0.15817096829414368
0.16243548691272736
0.14840960502624512
0.1756192296743393
0.1515234112739563
0.14583350718021393
0.1925247460603714
0.13953566551208496
0.1490018218755722
0.15849104523658752
0.13814884424209595
0.13975730538368225
0.12139297276735306
0.13849236071109772
0.1629786640405655
0.1878454089164734
0.1425163894891739
0.16211649775505066
0.16682489216327667
0.14439992606639862
0.2178056687116623
0.15910471975803375
0.17038775980472565
0.155565544962883
0.17396874725818634
0.11404158920049667
0.1298823058605194
0.16760334372520447
0.15362000465393066
0.19568969309329987
0.1503603458404541
0.14909985661506653
0.13128527998924255
0.14005956053733826
0.14635922014713287
0.13004070520401
0.1521969586610794
0.1395036280155182
0.15863850712776184
0.1621895730495453
0.16302381455898285
0.1201687902212143
0.1376921683549881
0.11047845333814621
0.18211904168128967
0.17903101444244385
0.1561073362827301
0.16378431022167206
0.15470510721206665
0.1448182463645935
0.13465438783168793
0.16858437657356262
0.16055919229984283
0.13500961661338806
0.21708063781261444
0.1309049278497696
0.1471230536699295
0.1806921809911728
0.13941211998462677
0.16177523136138916
0.13225093483924866
0.126784548163414
0.17915309965610504
0.16279685497283936
0.15184606611728668
0.17808198928833008
0.15800580382347107
0.1410306990146637
0.19572241604328156
0.18945235013961792
0.19464647769927979
0.15070906281471252
0.19478817284107208
0.11430644243955612
0.15124520659446716
0.14957760274410248
0.145696759223938
0.2180304080247879
0.15930603444576263
0.1478271782398224
0.13190245628356934
0.14339929819107056
0.13333435356616974
0.13667595386505127
0.15123775601387024
0.13405729830265045
0.15529166162014008
0.13890625536441803
0.13551095128059387
0.10657931864261627
0.13694331049919128
0.13112011551856995
0.16840116679668427
0.16504010558128357
0.13352537155151367
0.14745736122131348
0.14517425000667572
0.13211007416248322
0.14060519635677338
0.1677379161119461
0.1591017097234726
0.1363932341337204
0.19628019630908966
0.11958487331867218
0.14847558736801147
0.1650124192237854
0.14204789698123932
0.13589294254779816
0.12284839153289795
0.13090179860591888
0.1407509297132492
0.1713222712278366
0.13526110351085663
0.1345083862543106
0.1567322015762329
0.12431178241968155
0.1842256486415863
0.15522179007530212
0.16486342251300812
0.1313881129026413
0.17989742755889893
0.10265808552503586
0.131079763174057
0.143550306558609
0.1554752141237259
0.1918066442012787
0.1518082469701767
0.12916810810565948
0.135175883769989
0.1284424066543579
0.12869758903980255
0.12171881645917892
0.15176361799240112
0.11263515055179596
0.15182077884674072
0.1410086452960968
0.1278621107339859
0.10675760358572006
0.1386021077632904
0.1047888919711113
0.14917925000190735
0.1652366816997528
0.1219557374715805
0.149522602558136
0.13630160689353943
0.12900057435035706
0.14786890149116516
0.16682322323322296
0.13448934257030487
0.1314072459936142
0.18896619975566864
0.11299426108598709
0.13161776959896088
0.1363244503736496
0.12815536558628082
0.13136816024780273
0.12159951776266098
0.1206403523683548
0.15028700232505798
0.1595889925956726
0.13443583250045776
0.14763565361499786
0.1444915533065796
0.12795390188694
0.17758780717849731
0.15341496467590332
0.1720321923494339
0.12022286653518677
0.1557483822107315
0.10059259831905365
0.12180640548467636
0.13927361369132996
0.13205905258655548
0.1627839207649231
0.14764609932899475
0.1301257312297821
0.12593232095241547
0.1298045814037323
0.13647502660751343
0.11365560442209244
0.12854845821857452
0.11319361627101898
0.15220937132835388
0.13076752424240112
0.12671217322349548
0.10284532606601715
0.13213205337524414
0.10878057777881622
0.15903602540493011
0.16027487814426422
0.124119833111763
0.13689462840557098
0.13204644620418549
0.14433147013187408
0.12204975634813309
0.15748757123947144
0.1424090564250946
0.13090915977954865
0.18278604745864868
0.12025389075279236
0.14297670125961304
0.1464836150407791
0.13028015196323395
0.12516306340694427
0.12170173227787018
0.1275794357061386
0.16104824841022491
0.1680983006954193
0.1119338870048523
0.1359180361032486
0.12894073128700256
0.12527631223201752
0.17526733875274658
0.15758192539215088
0.16242370009422302
0.12624725699424744
0.14404238760471344
0.09694932401180267
0.1163603886961937
0.13823972642421722
0.1401449292898178
0.1647084653377533
0.1476438343524933
0.13259008526802063
0.11912880837917328
0.12819285690784454
0.13689027726650238
0.1141345351934433
0.12546144425868988
0.1103232130408287
0.1498178243637085
0.13263949751853943
0.12444934248924255
0.10268710553646088
0.12688635289669037
0.09546633064746857
0.1471044421195984
0.13806086778640747
0.10619821399450302
0.12218587845563889
0.1410919576883316
0.12026572972536087
0.12660399079322815
0.14369522035121918
0.12195137143135071
0.1214471310377121
0.1650519073009491
0.10681410878896713
0.13412673771381378
0.12766341865062714
0.11587327718734741
0.12291453033685684
0.12466467171907425
0.11456818133592606
0.12396273761987686
0.1441398561000824
0.11657292395830154
0.13348768651485443
0.13459892570972443
0.11038297414779663
0.1562439501285553
0.13493454456329346
0.14816060662269592
0.10221567749977112
0.13870443403720856
0.08362816274166107
0.09647610783576965
0.13906241953372955
0.11864843964576721
0.1552504599094391
0.1339656114578247
0.12214291095733643
0.11656239628791809
0.11544694006443024
0.13998261094093323
0.10895716398954391
0.12218505144119263
0.10462771356105804
0.14066451787948608
0.1359514594078064
0.11474538594484329
0.09744898974895477
0.11748817563056946
0.09831491857767105
0.14642560482025146
0.13829611241817474
0.11123848706483841
0.1227199137210846
0.12298005819320679
0.12162066996097565
0.12437643110752106
0.13906675577163696
0.11332076787948608
0.10418310761451721
0.16549290716648102
0.10791376233100891
0.1254931539297104
0.12356048077344894
0.10177372395992279
0.11795330792665482
0.1083197295665741
0.11247207969427109
0.11347508430480957
0.13465413451194763
0.1038324385881424
0.13175703585147858
0.11843404918909073
0.09085489064455032
0.15693911910057068
0.14038729667663574
0.13744916021823883
0.112489715218544
0.13181613385677338
0.07882904261350632
0.0931193009018898
0.1196976974606514
0.12226380407810211
0.14546464383602142
0.12661518156528473
0.12631581723690033
0.10370521247386932
0.10161136090755463
0.11535721272230148
0.10470835119485855
0.11236349493265152
0.1110595166683197
0.12913498282432556
0.1227821633219719
0.11581047624349594
0.09156057238578796
0.11552044749259949
0.08137160539627075
0.13068754971027374
0.13438284397125244
0.13313263654708862
0.14240732789039612
0.12751632928848267
0.13978774845600128
0.14830583333969116
0.15358968079090118
0.13231076300144196
0.15020006895065308
0.1816646307706833
0.11160479485988617
0.1488669365644455
0.14366915822029114
0.15684813261032104
0.14729996025562286
0.1617150902748108
0.15685603022575378
0.1926211565732956
0.20180106163024902
0.13099674880504608
0.17953181266784668
0.15511058270931244
0.13567577302455902
0.23112615942955017
0.1833161860704422
0.20383818447589874
0.1511438637971878
0.22490639984607697
0.13925701379776
0.13127762079238892
0.15949910879135132
0.158925861120224
0.21935796737670898
0.14171485602855682
0.16392245888710022
0.13711017370224
0.13938038051128387
0.1516716182231903
0.12786242365837097
0.14653649926185608
0.11975722014904022
0.1668238490819931
0.17235225439071655
0.1573244333267212
0.12235864251852036
0.16866835951805115
0.11331771314144135
0.16738316416740417
0.18516601622104645
0.1938115805387497
0.20413242280483246
0.168305903673172
0.1705819070339203
0.17809700965881348
0.19290941953659058
0.15920919179916382
0.16128948330879211
0.2069428712129593
0.12419352680444717
0.1614040583372116
0.17618750035762787
0.1632102131843567
0.12553350627422333
0.1500396579504013
0.14647211134433746
0.1681414544582367
0.18096968531608582
0.13642574846744537
0.18940342962741852
0.1610034704208374
0.1429595947265625
0.20714838802814484
0.15717878937721252
0.1824120581150055
0.12579724192619324
0.20803336799144745
0.13549917936325073
0.13400481641292572
0.18574875593185425
0.15762779116630554
0.21303249895572662
0.1368824541568756
0.16447965800762177
0.12972119450569153
0.13263896107673645
0.12401165068149567
0.12506169080734253
0.1582220196723938
0.1343611478805542
0.1668601632118225
0.17383533716201782
0.12199336290359497
0.1325550526380539
0.14489197731018066
0.09914245456457138
0.14118637144565582
0.18092329800128937
0.1514693647623062
0.18446588516235352
0.16551902890205383
0.18220309913158417
0.16266117990016937
0.1653122752904892
0.1465829312801361
0.1619158238172531
0.19200970232486725
0.11871270835399628
0.14108528196811676
0.18221797049045563
0.1783522218465805
0.1540495902299881
0.16072587668895721
0.1584550142288208
0.1591702550649643
0.23860397934913635
0.17864374816417694
0.2625080645084381
0.2161065638065338
0.173165425658226
0.2749185264110565
0.24079561233520508
0.2594292461872101
0.1847241371870041
0.287597119808197
0.17651447653770447
0.21125681698322296
0.21405605971813202
0.22447602450847626
0.29482895135879517
0.18059013783931732
0.22133956849575043
0.194911926984787
0.19399669766426086
0.17860879004001617
0.22530914843082428
0.1774713695049286
0.20013727247714996
0.2168087512254715
0.24076586961746216
0.21790842711925507
0.1719839870929718
0.24300794303417206
0.15671148896217346
0.179481640458107
0.2143128216266632
0.21232090890407562
0.22450144588947296
0.22201305627822876
0.2125604897737503
0.20464695990085602
0.19858615100383759
0.2313036024570465
0.22841180860996246
0.2539673149585724
0.2073703557252884
0.24361683428287506
0.20044316351413727
0.2058553397655487
0.2350555956363678
0.21948465704917908
0.161997988820076
0.22400961816310883
0.27454674243927
0.204559788107872
0.2343420386314392
0.20210056006908417
0.1794261634349823
0.3282688856124878
0.24412283301353455
0.24538758397102356
0.17894333600997925
0.2720172107219696
0.14655815064907074
0.2175128161907196
0.2481606900691986
0.20162905752658844
0.2572142481803894
0.1783105731010437
0.16083873808383942
0.17607583105564117
0.17600703239440918
0.16555072367191315
0.1620642989873886
0.18848367035388947
0.17256231606006622
0.20077715814113617
0.216730535030365
0.19570478796958923
0.1482364386320114
0.17590013146400452
0.12413480877876282
0.17943252623081207
0.21224310994148254
0.18340854346752167
0.18577903509140015
0.19962847232818604
0.19475261867046356
0.1989646852016449
0.17563669383525848
0.1733471155166626
0.21656018495559692
0.20800910890102386
0.17021769285202026
0.1913456916809082
0.19384394586086273
0.16889619827270508
0.17747186124324799
0.1592370718717575
0.1363411843776703
0.18669800460338593
0.23847296833992004
0.16730177402496338
0.1797007918357849
0.16627228260040283
0.15553177893161774
0.27554506063461304
0.19348208606243134
0.19849878549575806
0.15392854809761047
0.21394242346286774
0.13235221803188324
0.17603649199008942
0.21496257185935974
0.17637860774993896
0.22444398701190948
0.14225248992443085
0.13510818779468536
0.15352439880371094
0.15926384925842285
0.13320955634117126
0.1480041891336441
0.1620401293039322
0.16132426261901855
0.16938766837120056
0.1839396059513092
0.16351909935474396
0.11678927391767502
0.16133102774620056
0.11308456212282181
0.15600979328155518
0.20785197615623474
0.16542132198810577
0.1657436341047287
0.1911570280790329
0.14407332241535187
0.16146357357501984
0.1523103266954422
0.16610313951969147
0.18368999660015106
0.20751802623271942
0.13651038706302643
0.15270668268203735
0.17708717286586761
0.14653678238391876
0.13987372815608978
0.15733470022678375
0.10799924284219742
0.16100162267684937
0.1960810422897339
0.13708865642547607
0.16718663275241852
0.14092156291007996
0.12293784320354462
0.24104899168014526
0.16873420774936676
0.16755318641662598
0.14496977627277374
0.17198939621448517
0.1195807084441185
0.14463849365711212
0.19248326122760773
0.16832825541496277
0.19612537324428558
0.12340546399354935
0.1294301301240921
0.12318755686283112
0.13141736388206482
0.1140453964471817
0.13736319541931152
0.14838600158691406
0.13160787522792816
