2.076231002807617
2.065568685531616
2.04630708694458
2.025853395462036
2.003021240234375
1.9734638929367065
1.941400170326233
1.9080954790115356
1.8822219371795654
1.8365180492401123
1.8151129484176636
1.7907952070236206
1.747613549232483
1.6752902269363403
1.6812618970870972
1.6161092519760132
1.6162512302398682
1.5279816389083862
1.5417581796646118
1.518523931503296
1.4538109302520752
1.4072470664978027
1.3439298868179321
1.3202290534973145
1.304060697555542
1.2572486400604248
1.254912257194519
1.202413558959961
1.173687219619751
1.1605395078659058
1.111333966255188
1.0984042882919312
1.0969324111938477
1.0871516466140747
1.0915241241455078
0.9949730038642883
0.9291841387748718
0.9313369393348694
1.0529524087905884
0.9090324640274048
1.006632924079895
0.962033212184906
0.9614391922950745
0.8945292234420776
0.84636390209198
0.9289202690124512
0.9151374697685242
0.9054880142211914
0.8816743493080139
0.8321278095245361
0.8061428070068359
0.8604603409767151
0.8457066416740417
0.7950263023376465
0.7225646376609802
0.7482956647872925
0.7622071504592896
0.7804189920425415
0.7467436790466309
0.7886982560157776
0.7821913957595825
0.6956321597099304
0.7842273712158203
0.7591564655303955
0.7859057188034058
0.693514347076416
0.7608959674835205
0.7343668341636658
0.6921111345291138
0.7439096570014954
0.6464600563049316
0.71938157081604
0.6564381718635559
0.6461829543113708
0.6765737533569336
0.6442036032676697
0.6280157566070557
0.6485223174095154
0.5848650932312012
0.6024620532989502
0.6624301671981812
0.6826224327087402
0.6852636337280273
0.5870308876037598
0.5660495162010193
0.537244975566864
0.6484068632125854
0.5908769965171814
0.6326174139976501
0.5966841578483582
0.6268362998962402
0.5575121641159058
0.5347186923027039
0.6293772459030151
0.594740629196167
0.5978302955627441
0.6267117261886597
0.5322149395942688
0.5616204738616943
0.5948081016540527
1.8943277597427368
1.5707377195358276
1.4025828838348389
1.3661359548568726
1.305012583732605
1.1997607946395874
1.190505027770996
1.104956865310669
1.0954382419586182
0.9433887004852295
0.95505291223526
0.9553964138031006
0.9060320258140564
0.8343820571899414
0.8849086761474609
0.8580217361450195
0.7850228548049927
0.8198995590209961
0.753028929233551
0.8330044746398926
0.7844589948654175
0.765952467918396
0.7547138929367065
0.7613519430160522
0.7620120048522949
0.7330121994018555
0.6879000067710876
0.6622819304466248
0.8084362149238586
0.8002657294273376
0.7763103246688843
0.6899666786193848
0.6824668049812317
0.6238579750061035
0.7629061341285706
0.6558660864830017
0.7184839844703674
0.7297608852386475
0.7747355103492737
0.6603623032569885
0.6381538510322571
0.6745337843894958
0.6837305426597595
0.6869385838508606
0.7030149102210999
0.6222206354141235
0.61171954870224
0.6729331016540527
0.6444383859634399
0.5881810188293457
0.5440002083778381
0.6054643988609314
0.6221575736999512
0.6141656041145325
0.5746974945068359
0.5840980410575867
0.6207420825958252
0.5344505906105042
0.6441500186920166
0.634609580039978
0.5944145917892456
0.5391719937324524
0.5981151461601257
0.5489231944084167
0.5355613827705383
0.6111335158348083
0.5085716843605042
0.5783957242965698
0.5064648389816284
0.49749475717544556
0.5179636478424072
0.533214271068573
0.49155786633491516
0.4955245554447174
0.466513991355896
0.48735642433166504
0.5794010758399963
0.5434091687202454
0.5865451693534851
0.4805506765842438
0.46847784519195557
0.4233846664428711
0.5387296676635742
0.5144250392913818
0.47946134209632874
0.5413861870765686
0.5478196144104004
0.49362748861312866
0.4813939332962036
0.5026493668556213
0.5340036749839783
0.5091520547866821
0.5775046348571777
0.46673160791397095
0.4817616939544678
0.530755877494812
0.4737238585948944
0.471702516078949
0.40752285718917847
0.4123574495315552
0.5006616115570068
0.4881734251976013
0.4482152760028839
0.46123161911964417
0.43897899985313416
0.39597779512405396
0.5200652480125427
0.4865522086620331
0.4583037197589874
0.42205044627189636
0.4523472487926483
0.41975608468055725
0.42454755306243896
0.4675230085849762
0.4045732915401459
0.5012928247451782
0.41866737604141235
0.40539705753326416
0.44030776619911194
0.4655676782131195
0.3811119496822357
0.39987993240356445
0.39115259051322937
0.4028651714324951
0.49176549911499023
0.44919365644454956
0.4443044364452362
0.3853038251399994
0.3942062258720398
0.32912561297416687
0.45163795351982117
0.4189442992210388
0.3954302668571472
0.4439423084259033
0.42649051547050476
0.3846794366836548
0.38857486844062805
0.4282877743244171
0.4221375286579132
0.4086744785308838
0.459461510181427
0.33754390478134155
0.39641663432121277
0.4396846294403076
0.37910833954811096
0.338217556476593
0.31152695417404175
0.2931978404521942
0.4061187207698822
0.4069664776325226
0.3733677268028259
0.3673337399959564
0.323982834815979
0.29824426770210266
0.4564712643623352
0.432787150144577
0.3906850218772888
0.3369307518005371
0.35977694392204285
0.31728559732437134
0.2969912886619568
0.34525495767593384
0.31764668226242065
0.44904011487960815
0.31561195850372314
0.3291838765144348
0.35970380902290344
0.3676129877567291
0.29882553219795227
0.34296488761901855
0.2923734784126282
0.3286588788032532
0.41073620319366455
0.3909166157245636
0.3537518084049225
0.32513299584388733
0.3389671742916107
0.2672082185745239
0.3644951283931732
0.35846349596977234
0.2971498370170593
0.36357417702674866
0.35904040932655334
0.3089323043823242
0.31033310294151306
0.35421526432037354
0.37181732058525085
0.3051290512084961
0.4019249975681305
0.2644205689430237
0.3209279179573059
0.37826669216156006
0.3134760856628418
0.29384735226631165
0.2629142105579376
0.2671264410018921
0.350125789642334
0.33696094155311584
0.31900790333747864
0.2870377004146576
0.27081242203712463
0.27798429131507874
0.33763396739959717
0.37088432908058167
0.2979453206062317
0.2969125509262085
0.2986043393611908
0.24286246299743652
0.2667132318019867
0.3258257210254669
0.2742234468460083
0.4302704334259033
0.26483556628227234
0.272665411233902
0.2991068959236145
0.3109498918056488
0.2595463693141937
0.28264108300209045
0.25431501865386963
0.26861828565597534
0.33164265751838684
0.33521196246147156
0.30929839611053467
0.2888340950012207
0.2887338697910309
0.282126247882843
0.38012978434562683
0.3162505626678467
0.2506057322025299
0.3483506739139557
0.37371504306793213
0.29089733958244324
0.3047124743461609
0.29723209142684937
0.349873423576355
0.3014884293079376
0.32630908489227295
0.22702696919441223
0.3134830594062805
0.35545170307159424
0.2521573305130005
0.24516071379184723
0.2641647160053253
0.2359093278646469
0.3217110335826874
0.2980051040649414
0.3111042380332947
0.28496894240379333
0.2796702980995178
0.2553151845932007
0.32969561219215393
0.3277049660682678
0.308175265789032
0.2725698947906494
0.30806684494018555
0.22810304164886475
0.26596799492836
0.299774706363678
0.26720479130744934
0.4223690927028656
0.22688311338424683
0.2706232964992523
0.2704697549343109
0.3168666660785675
0.23124875128269196
0.25422990322113037
0.23868830502033234
0.2365015596151352
0.29563263058662415
0.3272766172885895
0.3046760857105255
0.2790379822254181
0.2941271960735321
0.20120945572853088
0.3209785521030426
0.31645405292510986
0.24526000022888184
0.28791898488998413
0.33701351284980774
0.26803383231163025
0.250708669424057
0.31760644912719727
0.3438287377357483
0.255788654088974
0.2786325216293335
0.2064153403043747
0.26343780755996704
0.32333093881607056
0.23128946125507355
0.19477204978466034
0.22960874438285828
0.2162012904882431
0.2963775098323822
0.2608344852924347
0.25194987654685974
0.23332329094409943
0.25197339057922363
0.2127808779478073
0.2967687249183655
0.2983570396900177
0.25207987427711487
0.2872854173183441
0.3036448061466217
0.2197985053062439
0.21948745846748352
0.2851678729057312
0.2183234691619873
0.3737927973270416
0.2181767374277115
0.2168246954679489
0.2484595626592636
0.2998248338699341
0.2221423089504242
0.22216738760471344
0.23077654838562012
0.19757966697216034
0.2972831428050995
0.2766008675098419
0.24521775543689728
0.2315950244665146
0.2441405951976776
0.18803244829177856
0.24946705996990204
0.2688019275665283
0.20864814519882202
0.295899361371994
0.2969343364238739
0.24261175096035004
0.2711239159107208
0.2500639855861664
0.29670190811157227
0.2543635070323944
0.28612202405929565
0.1940433531999588
0.26833009719848633
0.2821665406227112
0.22973117232322693
0.21156537532806396
0.19775982201099396
0.19990180432796478
0.2722770571708679
0.2478785365819931
0.21836766600608826
0.20196864008903503
0.23206563293933868
0.1896817535161972
0.2660357654094696
0.2749752402305603
0.2391442060470581
0.22527004778385162
0.25626927614212036
0.21260195970535278
0.2105802297592163
0.2726881206035614
0.2077435553073883
0.3433675467967987
0.20234042406082153
0.22494204342365265
0.21233633160591125
0.24277730286121368
0.21938207745552063
0.20718121528625488
0.2398473471403122
0.19064344465732574
0.26931604743003845
0.27035731077194214
0.24342022836208344
0.24656255543231964
0.21631895005702972
0.1767158955335617
0.2396753579378128
0.2481047362089157
0.19205822050571442
0.26779693365097046
0.2687843143939972
0.25942176580429077
0.256476491689682
0.265433669090271
0.2648213803768158
0.22541165351867676
0.26824045181274414
0.20000943541526794
0.2711162865161896
0.2929450273513794
0.23485800623893738
0.1965014487504959
0.19863513112068176
0.1796649992465973
0.2600729763507843
0.2029515504837036
0.2296026349067688
0.2328539490699768
0.24036701023578644
0.1868518590927124
0.2992399036884308
0.2755754590034485
0.20954017341136932
0.2379245012998581
0.2345047891139984
0.18715262413024902
0.2142525017261505
0.2577841281890869
0.19480760395526886
0.37953105568885803
0.20670504868030548
0.18295571208000183
0.21236318349838257
0.24521712958812714
0.16529734432697296
0.19275212287902832
0.19945576786994934
0.183539479970932
0.31737908720970154
0.2614615261554718
0.2478245049715042
0.21921861171722412
0.20161691308021545
0.15054325759410858
0.2345588505268097
0.2518264353275299
0.20446129143238068
0.24634842574596405
0.22351983189582825
0.21887637674808502
0.20610295236110687
0.2213510125875473
0.23625493049621582
0.2105720341205597
0.25083422660827637
0.17112813889980316
0.2333187758922577
0.24654927849769592
0.17981159687042236
0.17471978068351746
0.18626081943511963
0.15949001908302307
0.2309969812631607
0.19622619450092316
0.23553931713104248
0.20731757581233978
0.20868656039237976
0.1621484011411667
0.22108282148838043
0.2444867193698883
0.23663055896759033
0.2318750023841858
0.20815090835094452
0.14979994297027588
0.17971743643283844
0.2552272081375122
0.18620885908603668
0.32418709993362427
0.18767529726028442
0.16863085329532623
0.20864532887935638
0.22174261510372162
0.18898087739944458
0.15585456788539886
0.17026188969612122
0.16873745620250702
0.21524176001548767
0.21816934645175934
0.19693820178508759
0.21103623509407043
0.17980721592903137
0.13277599215507507
0.22672800719738007
0.2182469367980957
0.1587803065776825
0.2352069914340973
0.24630261957645416
0.22211432456970215
0.22029364109039307
0.20976519584655762
0.2119208425283432
0.19540941715240479
0.19248025119304657
0.17700254917144775
0.2264324575662613
0.25546514987945557
0.18856756389141083
0.1692715734243393
0.16785237193107605
0.15189354121685028
0.24627982079982758
0.20077769458293915
0.22547519207000732
0.20452187955379486
0.20860162377357483
0.14911864697933197
0.217656672000885
0.23859921097755432
0.21252961456775665
0.21692480146884918
0.20072372257709503
0.15813326835632324
0.16626809537410736
0.2570628225803375
0.21126195788383484
0.2977011203765869
0.19242428243160248
0.17182298004627228
0.1963304877281189
0.22952383756637573
0.19598370790481567
0.1583114117383957
0.14730538427829742
0.16645260155200958
0.18811553716659546
0.19630534946918488
0.21061886847019196
0.18231415748596191
0.20928193628787994
0.15579082071781158
0.2174656093120575
0.22141514718532562
0.17353305220603943
0.19418573379516602
0.21029998362064362
0.18683035671710968
0.20355373620986938
0.1847710907459259
0.20756635069847107
0.19278742372989655
0.21638815104961395
0.14784036576747894
0.23161891102790833
0.20357805490493774
0.17347857356071472
0.16604755818843842
0.15198568999767303
0.14006873965263367
0.21784186363220215
0.1906227171421051
0.18120048940181732
0.17108367383480072
0.16987398266792297
0.1513146013021469
0.222945898771286
0.22768911719322205
0.18333005905151367
0.20838510990142822
0.20400092005729675
0.1508370339870453
0.16641275584697723
0.2139984369277954
0.17182950675487518
0.29286104440689087
0.1751144975423813
0.18886323273181915
0.17472656071186066
0.20743124186992645
0.16732226312160492
0.1622634381055832
0.17221695184707642
0.15210269391536713
0.22384615242481232
0.20368166267871857
0.1661992222070694
0.18261632323265076
0.18254192173480988
0.12501168251037598
0.22516274452209473
0.20865954458713531
0.16124476492404938
0.19924333691596985
0.1984902024269104
0.19706159830093384
0.2285066694021225
0.20695459842681885
0.22093535959720612
0.16577619314193726
0.18839333951473236
0.17168132960796356
0.23178987205028534
0.23920702934265137
0.2192898839712143
0.18318410217761993
0.1670084297657013
0.1552356332540512
0.2283884584903717
0.2022244930267334
0.19630157947540283
0.21964125335216522
0.19258657097816467
0.18691590428352356
0.23901137709617615
0.23213419318199158
0.17511166632175446
0.1960429549217224
0.22882628440856934
0.16561754047870636
0.1825595647096634
0.25361666083335876
0.18187835812568665
0.30356577038764954
0.1478281468153
0.14494892954826355
0.16681088507175446
0.21086733043193817
0.16957582533359528
0.14718380570411682
0.16733722388744354
0.14062361419200897
0.20983758568763733
0.18381516635417938
0.19467370212078094
0.1542985886335373
0.1853785216808319
0.12334977090358734
0.2269718497991562
0.22381019592285156
0.1431860774755478
0.1965368390083313
0.1800609976053238
0.17493589222431183
0.22218945622444153
0.2171308547258377
0.23587417602539062
0.21395067870616913
0.2066381573677063
0.15588586032390594
0.22860415279865265
0.27583545446395874
0.2083095908164978
0.21655727922916412
0.16232909262180328
0.1834941804409027
0.2136278748512268
0.2128877192735672
0.24420827627182007
0.13418671488761902
0.20090630650520325
0.17036475241184235
0.22602130472660065
0.2757958471775055
0.18474872410297394
0.1787176877260208
0.2137228399515152
0.13780422508716583
0.16608671844005585
0.2629832625389099
0.17389975488185883
0.35574543476104736
0.15512272715568542
0.1776082068681717
0.17411834001541138
0.20714974403381348
0.1685706377029419
0.147248774766922
0.1699707806110382
0.1548011153936386
0.21729381382465363
0.19649390876293182
0.1769815981388092
0.14928144216537476
0.16545745730400085
0.1512324959039688
0.22576360404491425
0.20554789900779724
0.15447232127189636
0.1710406094789505
0.19682683050632477
0.16845355927944183
0.17946986854076385
0.22247566282749176
0.22200430929660797
0.20390655100345612
0.2085135579109192
0.14601656794548035
0.22018030285835266
0.22346769273281097
0.17482046782970428
0.1486794799566269
0.16367089748382568
0.14368459582328796
0.21190588176250458
0.22638541460037231
0.1977156698703766
0.15941092371940613
0.16685746610164642
0.15515291690826416
0.22038307785987854
0.2567906379699707
0.1866297423839569
0.18658849596977234
0.20769116282463074
0.11951280385255814
0.15827924013137817
0.23939639329910278
0.17968182265758514
0.32751452922821045
0.12870433926582336
0.1677437722682953
0.13333627581596375
0.18686315417289734
0.12342742085456848
0.14523272216320038
0.15071001648902893
0.13039420545101166
0.1881544440984726
0.16837744414806366
0.16850607097148895
0.15048542618751526
0.18142008781433105
0.12532086670398712
0.2207532376050949
0.1686224341392517
0.14601276814937592
0.1924816220998764
0.2001979649066925
0.17829087376594543
0.1660347282886505
0.21558056771755219
0.18926629424095154
0.19327327609062195
0.20049211382865906
0.16222411394119263
0.19068439304828644
0.18932439386844635
0.16277620196342468
0.14066211879253387
0.16924361884593964
0.14670144021511078
0.1995476931333542
0.20527750253677368
0.18740949034690857
0.14547741413116455
0.17815186083316803
0.1352592408657074
0.25123825669288635
0.26082539558410645
0.1556350439786911
0.17811855673789978
0.19382977485656738
0.12427660077810287
0.15055827796459198
0.23087196052074432
0.14994804561138153
0.28447869420051575
0.14708460867404938
0.15103186666965485
0.14169850945472717
0.20877930521965027
0.1457219421863556
0.13360078632831573
0.13143162429332733
0.12916846573352814
0.19775770604610443
0.1705368608236313
0.16738446056842804
0.15796181559562683
0.16473230719566345
0.11520543694496155
0.1662830412387848
0.18841028213500977
0.1190832331776619
0.1958894282579422
0.17695379257202148
0.14133192598819733
0.17802934348583221
0.17302903532981873
0.19836440682411194
0.17002759873867035
0.16580986976623535
0.14875875413417816
0.18557962775230408
0.21288418769836426
0.15170276165008545
0.17086799442768097
0.13664261996746063
0.12890024483203888
0.20691882073879242
0.18253690004348755
0.1500220000743866
0.12580843269824982
0.1595880538225174
0.12648095190525055
0.18144606053829193
0.2250024527311325
0.1437350958585739
0.15340843796730042
0.17002297937870026
0.13102418184280396
0.14108920097351074
0.2061809003353119
0.15829461812973022
0.30906444787979126
0.14932066202163696
0.12791594862937927
0.1362002044916153
0.17789660394191742
0.12721329927444458
0.11865122616291046
0.11971651762723923
0.1421341598033905
0.18296223878860474
0.20091721415519714
0.16397540271282196
0.14556178450584412
0.1489529311656952
0.0837906077504158
0.21670681238174438
0.1467667818069458
0.13588108122348785
0.1571924388408661
0.19166167080402374
0.14810757339000702
0.14920799434185028
0.17756737768650055
0.18872752785682678
0.15435095131397247
0.19058552384376526
0.13614948093891144
0.1839405596256256
0.20303575694561005
0.14753489196300507
0.14305202662944794
0.14058181643486023
0.14392708241939545
0.21401654183864594
0.18479901552200317
0.16102614998817444
0.13878406584262848
0.1699550449848175
0.15000689029693604
0.20559585094451904
0.20251846313476562
0.13799665868282318
0.16655825078487396
0.1872798502445221
0.12125159054994583
0.1176539734005928
0.19555264711380005
0.1569092869758606
0.2968640625476837
0.14635619521141052
0.11956845223903656
0.12445412576198578
0.14270439743995667
0.14502637088298798
0.10446029901504517
0.10643591731786728
0.1253732442855835
0.20109492540359497
0.1808406114578247
0.15465709567070007
0.12778450548648834
0.13669024407863617
0.0901702493429184
0.17917987704277039
0.16452965140342712
0.1403733640909195
0.1446896344423294
0.15527495741844177
0.1398523449897766
0.15982286632061005
0.1473965346813202
0.18770819902420044
0.1277284026145935
0.13788484036922455
0.1254277378320694
0.17553681135177612
0.16858239471912384
0.1215951070189476
0.1410117894411087
0.11475937068462372
0.12491520494222641
0.1688319593667984
0.15415453910827637
0.15309344232082367
0.1112307757139206
0.130036860704422
0.12218081206083298
0.16490130126476288
0.18893010914325714
0.1435570865869522
0.11074234545230865
0.1489412784576416
0.09686624258756638
0.12329927831888199
0.15719735622406006
0.1647680252790451
0.2672433853149414
0.11989443749189377
0.1251474916934967
0.13514000177383423
0.17706847190856934
0.13144676387310028
0.09453172236680984
0.09599871188402176
0.10075288265943527
0.13358062505722046
0.15113873779773712
0.13197091221809387
0.1097821593284607
0.12849389016628265
0.08182505518198013
0.17540296912193298
0.1411757469177246
0.1232583150267601
0.1509576439857483
0.16567696630954742
0.14938566088676453
0.12933795154094696
0.15010252594947815
0.1528010368347168
0.1379057615995407
0.11651384085416794
0.11984298378229141
0.1534193754196167
0.1388377994298935
0.1038355678319931
0.11908671259880066
0.1073756292462349
0.1264847368001938
0.14222614467144012
0.14117677509784698
0.12833313643932343
0.12309698760509491
0.12406162917613983
0.10743329674005508
0.18620052933692932
0.17812177538871765
0.12971697747707367
0.103929802775383
0.17417895793914795
0.10368520766496658
0.12339596450328827
0.19511811435222626
0.13178326189517975
0.24231256544589996
0.09494534879922867
0.12588423490524292
0.15543030202388763
0.16162824630737305
0.11095022410154343
0.10127883404493332
0.09764964133501053
0.09967538714408875
0.14351464807987213
0.1861511617898941
0.1245288997888565
0.12400569021701813
0.13881146907806396
0.08996903896331787
0.1794939786195755
0.1436556726694107
0.13038918375968933
0.17548327147960663
0.20242373645305634
0.15506595373153687
0.15305586159229279
0.17339754104614258
0.1770690530538559
0.1325455904006958
0.15066899359226227
0.11403335630893707
0.15533290803432465
0.20126821100711823
0.10709880292415619
0.1120007336139679
0.12647289037704468
0.12261492013931274
0.13159607350826263
0.16627302765846252
0.12544533610343933
0.12481889873743057
0.1251840591430664
0.09636520594358444
0.16576555371284485
0.1461624950170517
0.11924363672733307
0.12100861966609955
0.13861289620399475
0.11365928500890732
0.1093907505273819
0.17347311973571777
0.17348578572273254
0.26005104184150696
0.10912492126226425
0.11119753122329712
0.13871753215789795
0.1728384643793106
0.14042380452156067
0.10363351553678513
0.10213819891214371
0.09916157275438309
0.14113584160804749
0.14371944963932037
0.13971728086471558
0.1380246877670288
0.1297856569290161
0.07871279865503311
0.131576806306839
0.12944909930229187
0.11637967824935913
0.18028682470321655
0.1561191976070404
0.14314904808998108
0.1307114213705063
0.13664744794368744
0.15926332771778107
0.12058279663324356
0.1282559186220169
0.09471284598112106
0.14534376561641693
0.19024978578090668
0.10500732064247131
0.10919270664453506
0.12675602734088898
0.10316251963376999
0.1454506516456604
0.1353999674320221
0.12116627395153046
0.1204645112156868
0.12340915948152542
0.11843287944793701
0.15153594315052032
0.14259380102157593
0.13847190141677856
0.117377370595932
0.12662845849990845
0.10365677624940872
0.12078691273927689
0.1637791097164154
0.1385059803724289
0.2919999957084656
0.12290284037590027
0.150464728474617
0.14795544743537903
0.1478555053472519
0.13733860850334167
0.11846258491277695
0.12140265107154846
0.12095113843679428
0.17374563217163086
0.16535630822181702
0.14608930051326752
0.12884047627449036
0.15213704109191895
0.10472932457923889
0.15919393301010132
0.17188240587711334
0.13965249061584473
0.1680200695991516
0.1784670352935791
0.1479683369398117
0.16316062211990356
0.1439777910709381
0.18056277930736542
0.1410565972328186
0.11565107107162476
0.11654429882764816
0.15167948603630066
0.18325649201869965
0.12427689135074615
0.10881291329860687
0.14163140952587128
0.11826115101575851
0.17331562936306
0.14260613918304443
0.13777156174182892
0.1080734133720398
0.1337447315454483
0.11467675119638443
0.16695939004421234
0.17098553478717804
0.17874929308891296
0.14113187789916992
0.18258117139339447
0.10806820541620255
0.14189045131206512
0.1876678764820099
0.1317247748374939
0.26279908418655396
0.1250694990158081
0.13723525404930115
0.1310838907957077
0.16019746661186218
0.11588669568300247
0.0987749770283699
0.10187368094921112
0.1169532984495163
0.13275180757045746
0.17233259975910187
0.1365116685628891
0.1652473360300064
0.28297698497772217
0.48789218068122864
0.5303716063499451
0.4955637753009796
0.22878088057041168
0.18071186542510986
0.22497345507144928
0.1378771811723709
0.22663703560829163
0.19813895225524902
0.22384117543697357
0.26520487666130066
0.24096441268920898
0.1991070955991745
0.25868895649909973
0.29159221053123474
0.17501327395439148
0.17179709672927856
0.16359667479991913
0.17320477962493896
0.25537434220314026
0.1892736256122589
0.21139101684093475
0.19596678018569946
0.18188583850860596
0.1478392630815506
0.24061405658721924
0.26880696415901184
0.16844873130321503
0.17832879722118378
0.1861303150653839
0.17032524943351746
0.16688033938407898
0.20932729542255402
0.16377636790275574
0.2697067856788635
0.17091289162635803
0.15826408565044403
0.17921686172485352
0.19125041365623474
0.17924264073371887
0.174675852060318
0.11173810809850693
0.12513986229896545
0.153188094496727
0.21752290427684784
0.1646648645401001
0.156499445438385
0.1807008981704712
0.15389755368232727
0.1500302106142044
0.17963267862796783
0.1600600928068161
0.20347100496292114
0.18974392116069794
0.1751915067434311
0.1726764291524887
0.20669510960578918
0.203988179564476
0.1853753924369812
0.16963595151901245
0.11843251436948776
0.19651855528354645
0.19463227689266205
0.16147832572460175
0.12581002712249756
0.15214520692825317
0.12266817688941956
0.1953178346157074
0.19500985741615295
0.17004944384098053
0.12429383397102356
0.15015779435634613
0.12554746866226196
0.17762219905853271
0.18624041974544525
0.13038058578968048
0.11659682542085648
0.16186349093914032
0.1017080768942833
0.12948469817638397
0.18078482151031494
0.13792280852794647
0.25397229194641113
0.12199994176626205
0.1250850260257721
0.11841475963592529
0.16064028441905975
0.13032166659832
0.09960641711950302
0.09433531016111374
0.11339803040027618
0.1396922916173935
0.15316487848758698
0.11936371773481369
0.11140558868646622
0.1061316728591919
0.09315362572669983
0.16076423227787018
0.1505313217639923
0.14200127124786377
0.18818865716457367
0.15483057498931885
0.14991989731788635
0.14278702437877655
0.15073919296264648
0.1710895150899887
0.1421811729669571
0.1393209993839264
0.10627563297748566
0.16025808453559875
0.1788235306739807
0.12583298981189728
0.12093258649110794
0.11206738650798798
0.11750689893960953
0.18417231738567352
0.14829465746879578
0.14293864369392395
0.11016356945037842
0.1200677827000618
0.10597583651542664
0.1516530066728592
0.16449487209320068
0.10934355109930038
0.09788151830434799
0.14511385560035706
0.07124657928943634
0.10907301306724548
0.16332820057868958
0.1145472377538681
0.2187061756849289
0.08293533325195312
0.09987514466047287
0.10350266844034195
0.14232760667800903
0.1153690367937088
0.09603306651115417
0.0793788805603981
0.09996995329856873
0.10487040877342224
0.12574021518230438
0.09832290560007095
0.1036859080195427
0.09361165016889572
0.08498424291610718
0.14416730403900146
0.11930863559246063
0.12616035342216492
0.14800235629081726
0.14513732492923737
0.11914410442113876
0.11772532016038895
0.12798692286014557
0.15331436693668365
0.11340047419071198
0.12318844348192215
0.09306814521551132
0.13401323556900024
0.1391700804233551
0.11497077345848083
0.0961933434009552
0.09872402995824814
0.11620564013719559
0.14673995971679688
0.13804900646209717
0.13109798729419708
0.09942130744457245
0.10382743924856186
0.08715244382619858
0.12267139554023743
0.15448209643363953
0.1141902431845665
0.08943046629428864
0.11135060340166092
0.07066458463668823
0.10816957801580429
0.15803930163383484
0.10867252200841904
0.20633572340011597
0.07814940065145493
0.07997135818004608
0.10101700574159622
0.11828386783599854
0.11180149763822556
0.10665838420391083
0.08387927711009979
0.08966480195522308
0.11573104560375214
0.12518222630023956
0.10436961054801941
0.10765940696001053
0.09557557106018066
0.08459607511758804
0.1295941174030304
0.14231985807418823
0.10892495512962341
0.1403672695159912
0.1502816528081894
0.11805541813373566
0.10250557214021683
0.112977534532547
0.12917420268058777
0.08907909691333771
0.09798861294984818
0.08416017144918442
0.12154142558574677
0.11540805548429489
0.08303262293338776
0.09747133404016495
0.09727984666824341
0.1061832532286644
0.1407044529914856
0.11905724555253983
0.12157309800386429
0.09366609156131744
0.10019506514072418
0.07625151425600052
0.119819775223732
0.14786002039909363
0.08409499377012253
0.08667708933353424
0.09483755379915237
0.06154915317893028
0.09679367393255234
0.15613290667533875
0.10333749651908875
0.16548751294612885
0.06352229416370392
0.08805830031633377
0.08785393089056015
0.10120350122451782
0.09751563519239426
0.08109131455421448
0.0743342712521553
0.0785885825753212
0.095695860683918
0.1298704594373703
0.08622343093156815
0.0870497077703476
0.0965590849518776
0.06811466813087463
0.1305856853723526
0.12229865044355392
0.09480071812868118
0.1388292908668518
0.13298039138317108
0.09514553099870682
0.09042709320783615
0.10717886686325073
0.12469393014907837
0.07324548810720444
0.10499950498342514
0.08552588522434235
0.14097779989242554
0.11242019385099411
0.07225323468446732
0.08280663937330246
0.08868840336799622
0.08134479075670242
0.13949716091156006
0.1024852842092514
0.10262423008680344
0.08901858329772949
0.08978552371263504
0.0666767954826355
0.09659793972969055
0.13986435532569885
0.08145391941070557
0.0842783972620964
0.10117241740226746
0.05986637994647026
0.1027902290225029
0.13683176040649414
0.08939829468727112
0.1678345650434494
0.06593102216720581
0.09183460474014282
0.0721360594034195
0.08746260404586792
0.07955928891897202
0.07200364023447037
0.06849749386310577
0.07394957542419434
0.09749838709831238
0.1273333728313446
0.07178843766450882
0.08508259057998657
0.09517638385295868
0.07331360876560211
0.08928088843822479
0.11480290442705154
0.1008920818567276
0.11606357991695404
0.11744145303964615
0.08801116049289703
0.09717661887407303
0.10554827749729156
0.11401814222335815
0.0847434550523758
0.08844905346632004
0.07701588422060013
0.11675004661083221
0.09780851751565933
0.08248671889305115
0.08904922753572464
0.08218135684728622
0.08472500741481781
0.1259995400905609
0.09523031860589981
0.09738481044769287
0.08365383744239807
0.0995403528213501
0.06234555318951607
0.10357537865638733
0.14871864020824432
0.07732797414064407
0.07009699940681458
0.11384159326553345
0.05988750979304314
0.09728900343179703
0.14599154889583588
0.08261407166719437
0.17886100709438324
0.058796633034944534
0.08393379300832748
0.06598077714443207
0.1019437238574028
0.08794231712818146
0.07004444301128387
0.06629884243011475
0.0730057805776596
0.08786802738904953
0.10259302705526352
0.07016647607088089
0.06974301487207413
0.09542867541313171
0.07057332247495651
0.11801853775978088
0.09566875547170639
0.11038532853126526
0.1320565640926361
0.1217883750796318
0.09050949662923813
0.10927366465330124
0.09937430173158646
0.1080327183008194
0.0788278728723526
0.08355153352022171
0.05864719673991203
0.11763307452201843
0.10143155604600906
0.08333541452884674
0.08842524886131287
0.08014614135026932
0.07750575989484787
0.10991077125072479
0.09784689545631409
0.08352862298488617
0.07319775968790054
0.08732451498508453
0.05762936547398567
0.09370920807123184
0.13431018590927124
0.07039965689182281
0.06112852692604065
0.11037992686033249
0.05447986349463463
0.10094589740037918
0.135206401348114
0.08769220858812332
0.17277692258358002
0.06218579784035683
0.062151335179805756
0.07181266695261002
0.084342360496521
0.0812746211886406
0.07043808698654175
0.06026337295770645
0.07119947671890259
0.09210079908370972
0.11197405308485031
0.07230131328105927
0.07837682962417603
0.10003792494535446
0.07395441830158234
0.11420700699090958
0.10434791445732117
0.09909442812204361
0.11742531508207321
0.1278916597366333
0.08133622258901596
0.08145642280578613
0.09508348256349564
0.12957288324832916
0.07147560268640518
0.07495430111885071
0.062246497720479965
0.11244811862707138
0.10225159674882889
0.08038768172264099
0.076810322701931
0.07884132117033005
0.07212024927139282
0.128739595413208
0.08534732460975647
0.07852119952440262
0.07560940831899643
0.08581767976284027
0.06742995232343674
0.09187106788158417
0.13418123126029968
0.07140514254570007
0.05861027538776398
0.11225241422653198
0.05585220456123352
0.09474688768386841
0.1331242322921753
0.08300511538982391
0.16514189541339874
0.05957018584012985
0.0651252418756485
0.07224243134260178
0.08960514515638351
0.07848227024078369
0.07636436820030212
0.06287343800067902
0.08259643614292145
0.09312169998884201
0.12077058851718903
0.07002877444028854
0.07721594721078873
0.08818890899419785
0.06990931928157806
0.09479064494371414
0.08701646327972412
0.08547283709049225
0.0886751264333725
0.1268421709537506
0.09502031654119492
0.08356697857379913
0.12054116278886795
0.12310661375522614
0.07605981826782227
0.07749534398317337
0.05673378333449364
0.10334274172782898
0.1043228879570961
0.08093748986721039
0.0785503014922142
0.0913211852312088
0.07113369554281235
0.11434497684240341
0.09163859486579895
0.08580835163593292
0.08889655023813248
0.08095425367355347
0.06981577724218369
0.0922149121761322
0.12304910272359848
0.06640056520700455
0.051056768745183945
0.09097297489643097
0.04784892871975899
0.08872414380311966
0.1246865838766098
0.06840399652719498
0.13406530022621155
0.051869817078113556
0.060235437005758286
0.07250954210758209
0.08891134709119797
0.08641231805086136
0.07269009947776794
0.06163293123245239
0.07899346947669983
0.0718100517988205
0.08751890808343887
0.06976161152124405
0.06605588644742966
0.08407079428434372
0.056775256991386414
0.09941893815994263
0.09999844431877136
0.06914887577295303
0.09288505464792252
0.12142402678728104
0.07016011327505112
0.07391967624425888
0.08941184729337692
0.09962531924247742
0.05864535644650459
0.07490020245313644
0.06498817354440689
0.1033620536327362
0.09877379238605499
0.07303399592638016
0.07978224009275436
0.08252735435962677
0.07223117351531982
0.10200326889753342
0.08697494864463806
0.08438687026500702
0.07467184960842133
0.07979033887386322
0.06487230211496353
0.07714785635471344
0.11952368170022964
0.08216359466314316
0.06779788434505463
0.08443953841924667
0.049021754413843155
0.07564996182918549
0.11676724255084991
0.07319320738315582
0.140193372964859
0.053150273859500885
0.06535908579826355
0.06669643521308899
0.08290344476699829
0.07222484797239304
0.05714056268334389
0.06062167510390282
0.07674139738082886
0.07739665359258652
0.08128274977207184
0.06696479022502899
0.07895857840776443
0.09483827650547028
0.06153063848614693
0.08711199462413788
0.08641048520803452
0.07331928610801697
0.09812799096107483
0.11591586470603943
0.07125069946050644
0.07049553841352463
0.08240219205617905
0.0920848473906517
0.05418979749083519
0.05802854895591736
0.05073295533657074
0.08964501321315765
0.09367077052593231
0.07279013097286224
0.061954792588949203
0.07646899670362473
0.06422112882137299
0.10040529817342758
0.08104924112558365
0.07740802317857742
0.06999554485082626
0.07063894718885422
0.05410993844270706
0.07891631871461868
0.10055460780858994
0.06535139679908752
0.0537567101418972
0.07869281619787216
0.056187037378549576
0.07321814447641373
0.10948403179645538
0.06297335028648376
0.1389506310224533
0.0435759536921978
0.057568009942770004
0.05884239822626114
0.08052930980920792
0.0736914724111557
0.05892298370599747
0.045249294489622116
0.0706622377038002
0.07319294661283493
0.09984160214662552
0.06831716001033783
0.061574872583150864
0.09013979136943817
0.053096696734428406
0.07973160594701767
0.08551104366779327
0.06781880557537079
0.10413766652345657
0.10803569853305817
0.07099215686321259
0.07753724604845047
0.09169511497020721
0.10367689281702042
0.072604700922966
0.0680374801158905
0.054616376757621765
0.10365095734596252
0.09076341986656189
0.0752001702785492
0.07058367133140564
0.09246654063463211
0.0681871771812439
0.09875030070543289
0.0890490785241127
0.07383796572685242
0.06743232905864716
0.07791127264499664
0.060491226613521576
0.08686107397079468
0.1069452241063118
0.0654103010892868
0.05439680442214012
0.08365610241889954
0.056437212973833084
0.07981304079294205
0.12092428654432297
0.07109901309013367
0.13614851236343384
0.050322260707616806
0.07703818380832672
0.06443455070257187
0.06935399025678635
0.08359973877668381
0.06371573358774185
0.061643101274967194
0.050285834819078445
0.08148211985826492
0.0988209918141365
0.05831602215766907
0.0821809321641922
0.09279481321573257
0.05797069892287254
0.07578170299530029
0.08220325410366058
0.06931322813034058
0.09555941820144653
0.10292332619428635
0.06755202263593674
0.06936921179294586
0.07388920336961746
0.09712383896112442
0.047844499349594116
0.061044808477163315
0.06144458055496216
0.08417245745658875
0.08318231999874115
0.06680561602115631
0.06762102246284485
0.0640958920121193
0.07488858699798584
0.07733817398548126
0.09548544138669968
0.06958658993244171
0.07563433796167374
0.09380339086055756
0.059462327510118484
0.08156971633434296
0.11300618201494217
0.07432220131158829
0.05584990978240967
0.061797913163900375
0.050533145666122437
0.07297446578741074
0.127313494682312
0.07835257053375244
0.1345381736755371
0.04785427823662758
0.07908904552459717
0.06373091042041779
0.07049504667520523
0.06897339224815369
0.05373426154255867
0.049952432513237
0.047035910189151764
0.07029624283313751
0.10295566916465759
0.05956044793128967
0.07103519886732101
0.08153776824474335
0.05599851533770561
0.09491241723299026
0.08406491577625275
0.08594042807817459
0.10297483205795288
0.11095940321683884
0.07285267114639282
0.07328388094902039
0.0636681467294693
0.09752387553453445
0.04315094277262688
0.06589784473180771
0.04973682016134262
0.09809799492359161
0.10175306349992752
0.06861791014671326
0.057076193392276764
0.07154952734708786
0.06819406151771545
0.08973453938961029
0.08422624319791794
0.06700576841831207
0.0675254538655281
0.0732022076845169
0.051596056669950485
0.06452488899230957
0.10481863468885422
0.054939862340688705
0.06886231899261475
0.06628632545471191
0.050316981971263885
0.08338424563407898
0.11004289239645004
0.08416199684143066
0.11178760975599289
0.04271823167800903
0.062287669628858566
0.05658756569027901
0.061361879110336304
0.05595611780881882
0.050305794924497604
0.06325025856494904
0.03562335669994354
0.06977230310440063
0.1020095944404602
0.05981002002954483
0.06253416836261749
0.08921109884977341
0.03912440687417984
0.0636744424700737
0.09063269197940826
0.06349705159664154
0.09748128801584244
0.09817652404308319
0.07014136016368866
0.09597835689783096
0.10043758898973465
0.1136852577328682
0.04973269999027252
0.06893216818571091
0.05008449777960777
0.08619562536478043
0.11521761119365692
0.05978197604417801
0.06696634739637375
0.059216879308223724
0.0715675950050354
0.09868340939283371
0.07589182257652283
0.09385838359594345
0.05974823608994484
0.07312978059053421
0.0576520711183548
0.06696183234453201
0.08605701476335526
0.08491804450750351
0.06686203181743622
0.07819867134094238
0.05827188119292259
0.06983577460050583
0.1146964505314827
0.07120420038700104
0.11586596816778183
0.043746136128902435
0.0638803094625473
0.07276858389377594
0.07213273644447327
0.0621766559779644
0.06414730846881866
0.0607510507106781
0.043298203498125076
0.06689147651195526
0.07430898398160934
0.06260677427053452
0.05093523859977722
0.07424458861351013
0.04822580888867378
0.06847289949655533
0.07178134471178055
0.06191379949450493
0.08476541936397552
0.10466670989990234
0.0727657675743103
0.07200057804584503
0.08184479922056198
0.09530412405729294
0.049523502588272095
0.07560700178146362
0.04990937188267708
0.07411959022283554
0.09590411931276321
0.05547669157385826
0.056083835661411285
0.06195086985826492
0.0728645920753479
0.10964006930589676
0.07054165750741959
0.07485292851924896
0.06077118590474129
0.06979703158140182
0.0450739786028862
0.07163403183221817
0.09504048526287079
0.07479072362184525
0.07070961594581604
0.07545965164899826
0.0642760768532753
0.07191566377878189
0.1251596361398697
0.07410267740488052
0.15133671462535858
0.0424407422542572
0.06307624280452728
0.07026194781064987
0.0525231696665287
0.05682062357664108
0.05258134752511978
0.060416024178266525
0.05239119008183479
0.07190290838479996
0.09105995297431946
0.046699944883584976
0.04539976641535759
0.07071281224489212
0.04180028289556503
0.05805408954620361
0.0564366839826107
0.07145543396472931
0.09937074780464172
0.09607461094856262
0.06164250895380974
0.07936585694551468
0.07621383666992188
0.10212039202451706
0.047461170703172684
0.06760095059871674
0.04643803462386131
0.06711985170841217
0.08663448691368103
0.05669426545500755
0.06134332716464996
0.06808722764253616
0.07810313999652863
0.07795266807079315
0.09140169620513916
0.07790800929069519
0.05532745644450188
0.06766053289175034
0.05161846801638603
0.07704471796751022
0.10031867027282715
0.059917960315942764
0.06289912015199661
0.056814733892679214
0.039836037904024124
0.059221163392066956
0.12079062312841415
0.06889508664608002
0.12291481345891953
0.03881695494055748
0.0696575939655304
0.07656822353601456
0.05679209157824516
0.05294973775744438
0.04054594412446022
0.05232245847582817
0.039596591144800186
0.0787690132856369
0.07827502489089966
0.05409475043416023
0.05205824226140976
0.06675785034894943
0.05604436993598938
0.082373708486557
0.06564036011695862
0.06844703108072281
0.1077904999256134
0.11224490404129028
0.0727676972746849
0.0795581191778183
0.07728855311870575
0.10074430704116821
0.06832505762577057
0.06950146704912186
0.04942082241177559
0.10396543890237808
0.09903628379106522
0.057631704956293106
0.08114070445299149
0.07068173587322235
0.05833105370402336
0.09518159925937653
0.09407900273799896
0.062060799449682236
0.0601813830435276
0.05344574153423309
0.04562786966562271
0.07588493824005127
0.12141265720129013
0.0716472938656807
0.05924883112311363
0.06619805842638016
0.04223526641726494
0.06577096879482269
0.11087646335363388
0.06893087923526764
0.12586413323879242
0.04936752840876579
0.08422856777906418
0.07382407784461975
0.04957996681332588
0.0534798763692379
0.05757271125912666
0.07129869610071182
0.0472315214574337
0.059894103556871414
0.08962040394544601
0.04975642263889313
0.05627182498574257
0.062299538403749466
0.04702002555131912
0.0832810029387474
0.06963139027357101
0.06579581648111343
0.0800614282488823
0.10337565839290619
0.06721870601177216
0.07959675043821335
0.07600871473550797
0.09264341741800308
0.06837338954210281
0.05971502512693405
0.037031300365924835
0.08963277190923691
0.08804090321063995
0.05752835422754288
0.06290586292743683
0.0680682435631752
0.05301531404256821
0.08785301446914673
0.10838620364665985
0.07161463797092438
0.053928300738334656
0.06492045521736145
0.03965425863862038
0.07828084379434586
0.1091478019952774
0.08269793540239334
0.06733136624097824
0.06717123091220856
0.04198537394404411
0.06323038786649704
0.10629282891750336
0.07435506582260132
0.11597781628370285
0.060109809041023254
0.08594830334186554
0.049685038626194
0.05505843088030815
0.05254744738340378
0.06104182079434395
0.041734158992767334
0.04288798198103905
0.06942970305681229
0.07812678068876266
0.045911405235528946
0.06204924359917641
0.08682825416326523
0.06154081970453262
0.09617655724287033
0.06594181805849075
0.07737401127815247
0.086160808801651
0.09812448918819427
0.062223464250564575
0.07323258370161057
0.07770286500453949
0.09328775107860565
0.060204021632671356
0.05585206672549248
0.043781884014606476
0.10514290630817413
0.09167595952749252
0.0786047950387001
0.08653958886861801
0.07330729067325592
0.05581601709127426
0.11154298484325409
0.10561700165271759
0.07459593564271927
0.067184217274189
0.06082391366362572
0.03959156200289726
0.07875855267047882
0.09689729660749435
0.05433615297079086
0.05934637412428856
0.06829678267240524
0.06387972831726074
0.08275672793388367
0.10359524190425873
0.05884302780032158
0.12309965491294861
0.05091342329978943
0.07603719830513
0.08016474545001984
0.062397100031375885
0.05130252242088318
0.04630541056394577
0.049197591841220856
0.047680944204330444
0.08206374943256378
0.0798550471663475
0.05407700687646866
0.081820048391819
0.08017997443675995
0.07014666497707367
0.07539006322622299
0.05926425755023956
0.062180258333683014
0.0951567217707634
0.11669716238975525
0.07627129554748535
0.05961545929312706
0.06986609101295471
0.09810972958803177
0.07749351114034653
0.0716547891497612
0.058487098664045334
0.09418685734272003
0.10205327719449997
0.07412885129451752
0.06112666428089142
0.07913520187139511
0.04645411670207977
0.10531909763813019
0.08749254792928696
0.08084091544151306
0.06137608736753464
0.07249122112989426
0.06852620095014572
0.08882398903369904
0.09787381440401077
0.0763346329331398
0.06435395777225494
0.06158283352851868
0.05451510474085808
0.08918522298336029
0.1046515703201294
0.06162290647625923
0.1011287197470665
0.03487921878695488
0.07573569566011429
0.0659082680940628
0.05965450778603554
0.036172054708004
0.03878719359636307
0.04306700825691223
0.03606915846467018
0.05950961261987686
0.06455077230930328
0.04864446073770523
0.05087883770465851
0.0663091242313385
0.06749948859214783
0.07652308791875839
0.0497102215886116
0.061228908598423004
0.05915611982345581
0.11376229673624039
0.059656430035829544
0.05135368928313255
0.0581173375248909
0.07336477190256119
0.062065694481134415
0.0603286437690258
0.06533533334732056
0.09300405532121658
0.08627051115036011
0.051222510635852814
0.047209423035383224
0.07009844481945038
0.05178966745734215
0.07994412630796432
0.07676738500595093
0.06848650425672531
0.053529687225818634
0.05359252169728279
0.053934235125780106
0.0634850412607193
0.08566705137491226
0.056661102920770645
0.061704471707344055
0.05617285519838333
0.044156089425086975
0.06539851427078247
0.08246153593063354
0.05359567701816559
0.07799703627824783
0.032647982239723206
0.055305615067481995
0.06232108548283577
0.06251608580350876
0.03790970519185066
0.04213602468371391
0.039430055767297745
0.03393159434199333
0.06734088063240051
0.0635325014591217
0.03965046629309654
0.05305853858590126
0.05448971316218376
0.048402171581983566
0.07228603959083557
0.042517684400081635
0.0654815211892128
0.0542466975748539
0.09141409397125244
0.04031645506620407
0.0488894097507
0.05093155801296234
0.08331763744354248
0.04791905730962753
0.05178917944431305
0.054421596229076385
0.06382298469543457
0.07526909559965134
0.054828811436891556
0.04434956610202789
0.0563030019402504
0.05148603394627571
0.07790103554725647
0.0724802315235138
0.045155469328165054
0.046516772359609604
0.04931923747062683
0.04668444022536278
0.056575942784547806
0.0761413499712944
0.04435192793607712
0.053167276084423065
0.05201702192425728
0.04382765293121338
0.053971387445926666
0.08375311642885208
0.05623471736907959
0.0778057873249054
0.026503633707761765
0.056960105895996094
0.04497061297297478
0.05510437861084938
0.03459596261382103
0.029911402612924576
0.03798961639404297
0.03224192187190056
0.053142793476581573
0.0616798996925354
0.03480100259184837
0.05524633824825287
0.04537652060389519
0.05201376974582672
0.08026990294456482
0.04253600910305977
0.06260830163955688
0.05894079431891441
0.10106846690177917
0.04067932441830635
0.050137959420681
0.049676068127155304
0.07020337879657745
0.04994431510567665
0.04842168092727661
0.048100102692842484
0.0789928138256073
0.06679774075746536
0.0431051030755043
0.038087181746959686
0.050932206213474274
0.04781265929341316
0.0693047046661377
0.06767777353525162
0.048996131867170334
0.0430016815662384
0.05348418280482292
0.050512269139289856
0.04714517295360565
0.06717560440301895
0.044926054775714874
0.049456942826509476
0.051879215985536575
0.038251906633377075
0.0592663511633873
0.07747625559568405
0.0483710877597332
0.07448487728834152
0.026961999014019966
0.052929360419511795
0.03808513283729553
0.053203023970127106
0.03234643489122391
0.03471305966377258
0.03602831810712814
0.02895370125770569
0.05637315288186073
0.05155671387910843
0.030542314052581787
0.04871306195855141
0.0434906929731369
0.040005650371313095
0.060327209532260895
0.042750999331474304
0.06128285080194473
0.05675909295678139
0.09440163522958755
0.042855869978666306
0.04201977327466011
0.05858863517642021
0.06562554836273193
0.039280809462070465
0.053250331431627274
0.04119780659675598
0.060975514352321625
0.05056892707943916
0.04463732987642288
0.04252847656607628
0.05467306822538376
0.039259057492017746
0.06134388595819473
0.06337857246398926
0.046206098049879074
0.04548320174217224
0.04974673315882683
0.0461147241294384
0.05045025050640106
0.07841820269823074
0.03991559147834778
0.03985295072197914
0.05131234601140022
0.039728958159685135
0.05627391114830971
0.08492100238800049
0.03846820071339607
0.06888540834188461
0.02986941859126091
0.04225608706474304
0.03781552612781525
0.048781078308820724
0.02799360640347004
0.030860690400004387
0.038590721786022186
0.03360716253519058
0.048988357186317444
0.0648559108376503
0.03010125271975994
0.044130291789770126
0.049317024648189545
0.04299269616603851
0.04824618622660637
0.04699719324707985
0.05445175990462303
0.05386226624250412
0.08443526923656464
0.03494593873620033
0.03902510181069374
0.04925847798585892
0.06515542417764664
0.03644072264432907
0.05336041748523712
0.039312709122896194
0.06271357089281082
0.0543326698243618
0.05211792141199112
0.0324898324906826
0.050352778285741806
0.0344325490295887
0.059082649648189545
0.05898517742753029
0.03861912339925766
0.04213719815015793
0.04634016379714012
0.045195240527391434
0.039414096623659134
0.06823723018169403
0.037653036415576935
0.03485533967614174
0.05570358783006668
0.03837073594331741
0.04810737073421478
0.0707750990986824
0.04046604409813881
0.06622791290283203
0.026396572589874268
0.03676395118236542
0.03559564799070358
0.04408257082104683
0.025869186967611313
0.02544615976512432
0.03080447018146515
0.02632463350892067
0.04431978613138199
0.05531493201851845
0.03279745578765869
0.03784893825650215
0.044573165476322174
0.03705271705985069
0.04163479432463646
0.03883327543735504
0.0573216937482357
0.043194081634283066
0.07472387701272964
0.027744760736823082
0.03894246742129326
0.04534319415688515
0.05311564356088638
0.02817818708717823
0.04383266344666481
0.038422081619501114
0.05395856872200966
0.046400003135204315
0.0375288650393486
0.02639090269804001
0.037289611995220184
0.03630091995000839
0.04867216944694519
0.049039117991924286
0.03262510523200035
0.04496164992451668
0.04431382566690445
0.03315281495451927
0.03391551226377487
0.05928068608045578
0.03704644739627838
0.036516301333904266
0.042401544749736786
0.031366292387247086
0.04847213625907898
0.0649300217628479
0.03786005079746246
0.054993852972984314
0.0240660198032856
0.035026416182518005
0.027496423572301865
0.040774937719106674
0.023264219984412193
0.023802226409316063
0.025975406169891357
0.021599719300866127
0.050480373203754425
0.043178606778383255
0.02799612656235695
0.04018281400203705
0.03937191888689995
0.037302009761333466
0.03656000643968582
0.034950513392686844
0.04891112446784973
0.04609914869070053
0.08207107335329056
0.0322500616312027
0.03566984459757805
0.03836198151111603
0.04251476377248764
0.030281880870461464
0.04247266426682472
0.03011918254196644
0.04873589798808098
0.0503188781440258
0.038966208696365356
0.027657607570290565
0.04131496325135231
0.036140527576208115
0.0468459315598011
0.05250042304396629
0.03334500640630722
0.040931135416030884
0.037201132625341415
0.030888991430401802
0.03369488567113876
0.04980232194066048
0.03488393500447273
0.035509102046489716
0.044443707913160324
0.03223235160112381
0.04352767765522003
0.05972374230623245
0.036261383444070816
0.05097736790776253
0.027164477854967117
0.03246748819947243
0.031370289623737335
0.03658634051680565
0.023979345336556435
0.02343914471566677
0.025711968541145325
0.02138911746442318
0.04501129314303398
0.03656167536973953
0.02723272703588009
0.032754085958004
0.034495268017053604
0.029166484251618385
0.034175340086221695
0.028135811910033226
0.04196856915950775
0.03871704638004303
0.06791981309652328
0.02526087686419487
0.03279280290007591
0.04585503041744232
0.03875108063220978
0.026850398629903793
0.03724830225110054
0.03132961690425873
0.04541662335395813
0.04445767030119896
0.040841322392225266
0.02370532974600792
0.03919496387243271
0.02866458147764206
0.040926460176706314
0.04620983824133873
0.02712894044816494
0.039326198399066925
0.032740142196416855
0.024570560082793236
0.03131752833724022
0.05929454416036606
0.03370571509003639
0.030379800125956535
0.03495873510837555
0.02746954932808876
0.03575647249817848
0.0481710247695446
0.03345702216029167
0.046474721282720566
0.020865263417363167
0.032098639756441116
0.02586878463625908
0.0363907553255558
0.021646760404109955
0.018892988562583923
0.020722363144159317
0.021352875977754593
0.045220475643873215
0.03754385933279991
0.02487782947719097
0.03541513532400131
0.03225413337349892
0.02818761020898819
0.032098930329084396
0.027666455134749413
0.03688725084066391
0.0385725274682045
0.07226672023534775
0.029071319848299026
0.03445221856236458
0.04018578678369522
0.03476005792617798
0.022653132677078247
0.03945915400981903
0.02602795884013176
0.042528703808784485
0.04566066712141037
0.03638225421309471
0.026217075064778328
0.03634537383913994
0.026496898382902145
0.039416130632162094
0.03533358499407768
0.025909913703799248
0.03336023539304733
0.033970821648836136
0.025480812415480614
0.032544560730457306
0.05386042967438698
0.030316052958369255
0.02600623294711113
0.03823527693748474
0.02741653472185135
0.03600675240159035
0.045303866267204285
0.030669931322336197
0.05125997215509415
0.019333139061927795
0.02931457757949829
0.02269064076244831
0.033630311489105225
0.018824705854058266
0.018661359325051308
0.021131962537765503
