2.076231002807617
2.0655696392059326
2.0461807250976562
2.0262160301208496
2.0042526721954346
1.9735380411148071
1.9392356872558594
1.907339096069336
1.8803523778915405
1.8347104787826538
1.8127363920211792
1.7881699800491333
1.7422454357147217
1.6714328527450562
1.6743675470352173
1.6128660440444946
1.61219322681427
1.5217976570129395
1.5317983627319336
1.5048036575317383
1.4533032178878784
1.4002137184143066
1.334235668182373
1.3079426288604736
1.2933813333511353
1.245255470275879
1.237744927406311
1.1893054246902466
1.153849482536316
1.1451501846313477
1.101694107055664
1.0815551280975342
1.0806835889816284
1.0653190612792969
1.0647073984146118
0.9714460968971252
0.9122793674468994
0.9062485098838806
1.0315407514572144
0.8931851983070374
0.983781099319458
0.9647074937820435
0.9544879794120789
0.8711360096931458
0.8376286029815674
0.9001888036727905
0.8887202739715576
0.8924444913864136
0.856095552444458
0.8165673613548279
0.7764292359352112
0.8150144219398499
0.8236936926841736
0.7725603580474854
0.7062276601791382
0.7323630452156067
0.7344254851341248
0.7681042551994324
0.7120094895362854
0.7531172037124634
0.7651994824409485
0.6873511672019958
0.7653714418411255
0.7316662073135376
0.7532522082328796
0.654930830001831
0.7357657551765442
0.702103853225708
0.6604241728782654
0.721388578414917
0.6038864254951477
0.7112403512001038
0.6411527395248413
0.6363918781280518
0.6279333233833313
0.6141566634178162
0.5867428779602051
0.6154466271400452
0.5593348741531372
0.5802478194236755
0.6231517195701599
0.6525622010231018
0.6583095788955688
0.5431380867958069
0.5271825194358826
0.5064286589622498
0.6133254766464233
0.559751570224762
0.5887637138366699
0.5917173027992249
0.5913804769515991
0.5083166360855103
0.4943142831325531
0.5843895673751831
0.5464383959770203
0.5277711153030396
0.5538057684898376
0.48011890053749084
0.5102277994155884
0.5341689586639404
2.0315566062927246
1.9208905696868896
1.8450932502746582
1.7482157945632935
1.704946517944336
1.5825573205947876
1.5740272998809814
1.4798821210861206
1.4203675985336304
1.3429856300354004
1.3500834703445435
1.2421411275863647
1.2384263277053833
1.1248410940170288
1.0908459424972534
1.0697929859161377
1.0117146968841553
1.0784106254577637
0.9896045923233032
0.9201004505157471
0.978882908821106
0.9524151682853699
0.9349567890167236
0.8749876022338867
0.7753616571426392
0.8481605052947998
0.7381339073181152
0.739298403263092
0.7819253206253052
0.7941241264343262
0.73442542552948
0.598430335521698
0.5707413554191589
0.5430841445922852
0.6691105365753174
0.5460029244422913
0.5451313257217407
0.5506859421730042
0.6154134273529053
0.4489210546016693
0.434126615524292
0.45513489842414856
0.49000149965286255
0.4397771656513214
0.4363671541213989
0.3980024456977844
0.431228369474411
0.4434502422809601
0.3912636637687683
0.3900923430919647
0.3120712339878082
0.3123699426651001
0.4005688428878784
0.33466535806655884
0.32318201661109924
0.3296072781085968
0.2783757746219635
0.3439001739025116
0.4023094177246094
0.4263496398925781
0.3043379485607147
0.3147437572479248
0.3233698904514313
0.2781710922718048
0.24830298125743866
0.34430405497550964
0.2606912851333618
0.3015561103820801
0.2801172733306885
0.2380133718252182
0.27221325039863586
0.26929646730422974
0.29423150420188904
0.23628631234169006
0.2504357695579529
0.2357521653175354
0.27371111512184143
0.3012987971305847
0.23542030155658722
0.21413062512874603
0.2015492469072342
0.15244704484939575
0.27753379940986633
0.20953252911567688
0.23818697035312653
0.26697900891304016
0.25637903809547424
0.17424215376377106
0.1856316179037094
0.1920168697834015
0.25310948491096497
0.16180354356765747
0.17287443578243256
0.14579376578330994
0.24648447334766388
0.24863171577453613
0.22290797531604767
0.1926683485507965
0.17553789913654327
0.14006920158863068
2.196108102798462
1.39230215549469
1.2562404870986938
1.1198488473892212
1.1745474338531494
1.0451254844665527
1.0244282484054565
0.9832490682601929
0.8797456622123718
0.9165075421333313
0.8502378463745117
0.758371889591217
0.6711998581886292
0.679020881652832
0.6118997931480408
0.6489588618278503
0.5755871534347534
0.5836280584335327
0.5841015577316284
0.5121012330055237
0.49385589361190796
0.48785197734832764
0.43737465143203735
0.46452105045318604
0.5532916188240051
0.5353716611862183
0.51075679063797
0.42579710483551025
0.3959498703479767
0.3005431294441223
0.4715541899204254
0.38443470001220703
0.4275873005390167
0.4640088975429535
0.463952898979187
0.32330912351608276
0.31923988461494446
0.33245664834976196
0.3864382207393646
0.34746092557907104
0.37732037901878357
0.34751781821250916
0.4174867272377014
0.35873913764953613
0.34706225991249084
0.31114912033081055
0.23959726095199585
0.2670325040817261
0.3625255525112152
0.31079310178756714
0.30655938386917114
0.2915818691253662
0.30768540501594543
0.3123815357685089
0.33976519107818604
0.3694398105144501
0.3062501549720764
0.2996748983860016
0.3128659129142761
0.25683867931365967
0.20599152147769928
0.2728513181209564
0.2391710728406906
0.37550264596939087
0.25932785868644714
0.24035659432411194
0.27333810925483704
0.22567413747310638
0.24323374032974243
0.2416338175535202
0.23416979610919952
0.21740122139453888
0.2724528908729553
0.32275551557540894
0.23898880183696747
0.225305438041687
0.19948413968086243
0.1636326164007187
0.2705678641796112
0.2195250540971756
0.25932803750038147
0.32220807671546936
0.27361318469047546
0.15927648544311523
0.23011602461338043
0.18581752479076385
0.26498928666114807
0.2075839638710022
0.23768776655197144
0.15740300714969635
0.2461448609828949
0.25597792863845825
0.2411043643951416
0.20033761858940125
0.1565653532743454
0.1612771898508072
0.18686829507350922
0.2165328413248062
0.23342803120613098
0.19395044445991516
2.0367963314056396
1.3321266174316406
1.2444630861282349
1.0233055353164673
0.8109257817268372
0.7794263958930969
0.7813631296157837
0.6389181017875671
0.5848321318626404
0.5229787230491638
0.40682724118232727
0.5763224363327026
0.4933710992336273
0.48425114154815674
0.4928591251373291
0.48063474893569946
0.3794596195220947
0.45422136783599854
0.3634836971759796
0.3902531862258911
0.4403749406337738
0.4869960844516754
0.47136661410331726
0.33107447624206543
0.2926611304283142
0.26143646240234375
0.43153586983680725
0.36790531873703003
0.34848111867904663
0.4275655746459961
0.4227631688117981
0.329672247171402
0.29763326048851013
0.2947828471660614
0.35402512550354004
0.3286152482032776
0.3370491564273834
0.24406014382839203
0.36813294887542725
0.33396831154823303
0.3031565546989441
0.29329752922058105
0.20991002023220062
0.2456209361553192
0.3103148937225342
0.3100607395172119
0.2598107159137726
0.2822231352329254
0.2048017978668213
0.2508312165737152
0.27731966972351074
0.3338393270969391
0.24123691022396088
0.2757984399795532
0.2942197322845459
0.19757482409477234
0.20219416916370392
0.23806002736091614
0.2108936905860901
0.322472482919693
0.18402616679668427
0.19396720826625824
0.1936511993408203
0.2119649350643158
0.21084226667881012
0.19207251071929932
0.17306147515773773
0.15778493881225586
0.2693862020969391
0.2814473807811737
0.23813119530677795
0.17352843284606934
0.17389342188835144
0.13307391107082367
0.2624717950820923
0.22085784375667572
0.179656982421875
0.26865413784980774
0.23558630049228668
0.17876537144184113
0.13990123569965363
0.1739143431186676
0.18519937992095947
0.16362759470939636
0.16872675716876984
0.10843857377767563
0.21538665890693665
0.20468658208847046
0.18509964644908905
0.16163086891174316
0.16646257042884827
0.1312420815229416
0.18507440388202667
0.20672518014907837
0.2059948444366455
0.16176463663578033
0.12169664353132248
0.1521252989768982
0.17974355816841125
0.20882238447666168
1.2253475189208984
0.5860934853553772
0.5654187202453613
0.45114272832870483
0.493701696395874
0.46161866188049316
0.395582914352417
0.4779524505138397
0.39764654636383057
0.3354879319667816
0.31872451305389404
0.3306678533554077
0.34459686279296875
0.2824488878250122
0.2782112658023834
0.2558393180370331
0.38144975900650024
0.36510735750198364
0.2868594825267792
0.25514233112335205
0.27086153626441956
0.16785579919815063
0.3038085699081421
0.2546212077140808
0.2409970462322235
0.29169172048568726
0.367404043674469
0.2066652923822403
0.23131178319454193
0.2835512161254883
0.35265451669692993
0.2752910554409027
0.2809222936630249
0.18606635928153992
0.2789038121700287
0.27080538868904114
0.22733226418495178
0.21175137162208557
0.2027098387479782
0.18962770700454712
0.2753753662109375
0.21826976537704468
0.26360076665878296
0.20826458930969238
0.2147744745016098
0.2466364949941635
0.2105494737625122
0.31556621193885803
0.2365393042564392
0.23612965643405914
0.25496724247932434
0.17179301381111145
0.21957746148109436
0.22996334731578827
0.21235372126102448
0.3501717150211334
0.24310317635536194
0.15796628594398499
0.18647168576717377
0.19396772980690002
0.1666186898946762
0.190410315990448
0.16989293694496155
0.15697817504405975
0.19177572429180145
0.287311315536499
0.21920286118984222
0.15779636800289154
0.17477217316627502
0.11647524684667587
0.18436522781848907
0.1802229881286621
0.18891865015029907
0.2061310112476349
0.2120509147644043
0.15747150778770447
0.14248856902122498
0.18305721879005432
0.18825535476207733
0.14390769600868225
0.16314764320850372
0.10783485323190689
0.15656043589115143
0.2334415316581726
0.15035350620746613
0.11700665950775146
0.16033445298671722
0.12945552170276642
0.16023439168930054
0.18294639885425568
0.22539560496807098
0.11807579547166824
0.13945506513118744
0.18776944279670715
0.1741771399974823
0.22749027609825134
0.17422211170196533
0.16167816519737244
0.18411679565906525
0.10215996205806732
0.6642038822174072
0.5737515687942505
0.3629104197025299
0.47369077801704407
0.2948933243751526
0.34197643399238586
0.3334454596042633
0.254116952419281
0.2565278708934784
0.3018437922000885
0.22655434906482697
0.23584061861038208
0.34604451060295105
0.2901829481124878
0.26967981457710266
0.20730917155742645
0.18975186347961426
0.21007290482521057
0.2696027457714081
0.25494930148124695
0.20789071917533875
0.25775647163391113
0.3209892213344574
0.1548725664615631
0.20963715016841888
0.2133186012506485
0.2190817892551422
0.16603581607341766
0.2454352229833603
0.17207543551921844
0.196437269449234
0.2972789704799652
0.22401811182498932
0.1576623022556305
0.16116857528686523
0.15661682188510895
0.22255593538284302
0.18292787671089172
0.2519436776638031
0.18414314091205597
0.176683709025383
0.17094337940216064
0.20787979662418365
0.2375621348619461
0.19819563627243042
0.23585189878940582
0.20413292944431305
0.11248571425676346
0.16195067763328552
0.18896761536598206
0.14783479273319244
0.2904770076274872
0.16150201857089996
0.1301906406879425
0.1539817750453949
0.16367597877979279
0.13713772594928741
0.15210172533988953
0.13682921230793
0.08353152871131897
0.18932388722896576
0.17887535691261292
0.16860181093215942
0.1088968962430954
0.16544924676418304
0.12720362842082977
0.1872769594192505
0.13230615854263306
0.15803223848342896
0.19284160435199738
0.2286408692598343
0.1048196330666542
0.11762778460979462
0.14277027547359467
0.1435653269290924
0.10143300890922546
0.14001896977424622
0.0839671641588211
0.12432147562503815
0.18410730361938477
0.1346224695444107
0.11920538544654846
0.09997199475765228
0.11849457770586014
0.16366684436798096
0.1597532480955124
0.22792533040046692
0.11547476053237915
0.10156042128801346
0.13796380162239075
0.16522108018398285
0.13271665573120117
0.1342024952173233
0.13093912601470947
0.16994883120059967
0.08147209137678146
0.10819883644580841
0.10919689387083054
0.10376559942960739
0.23508082330226898
0.4900110960006714
0.3340202569961548
0.21864329278469086
0.2613750696182251
0.2039157897233963
0.31656718254089355
0.17309783399105072
0.19214187562465668
0.30260035395622253
0.3237268626689911
0.23981408774852753
0.16043762862682343
0.1862383484840393
0.14010454714298248
0.24811425805091858
0.19764433801174164
0.1839810311794281
0.1897110641002655
0.22756211459636688
0.1401684582233429
0.1418514996767044
0.16010276973247528
0.20706023275852203
0.16161663830280304
0.16095668077468872
0.1031266450881958
0.2200693041086197
0.2364627569913864
0.145594984292984
0.12094993889331818
0.19647184014320374
0.13855575025081635
0.15573176741600037
0.19208455085754395
0.20174935460090637
0.14919190108776093
0.09753584116697311
0.15572455525398254
0.19308871030807495
0.22143660485744476
0.19059859216213226
0.1653631180524826
0.15435609221458435
0.12264247238636017
0.16436025500297546
0.1588885635137558
0.1642696112394333
0.2604173719882965
0.10124378651380539
0.1052200049161911
0.13981205224990845
0.14042627811431885
0.12902046740055084
0.13833633065223694
0.11798831820487976
0.07809290289878845
0.1253775805234909
0.17779037356376648
0.12193416804075241
0.11686497926712036
0.11753205955028534
0.09478878974914551
0.17396123707294464
0.11726800352334976
0.13595113158226013
0.16633062064647675
0.16052082180976868
0.07932958006858826
0.0979251116514206
0.10591807216405869
0.137589231133461
0.10281404107809067
0.09873553365468979
0.07394537329673767
0.14506222307682037
0.1236870139837265
0.08245613425970078
0.10270161181688309
0.0952335000038147
0.11650688946247101
0.12423257529735565
0.13638430833816528
0.12483219802379608
0.126907616853714
0.06186855956912041
0.14192062616348267
0.16040441393852234
0.11939342319965363
0.137591153383255
0.0961683914065361
0.10528181493282318
0.06945114582777023
0.10788550972938538
0.11007611453533173
0.12350248545408249
0.19546225666999817
0.10456384718418121
0.07646515220403671
0.12155966460704803
0.1053699404001236
0.31924986839294434
0.18800269067287445
0.1526317447423935
0.15006597340106964
0.19859781861305237
0.2930586040019989
0.17885133624076843
0.16384531557559967
0.16955704987049103
0.13408531248569489
0.18432319164276123
0.13176898658275604
0.15163569152355194
0.21592457592487335
0.18996194005012512
0.11919359117746353
0.13429410755634308
0.14559932053089142
0.21716070175170898
0.16295234858989716
0.11119773983955383
0.09223374724388123
0.15539239346981049
0.20230013132095337
0.13048675656318665
0.14075149595737457
0.12756875157356262
0.11767283082008362
0.10492216795682907
0.15861359238624573
0.1819760501384735
0.12199973315000534
0.13039752840995789
0.11897608637809753
0.1471797674894333
0.14842112362384796
0.1849490851163864
0.13367092609405518
0.16922233998775482
0.09511476755142212
0.13189928233623505
0.17527231574058533
0.15056447684764862
0.3043316900730133
0.11295991390943527
0.11578989773988724
0.14222556352615356
0.175101175904274
0.10595618933439255
0.09080401062965393
0.08445043116807938
0.05599416419863701
0.12359115481376648
0.1195129007101059
0.11711356043815613
0.09844742715358734
0.15477785468101501
0.06753095984458923
0.1373884379863739
0.0639372318983078
0.09438767284154892
0.13172712922096252
0.17004652321338654
0.061733826994895935
0.0636577159166336
0.09169618040323257
0.11244599521160126
0.06838749349117279
0.07003701478242874
0.07576459646224976
0.129884272813797
0.13053801655769348
0.1307346671819687
0.11732194572687149
0.08311183005571365
0.08267146348953247
0.07853840291500092
0.11908770352602005
0.1450577974319458
0.10559133440256119
0.057895395904779434
0.08972339332103729
0.10449585318565369
0.10597315430641174
0.11022662371397018
0.09063757956027985
0.08769948035478592
0.07301695644855499
0.09644314646720886
0.08031515032052994
0.1187688410282135
0.18525564670562744
0.07117536664009094
0.06246801093220711
0.08269503712654114
0.09806978702545166
0.05237793177366257
0.049196045845746994
0.05181722342967987
0.02844911627471447
0.24106287956237793
0.26583215594291687
0.1667039692401886
0.13325031101703644
0.16239072382450104
0.09373826533555984
0.1752971112728119
0.16325585544109344
0.1273203194141388
0.1662580966949463
0.19128938019275665
0.09332256019115448
0.17052596807479858
0.12602029740810394
0.21503962576389313
0.12202014029026031
0.11305239051580429
0.08045213669538498
0.18050485849380493
0.19669431447982788
0.14942793548107147
0.11171990633010864
0.1129538044333458
0.10675288736820221
0.13269363343715668
0.14417003095149994
0.1485796570777893
0.10034213960170746
0.10773774236440659
0.08849093317985535
0.11802300810813904
0.1881382167339325
0.11243811249732971
0.14861012995243073
0.15771877765655518
0.09878937900066376
0.1110704317688942
0.14821574091911316
0.13184626400470734
0.22250279784202576
0.09746399521827698
0.12365908175706863
0.17726720869541168
0.11967499554157257
0.12218722701072693
0.1399253010749817
0.08243748545646667
0.10298977047204971
0.11483482271432877
0.15192259848117828
0.0985916331410408
0.0702664777636528
0.13388372957706451
0.08810744434595108
0.13358859717845917
0.08768561482429504
0.1361454278230667
0.16542305052280426
0.15051788091659546
0.06798143684864044
0.11050570011138916
0.13153213262557983
0.162941113114357
0.11619488149881363
0.10155326873064041
0.06992792338132858
0.17861340939998627
0.14036418497562408
0.0748588889837265
0.083371102809906
0.10686282813549042
0.09828167408704758
0.10703095048666
0.12628298997879028
0.10373052209615707
0.09578359127044678
0.055213913321495056
0.12812770903110504
0.09459126740694046
0.13365715742111206
0.09836654365062714
0.11148522794246674
0.09820633381605148
0.11016223579645157
0.1180194541811943
0.12677635252475739
0.0877389907836914
0.20285089313983917
0.09050560742616653
0.06738725304603577
0.11268710345029831
0.08959311991930008
0.06846223771572113
0.08046456426382065
0.08054083585739136
0.05247797071933746
0.06780774891376495
0.08560223877429962
0.08832655102014542
0.060105666518211365
0.15780191123485565
0.09920906275510788
0.16546110808849335
0.16763214766979218
0.10708878189325333
0.19315947592258453
0.18212570250034332
0.08885259181261063
0.0993296280503273
0.14378322660923004
0.1589922159910202
0.10606294125318527
0.1032840758562088
0.06884177029132843
0.15522374212741852
0.13447561860084534
0.13893558084964752
0.1061117947101593
0.08234809339046478
0.08796517550945282
0.14119566977024078
0.13187655806541443
0.13638447225093842
0.09759195148944855
0.08998434990644455
0.0906715840101242
0.128259539604187
0.12949803471565247
0.0958910584449768
0.0912824273109436
0.11441149562597275
0.07386283576488495
0.11937715858221054
0.0993543192744255
0.1364954113960266
0.20202404260635376
0.11432912945747375
0.09744248539209366
0.09990936517715454
0.08881088346242905
0.09266993403434753
0.11480505019426346
0.08679386973381042
0.06751760840415955
0.08832903951406479
0.13453009724617004
0.07234571129083633
0.07512227445840836
0.06250029802322388
0.04418869689106941
0.13839417695999146
0.07151102274656296
0.10198768973350525
0.08190658688545227
0.14120101928710938
0.042494889348745346
0.06934873759746552
0.10910927504301071
0.13033358752727509
0.05993181839585304
0.07163725048303604
0.04837710037827492
0.09883789718151093
0.1066918671131134
0.08034056425094604
0.09019652009010315
0.04545414820313454
0.07815960794687271
0.07869694381952286
0.08623223006725311
0.0678820013999939
0.08530665189027786
0.05500432848930359
0.08847523480653763
0.09853027760982513
0.1299312561750412
0.09739610552787781
0.09106487780809402
0.11655478179454803
0.04408064857125282
0.08017662167549133
0.09317788481712341
0.07972628623247147
0.1768147498369217
0.07591206580400467
0.05215319246053696
0.08424600958824158
0.08386611938476562
0.07025017589330673
0.07154302299022675
0.060662563890218735
0.0374169796705246
0.06665698438882828
0.09913437813520432
0.05452999100089073
0.05614914372563362
0.06143660843372345
0.0466073676943779
0.11528902500867844
0.061405472457408905
0.10456593334674835
0.10632646828889847
0.17763091623783112
0.11800665408372879
0.07407373189926147
0.17131555080413818
0.11488122493028641
0.0738307535648346
0.10009844601154327
0.0677574947476387
0.137013778090477
0.17048314213752747
0.08013402670621872
0.0886945053935051
0.10025981068611145
0.09755368530750275
0.08195043355226517
0.10863269865512848
0.13907615840435028
0.0890766829252243
0.05137554928660393
0.12128811329603195
0.09120459109544754
0.11390052735805511
0.06039830297231674
0.08504941314458847
0.09232266247272491
0.06757279485464096
0.09963233768939972
0.07838937640190125
0.09427192062139511
0.1989980787038803
0.06165451928973198
0.05507975444197655
0.0898146778345108
0.1172679141163826
0.08318418264389038
0.04587394744157791
0.05512883514165878
0.019369790330529213
0.07028571516275406
0.09379328787326813
0.08383858948945999
0.06161375716328621
0.1012779101729393
0.05729811266064644
0.11398022621870041
0.06272026151418686
0.05998387932777405
0.08965236693620682
0.136764258146286
0.02730504609644413
0.03960731253027916
0.07292507588863373
0.0944424718618393
0.024694591760635376
0.03615545481443405
0.0433352068066597
0.09550503641366959
0.11258039623498917
0.060629703104496
0.04291790351271629
0.041328538209199905
0.05025545507669449
0.06435813009738922
0.07619719207286835
0.10236579924821854
0.08338114619255066
0.029807589948177338
0.05220116302371025
0.06763267517089844
0.05177099630236626
0.040923330932855606
0.06402254849672318
0.06827931106090546
0.03308498114347458
0.075327068567276
0.0941227599978447
0.06899990886449814
0.10811740159988403
0.03622918203473091
0.05964752659201622
0.07580840587615967
0.06954638659954071
0.08103972673416138
0.06161058694124222
0.036342114210128784
0.019114388152956963
0.052798982709646225
0.07363573461771011
0.05278562009334564
0.058546002954244614
0.09211009740829468
0.047403156757354736
0.1086026057600975
0.04726226627826691
0.0669984444975853
0.044953156262636185
0.09943129122257233
0.021348673850297928
0.0544961579144001
0.04642191529273987
0.12451644241809845
0.09595432877540588
0.07837477326393127
0.0578872412443161
0.08931925147771835
0.08555983006954193
0.06792032718658447
0.08987968415021896
0.055512744933366776
0.061432112008333206
0.09507536888122559
0.06929119676351547
0.07435465604066849
0.06326086819171906
0.06506434082984924
0.0801907554268837
0.06609772145748138
0.07916104048490524
0.05306341499090195
0.07525601983070374
0.07697032392024994
0.04740419611334801
0.05507874861359596
0.0636761263012886
0.06798993796110153
0.14735320210456848
0.0628165453672409
0.04907604679465294
0.0635768324136734
0.07717757672071457
0.05787469819188118
0.054667357355356216
0.05496348813176155
0.025744233280420303
0.07729042321443558
0.10011854022741318
0.06616806238889694
0.0699029490351677
0.09099886566400528
0.05562432110309601
0.08277839422225952
0.04206616058945656
0.06336692720651627
0.08075974881649017
0.10999982804059982
0.056576699018478394
0.038148656487464905
0.05285044386982918
0.09867901355028152
0.0422004796564579
0.03320271894335747
0.038013916462659836
0.07584237307310104
0.09274270385503769
0.06042378395795822
0.046473000198602676
0.027099184691905975
0.06140761822462082
0.055288176983594894
0.10133067518472672
0.11173950135707855
0.026119330897927284
0.03146762028336525
0.05522382631897926
0.05100532993674278
0.06660109758377075
0.03509265556931496
0.03897813335061073
0.05492620915174484
0.029041050001978874
0.06107426434755325
0.048261359333992004
0.07185710966587067
0.058209002017974854
0.04130910336971283
0.05549182742834091
0.06867927312850952
0.07211755961179733
0.05156633257865906
0.027478298172354698
0.050954777747392654
0.013741204515099525
0.06257404386997223
0.061208631843328476
0.036933839321136475
0.04645802080631256
0.03635396808385849
0.037149012088775635
0.06975957006216049
0.04022951424121857
0.056087251752614975
0.047697342932224274
0.11777600646018982
0.018761418759822845
0.030472571030259132
0.02799241617321968
0.07722745835781097
0.03273993358016014
0.036122407764196396
0.0638003870844841
0.06987765431404114
0.09789038449525833
0.041809678077697754
0.053560588508844376
0.02774774096906185
0.057276129722595215
0.05871743708848953
0.05467480048537254
0.055859070271253586
0.050011567771434784
0.05643359571695328
0.04027283564209938
0.048817429691553116
0.05837724357843399
0.04846420884132385
0.04685872420668602
0.03971787542104721
0.03636157512664795
0.059748563915491104
0.048340048640966415
0.0726175531744957
0.12015389651060104
0.04559069499373436
0.04924086108803749
0.0724131241440773
0.06519119441509247
0.046838078647851944
0.039516836404800415
0.0334937609732151
0.018393822014331818
0.06796196103096008
0.11322571337223053
0.05178625136613846
0.03421889990568161
0.05765548720955849
0.04773801937699318
0.06517301499843597
0.05793280899524689
0.054449647665023804
0.09863816946744919
0.12395486235618591
0.049099091440439224
0.0573306567966938
0.08198939263820648
0.09828879684209824
0.06213776022195816
0.03935591131448746
0.029791969805955887
0.04254619777202606
0.07513132691383362
0.036813557147979736
0.054013900458812714
0.03315190225839615
0.03753536939620972
0.0432952418923378
0.07380411773920059
0.03649618849158287
0.04010410234332085
0.011420457623898983
0.03865259140729904
0.04119865968823433
0.06023656204342842
0.03022977150976658
0.022998591884970665
0.030335022136569023
0.022971471771597862
0.05194801464676857
0.06944228708744049
0.04983588680624962
0.08059903979301453
0.049437716603279114
0.028846388682723045
0.03254156559705734
0.044890232384204865
0.05924338847398758
0.04293706268072128
0.029031185433268547
0.015960564836859703
0.03439157083630562
0.07285299897193909
0.03132453188300133
0.04295067489147186
0.028256069868803024
0.04293076694011688
0.056403886526823044
0.037005938589572906
0.03892800584435463
0.030708475038409233
0.08610998094081879
0.027485748752951622
0.026130741462111473
0.03918854519724846
0.07136433571577072
0.035616159439086914
0.020598022267222404
0.00838470458984375
0.05316586047410965
0.03342311456799507
0.04263394698500633
0.03235295042395592
0.027077877894043922
0.0504043810069561
0.04044446721673012
0.046477723866701126
0.040551137179136276
0.022228382527828217
0.06159251928329468
0.02631199173629284
0.025168081745505333
0.036387812346220016
0.04756985232234001
0.02876558154821396
0.03223174065351486
0.014496239833533764
0.034559182822704315
0.024563021957874298
0.02527076192200184
0.045969169586896896
0.043995242565870285
0.0260398481041193
0.031405508518218994
0.061264604330062866
0.02096983976662159
0.014387063682079315
0.021612543612718582
0.007535349112004042
0.018604014068841934
0.051717016845941544
0.01864321529865265
0.031214844435453415
0.04021170362830162
0.03160851448774338
0.029153864830732346
0.02248295210301876
0.015860827639698982
0.038080278784036636
0.05384920537471771
0.017721598967909813
0.01943761296570301
0.03455742448568344
0.03342313691973686
0.017557987943291664
0.014413534663617611
0.010830327868461609
0.022903895005583763
0.02735493704676628
0.020930398255586624
0.017499670386314392
0.022234024479985237
0.020712649449706078
0.02929108403623104
0.031063253059983253
0.040323685854673386
0.01866617053747177
0.017942264676094055
0.009988985024392605
0.015474515967071056
0.021708806976675987
0.022010179236531258
0.01749507151544094
0.043623317033052444
0.0071861459873616695
0.04385513812303543
0.026836948469281197
0.027016350999474525
0.016597308218479156
0.03141273558139801
0.011102106422185898
0.028017263859510422
0.02076541632413864
0.028101468458771706
0.009926575236022472
0.00986554380506277
0.006117942743003368
0.029634548351168633
0.03577609360218048
0.029723869636654854
0.025581153109669685
0.01653973013162613
0.013003561645746231
0.04435301572084427
0.021040355786681175
0.014084856025874615
0.023407038301229477
0.06193429231643677
0.022715289145708084
0.020822647958993912
0.02055530436336994
0.0405120849609375
0.02184326946735382
0.006338243838399649
0.00869322381913662
0.027297167107462883
0.028097141534090042
0.01126218680292368
0.02144029177725315
0.023418713361024857
0.04934385046362877
0.0195859894156456
0.01760714314877987
0.02405289001762867
0.017874255776405334
0.011094148270785809
0.011755638755857944
0.014916752465069294
0.015686092898249626
0.025919673964381218
0.020646417513489723
0.009873704053461552
0.01909307762980461
0.03163456171751022
0.011585310101509094
0.011018128134310246
0.027718394994735718
0.006129126064479351
0.015617173165082932
0.010839509777724743
0.019016321748495102
0.01574627123773098
0.016683541238307953
0.018863605335354805
0.01288699172437191
0.008282416500151157
0.01903529465198517
0.013755136169493198
0.028050849214196205
0.04114171490073204
0.009491956792771816
0.008996516466140747
0.014751791954040527
0.013383837416768074
0.01635127328336239
0.049002282321453094
0.02154742181301117
0.024132683873176575
0.017044855281710625
0.025196338072419167
0.018122727051377296
0.010415193624794483
0.019762977957725525
0.02277453988790512
0.03127952292561531
0.021167106926441193
0.006387727800756693
0.00906187854707241
0.02221301756799221
0.021355321630835533
0.026109427213668823
0.014852880500257015
0.014786538667976856
0.024928933009505272
0.01918363943696022
0.016839275136590004
0.010495447553694248
0.04497523978352547
0.016116783022880554
0.009770654141902924
0.009918462485074997
0.016909070312976837
0.029083436354994774
0.045934684574604034
0.040734726935625076
0.013376236893236637
0.022253600880503654
0.00954305287450552
0.028978321701288223
0.02320803701877594
0.01562834531068802
0.012882167473435402
0.022310858592391014
0.02700319141149521
0.030638258904218674
0.019501861184835434
0.019668161869049072
0.03201989457011223
0.006284747272729874
0.041797615587711334
0.050698526203632355
0.009420798160135746
0.03809797763824463
0.022961005568504333
0.016332071274518967
0.00971293356269598
0.04095272719860077
0.04325886815786362
0.040309928357601166
0.010044094175100327
0.010967416688799858
0.021593086421489716
0.033121127635240555
0.06835877895355225
0.025118527933955193
0.015696372836828232
0.02012029103934765
0.021620340645313263
0.013093097135424614
0.0271134153008461
0.022162578999996185
0.01566588506102562
0.021360568702220917
0.013234307989478111
0.028580788522958755
0.017932094633579254
0.020805442705750465
0.01705891825258732
0.014384916052222252
0.03697368502616882
0.015321103855967522
0.026592429727315903
0.05185030773282051
0.03398039564490318
0.00757796224206686
0.014353018254041672
0.015817422419786453
0.03933769837021828
0.011163157410919666
0.02752704732120037
0.003957279957830906
0.018236549571156502
0.01666213572025299
0.022290267050266266
0.010540761984884739
0.04144357889890671
0.02167913131415844
0.02775823511183262
0.021899059414863586
0.007959460839629173
0.029253657907247543
0.034232672303915024
0.022660285234451294
0.01644670031964779
0.037181247025728226
0.028330212458968163
0.00924272183328867
0.00966237485408783
0.013105246238410473
0.03481817618012428
0.04698135703802109
0.024118315428495407
0.01878022588789463
0.01293360535055399
0.026991378515958786
0.013893608003854752
0.01209154911339283
0.01559390313923359
0.024252694100141525
0.0044354223646223545
0.010323367081582546
0.011607211083173752
0.02268170937895775
0.022936664521694183
0.03458371385931969
0.011795240454375744
0.004063634667545557
0.025029296055436134
0.02362426184117794
0.011187094263732433
0.014597880654036999
0.006053669843822718
0.028710568323731422
0.025715205818414688
0.006105534266680479
0.013268750160932541
0.006388744339346886
0.010110179893672466
0.007056226953864098
0.01540411077439785
0.025417393073439598
0.016132472082972527
0.018448850139975548
0.007928394712507725
0.0066697564907372
0.022849738597869873
0.025115523487329483
0.0044982656836509705
0.027492737397551537
0.047882504761219025
0.01160653680562973
0.006159561220556498
0.021198024973273277
0.04281724616885185
0.009616924449801445
0.014999212697148323
0.02020777389407158
0.009054201655089855
0.027055202051997185
0.030543798580765724
0.031478945165872574
0.01085516158491373
0.04352559149265289
0.018972788006067276
0.021480342373251915
0.008286984637379646
0.012873752973973751
0.009515210054814816
0.005732542369514704
0.05168212205171585
0.027811184525489807
0.0183392520993948
0.010947057977318764
0.018075723201036453
0.022639209404587746
0.008385054767131805
0.013160094618797302
0.02528020180761814
0.05329194664955139
0.01778390258550644
0.037553273141384125
0.030514948070049286
0.014339218847453594
0.029311493039131165
0.02601729705929756
0.010005743242800236
0.003995981998741627
0.026865119114518166
0.028981395065784454
0.012349995784461498
0.018449680879712105
0.007303076330572367
0.007178105879575014
0.021651914343237877
0.006537409499287605
0.027306275442242622
0.012610332109034061
0.029471123591065407
0.009714043699204922
0.014093811623752117
0.019181400537490845
0.01925336942076683
0.011992190964519978
0.03089774213731289
0.007312751840800047
0.012761511839926243
0.023858163505792618
0.019316887483000755
0.006806876044720411
0.01183637510985136
0.01733396388590336
0.023525148630142212
0.046416569501161575
0.013137622736394405
0.03326799347996712
0.010679593309760094
0.01201583817601204
0.007229302078485489
0.014791777357459068
0.010248805396258831
0.028698157519102097
0.0109787592664361
0.02002294361591339
0.02017187513411045
0.024607917293906212
0.013785164803266525
0.027425240725278854
0.01468738168478012
0.003042213385924697
0.0068535697646439075
0.014630299061536789
0.019220640882849693
0.02899504266679287
0.022882482036948204
0.010102775879204273
0.0074923112988471985
0.01473909430205822
0.005149506498128176
0.012806051410734653
0.014592292718589306
0.0043182955123484135
0.032658517360687256
0.005888547748327255
0.00847380980849266
0.016856318339705467
0.016283001750707626
0.011121593415737152
0.014292261563241482
0.006024810019880533
0.00596934137865901
0.00654209079220891
0.0024497099220752716
0.009060299955308437
0.018641240894794464
0.019384494051337242
0.01489285845309496
0.013794763013720512
0.01616811752319336
0.009234519675374031
0.011031540110707283
0.00905351247638464
0.016682514920830727
0.00833391398191452
0.015048797242343426
0.009408112615346909
0.005119130946695805
0.03887013718485832
0.006794640328735113
0.004541544243693352
0.02078440971672535
0.04484599083662033
0.014504807069897652
0.006842104252427816
0.007083111442625523
0.02109486423432827
0.0019580968655645847
0.01269412599503994
0.021866943687200546
0.014873308129608631
0.008783438242971897
0.011192354373633862
0.005930688697844744
0.004042748361825943
0.00808578822761774
0.013867641799151897
0.016379382461309433
0.007378461770713329
0.008066853508353233
0.0027700699865818024
0.02994958683848381
0.01152539812028408
0.007723836228251457
0.011565357446670532
0.008301139809191227
0.004694565664976835
0.010450438596308231
0.011189613491296768
0.014178729616105556
0.014892395585775375
0.0037207540590316057
0.0022905636578798294
0.004289369098842144
0.008433370850980282
0.009888098575174809
0.0051710098050534725
0.011204271577298641
0.004739616997539997
0.01393901463598013
0.006202257238328457
0.005799115169793367
0.007923456840217113
0.008762186393141747
0.007987366989254951
0.002864079549908638
0.016515102237462997
0.009844213724136353
0.012555211782455444
0.014952166005969048
0.0017798414919525385
0.007317227311432362
0.005872901063412428
0.00669018505141139
0.004843432456254959
0.012868148274719715
0.0022917657624930143
0.013975946232676506
0.010248873382806778
0.015986746177077293
0.018554696813225746
0.010413759388029575
0.0006992816925048828
0.008662343956530094
0.008707777597010136
0.009441249072551727
0.002703702310100198
0.008376688696444035
0.007407951634377241
0.0036410633474588394
0.011056210845708847
0.0032854771707206964
0.02365287020802498
0.007161550689488649
0.003934837412089109
0.00330860516987741
0.0058187199756503105
0.004694988019764423
0.01832956075668335
0.0025507642421871424
0.008853867650032043
0.00556609220802784
0.008712838403880596
0.005178101826459169
0.0028934560250490904
0.002608765847980976
0.005889648571610451
0.027170047163963318
0.022664355114102364
0.005343748722225428
0.020921198651194572
0.01021492201834917
0.001240729121491313
0.0029300134629011154
0.0032608872279524803
0.004619333427399397
0.0038038156926631927
0.0032630073837935925
0.0034978853072971106
0.00538601353764534
0.0034902587067335844
0.031924035400152206
0.02027272805571556
0.011847364716231823
0.006788262166082859
0.00509813753888011
0.014507786370813847
0.001981595531105995
0.012644674628973007
0.002774887951090932
0.0010228324681520462
0.009986951015889645
0.008023521862924099
0.0016969592543318868
0.00489670317620039
0.001276734983548522
0.0016492406139150262
0.003530425950884819
0.014334446750581264
0.020922066643834114
0.01019507460296154
0.002467681420966983
0.0015428398037329316
0.003055010689422488
0.00543234683573246
0.009909444488584995
0.0018394027138128877
0.007572222966700792
0.006142516620457172
0.010351769626140594
0.005940910894423723
0.0064068385399878025
0.006748490035533905
0.002065471839159727
0.004179155454039574
0.005421064794063568
0.014365850947797298
0.0061318292282521725
0.008610851131379604
0.0021841085981577635
0.0020529848989099264
0.011796741746366024
0.00500786816701293
0.019748501479625702
0.0072343009524047375
0.01250097993761301
0.0033685422968119383
0.008843488991260529
0.0030795454513281584
0.015243765898048878
0.007425068877637386
0.0015083338366821408
0.0028684609569609165
0.014160728082060814
0.009972890838980675
0.015025274828076363
0.0016977785853669047
0.007705332711338997
0.002862981054931879
0.010947393253445625
0.007373314816504717
0.008854307234287262
0.0036144654732197523
0.006786510348320007
0.0025973753072321415
0.01282633189111948
0.002736405236646533
0.011578135192394257
0.018266094848513603
0.01863590069115162
0.004616233985871077
0.0026268907822668552
0.0031856130808591843
0.007329804357141256
0.004127658903598785
0.0016530273715034127
0.0017219173023477197
0.006643710192292929
0.014623340219259262
0.004581829067319632
0.0010821593459695578
0.00298495520837605
0.03003155253827572
0.017358260229229927
0.008089631795883179
0.009943462908267975
0.0059896488673985004
0.005138075444847345
0.003704976988956332
0.0036841032560914755
0.01629123091697693
0.010825424455106258
0.005440982524305582
0.010246441699564457
0.002804090967401862
0.0054935975931584835
0.005454014055430889
0.015589071437716484
0.02649485133588314
0.003796704113483429
0.001972912112250924
0.0055858660489320755
0.011819116771221161
0.00589679554104805
0.0028827509377151728
0.004775066394358873
0.0023695710115134716
0.04612802714109421
0.027079027146100998
0.011422945186495781
0.01745315082371235
0.028191015124320984
0.0035096933133900166
0.019202545285224915
0.008272496983408928
0.01999823935329914
0.018425563350319862
0.00812150351703167
0.0023930587340146303
0.011264176107943058
0.021258046850562096
0.00803158339112997
0.017725618556141853
0.01844390295445919
0.011599520221352577
0.013115854933857918
0.008003062568604946
0.010229254141449928
0.007318356540054083
0.00454015051946044
0.01767885871231556
0.0106681352481246
0.00905455183237791
0.01457242015749216
0.010101079940795898
0.005558663047850132
0.021435005590319633
0.02686357870697975
0.01897764950990677
0.025142651051282883
0.01833203434944153
0.007860727608203888
0.010065937414765358
0.032011933624744415
0.012175846844911575
0.008775397203862667
0.01604551449418068
0.01406154129654169
0.004205707926303148
0.008584014140069485
0.006322856061160564
0.0037200534716248512
0.010686381720006466
0.004305111709982157
0.026553567498922348
0.016343818977475166
0.034510087221860886
0.006930168718099594
0.013841724954545498
0.008080529980361462
0.004487745929509401
0.011997547000646591
0.0277250949293375
0.004439756739884615
0.031021805480122566
0.0194977056235075
0.02152041345834732
0.00353423273190856
0.02116190455853939
0.023835983127355576
0.01439682487398386
0.008552624844014645
0.005968042183667421
0.010211126878857613
0.036098822951316833
0.00956199411302805
0.011612783186137676
0.008251950144767761
0.028944801539182663
0.024819759652018547
0.026821354404091835
0.024499431252479553
0.00653764046728611
0.011545859277248383
0.007118670269846916
0.005758661311119795
0.006125431973487139
0.010916432365775108
0.004186170641332865
0.016240591183304787
0.0032008544076234102
0.007628250867128372
0.004463866353034973
0.0291926097124815
0.0386093333363533
0.008625663816928864
0.013813072815537453
0.006965815555304289
0.01200131792575121
0.04621013253927231
0.008719287812709808
0.013978643342852592
0.007426518946886063
0.021776344627141953
0.03586816415190697
0.01919398084282875
0.05694984644651413
0.0421089269220829
0.05424806475639343
0.03201734647154808
0.027178002521395683
0.010696064680814743
0.04286102578043938
0.0511002317070961
0.007526744622737169
0.00513029657304287
0.017039671540260315
0.016209116205573082
0.02705300971865654
0.01319532934576273
0.015656203031539917
0.019377201795578003
0.02473415620625019
0.011919211596250534
0.006727138068526983
0.004435712471604347
0.014424385502934456
0.00870554056018591
0.018015630543231964
0.024108082056045532
0.005255892872810364
0.008556315675377846
0.009147806093096733
0.0089430445805192
0.01725013367831707
0.012807855382561684
0.013724415563046932
0.022328028455376625
0.0032687378115952015
0.020406117662787437
0.010199550539255142
0.010441352613270283
0.01636253111064434
0.0032659941352903843
0.02392076700925827
0.010504568926990032
0.0167404692620039
0.004481730982661247
0.008089345879852772
0.0020074034109711647
0.000935233139898628
0.0012358097592368722
0.00233141309581697
0.008626984432339668
0.00480269268155098
0.005996194202452898
0.0065800524316728115
0.01330090407282114
0.004487863276153803
0.0040744454599916935
0.017057549208402634
0.003946042153984308
0.007379231974482536
0.010158220306038857
0.009810781106352806
0.01203163806349039
0.0028497674502432346
0.006314264144748449
0.003167426912114024
0.005750339012593031
0.004933238495141268
0.008300845511257648
0.002786085242405534
0.001762106898240745
0.003501744009554386
0.006592965684831142
0.00936798844486475
0.0011659814044833183
0.0017634860705584288
0.0006125307409092784
0.006022537127137184
0.0024076434783637524
0.003966864664107561
0.0028931000269949436
0.0055859084241092205
0.003198351012542844
0.0025997308548539877
0.0024201269261538982
0.003238293109461665
0.002363763516768813
0.004752210341393948
0.003710313467308879
0.0023553157225251198
0.000673064379952848
0.0010978712234646082
0.00137302465736866
0.0031145215034484863
0.0016277477843686938
0.0010289013152942061
0.002610260620713234
0.0032838075421750546
0.0030124010518193245
0.0017052905168384314
0.0017700830940157175
0.005447586067020893
0.004233717452734709
0.0008726789965294302
0.0012193769216537476
0.0030333055183291435
0.0011602983577176929
0.0009053964749909937
0.0008436552016064525
0.0011627542553469539
0.0023511333856731653
0.0022128650452941656
0.0010670091724023223
0.0012009012280032039
0.0005824731779284775
0.0022199556697160006
0.0016876633744686842
0.0011750336270779371
0.001672490849159658
0.0009541358449496329
0.001432578545063734
0.000971443485468626
0.000861068838275969
0.0006687433342449367
0.0009912049863487482
0.0018621600465849042
0.0009615151793695986
0.001283349352888763
0.0019267282914370298
0.0005665586795657873
0.00113363575655967
0.0029121888801455498
0.00030196941224858165
0.0012561192270368338
0.0005186754278838634
0.0014268946833908558
0.01096830889582634
0.0020754202269017696
0.0005924594006501138
0.0004106758860871196
0.0004494335735216737
0.0005657965084537864
0.0004680690763052553
0.00047608453314751387
0.0005102499271743
0.0005841358797624707
0.001090576988644898
0.0005107253673486412
0.0005972040817141533
0.0008330116397701204
0.0007150439778342843
0.00047341815661638975
0.0005222614272497594
0.0004800860770046711
0.0009900359436869621
0.0005622286698780954
0.0004042185901198536
0.0008909057360142469
0.0010944424429908395
0.0005382702802307904
0.0008138155099004507
0.0011010736925527453
0.0008356560138054192
0.0008920083637349308
0.0009728549630381167
0.0005024621495977044
0.0005615079426206648
0.00036139925941824913
0.00046569801634177566
0.00029281809111125767
0.0007200710824690759
0.000650351052172482
0.0003614947199821472
0.00038491201121360064
0.0005195862031541765
0.0004580618115141988
0.000615956261754036
0.00020698287698905915
0.0005423538968898356
0.0003545898653101176
0.0004144542617723346
0.0004702317819464952
0.00031244903220795095
0.0006990479887463152
0.00042775613837875426
0.0003321687690913677
0.0005097219254821539
0.000444174453150481
0.0002713105350267142
0.0003854540118481964
0.0003307865117676556
0.00023074685304891318
0.0002994240203406662
0.0003186503890901804
0.0003422321751713753
0.00026011551381088793
0.00043769952026195824
0.0002587375056464225
0.0004264277231413871
0.0003263152320869267
0.00021033720986451954
0.00030022242572158575
0.00032823302899487317
0.000339233287377283
0.0002576356055215001
0.00032887354609556496
0.0003746117290575057
0.00025325053138658404
0.00027866679010912776
0.0003223105159122497
0.000287427770672366
0.00040894272387959063
0.0005157626583240926
0.0002746435347944498
0.00022670587350148708
0.00023258471628651023
0.0002694473951123655
0.00022618660295847803
0.00041920464718714356
0.0003077892179135233
0.00020645075710490346
0.00029584296862594783
0.00031172134913504124
0.0003142940404359251
0.000381259189452976
0.00016045442316681147
0.00039098371053114533
0.0002465195138938725
0.0002096093667205423
0.00030081492150202394
0.00019029837858397514
0.0004877341561950743
0.00027893518563359976
0.00024207324895542115
0.00024735365877859294
0.000262971967458725
0.00021359756647143513
0.00024345754354726523
0.0002581155567895621
0.00016563340614084154
0.00025385725894011557
0.0002512130013201386
0.00025800263392739
0.00018702032684814185
0.0003131843404844403
0.00020564730220939964
0.00031649446464143693
0.0002322558284504339
0.00018096007988788188
0.00023343643988482654
0.00024836277589201927
0.00026437995256856084
0.00021540078159887344
0.0002770457649603486
0.0003009214124176651
0.00020371805294416845
0.00023819325724616647
0.0002634767151903361
0.00025049789110198617
0.00033704156521707773
0.00041002369835041463
0.00023664791660849005
0.00019264731963630766
0.0001944951800396666
0.0002229659294243902
0.00018487068882677704
0.0003321589611005038
0.0002527438336983323
0.00016505553503520787
0.00024861705605871975
0.00025530802668072283
0.000260707427514717
0.00031910647521726787
0.00013604589912574738
0.00032183260191231966
0.00020337833848316222
0.00016989045252557844
0.0002501504495739937
0.00016127730486914515
0.00040754443034529686
0.0002296176244271919
0.0002064404106931761
0.0002005809947149828
0.00021391198970377445
0.0001860020129242912
0.0002001782413572073
0.0002220438327640295
0.00013915514864493161
0.00022204108245205134
0.0002166981721529737
0.00022378900030162185
0.00015302348765544593
0.000266421731794253
0.00017584611487109214
0.00026761225308291614
0.000196315988432616
0.00015881577564869076
0.0002011970937019214
0.00021786488650832325
0.00022764760069549084
0.00018841313431039453
0.00024248250701930374
0.00025883931084536016
0.00017496581131126732
0.0002066369488602504
0.00022939527116250247
0.00022232250194065273
0.00028964781085960567
0.0003496612189337611
0.00020847894484177232
0.00016849845997057855
0.00017108100291807204
0.00019432742556091398
0.00016296090325340629
0.0002866016293410212
0.00021984917111694813
0.0001435597805539146
0.00021814733918290585
0.00022027718659956008
0.0002275326260132715
0.0002826882409863174
0.00012033176608383656
0.00027874225634150207
0.0001757964346325025
0.00014893629122525454
0.00021993591508362442
0.00014213324175216258
0.0003533691924531013
0.00020101135305594653
0.0001832177658798173
0.00017334199219476432
0.00018632013234309852
0.0001662261493038386
0.00017407775158062577
0.00019969417189713567
0.00012284403783269227
0.00019859924213960767
0.00019266472372692078
0.00020155050151515752
0.00013304877211339772
0.00023587349278386682
0.00015347338921856135
0.00023568344477098435
0.00017272154218517244
0.00014185666805133224
0.00018036193796433508
0.00019484857330098748
0.00020167288312222809
0.00016834924463182688
0.0002183049509767443
0.00023040790983941406
0.00015540278400294483
0.00018350697064306587
0.00020372132712509483
0.0002017769729718566
0.00025486049707978964
0.0003067565558012575
0.00018806553271133453
0.00015184222138486803
0.00015473656821995974
0.00017441168893128633
0.00014710667892359197
0.00025518040638417006
0.0001973296602955088
0.0001277118717553094
0.0001951343729160726
0.00019626472203526646
0.00020372723520267755
0.0002544771123211831
0.00010867456148844212
0.00024701416259631515
0.00015676258772145957
0.0001337482826784253
0.00019804314069915563
0.000128827421576716
0.0003131921112071723
0.00017971207853406668
0.0001665767194936052
0.00015407075989060104
0.0001660980487940833
0.00015030485519673675
0.0001557696668896824
0.00018178463506046683
0.0001106170384446159
0.00018060678848996758
0.00017460581148043275
0.00018277821072842926
0.00012009802594548091
0.00021168970852158964
0.00013792635581921786
0.00021141275647096336
0.000154632973135449
0.0001293553359573707
0.00016662932466715574
0.0001781259779818356
0.00018123150221072137
0.000152622873429209
0.00019804105977527797
0.00020886515267193317
0.00013991656305734068
0.00016534792666789144
0.0001838538737501949
0.00018476684635970742
0.00023058231454342604
0.0002762895601335913
0.0001721215230645612
0.00013862962077837437
0.000140949065098539
0.00015815546794328839
0.00013470221892930567
0.00023046780552249402
0.0001796953147277236
0.0001152697077486664
0.0001764771295711398
0.00017663187463767827
0.00018457394617144018
0.00023210066137835383
9.977999434340745e-05
0.00022269811597652733
0.00014156504767015576
0.00012215015885885805
0.00018084098701365292
0.00011865454143844545
0.00028329846099950373
0.0001623955904506147
0.00015238544438034296
0.00013906329695601016
0.00015155509754549712
0.00013788249634671956
0.0001404162758262828
0.00016764966130722314
9.981062612496316e-05
0.0001657338725635782
0.000160318348207511
0.00016733304073568434
0.00010963145905407146
0.00019235430227126926
0.00012526437058113515
0.00019101255747955292
0.00014217868738342077
0.00011878370423801243
0.00015338900266215205
0.00016357866115868092
0.0001643915893509984
0.00014000140072312206
0.00018274466856382787
0.0001913081359816715
0.00012792638153769076
0.0001509933063061908
0.00016775135009083897
0.00017051352187991142
0.00021048648341093212
0.0002524933952372521
0.00016004490316845477
0.00012765171413775533
0.00012961254105903208
0.0001445796515326947
0.0001238411059603095
0.0002105474122799933
0.00016653016791678965
0.000105545979749877
0.00016177688667085022
0.00016256608068943024
0.00016963448433671147
0.00021389407629612833
9.189531556330621e-05
0.0002033590426435694
0.00012877779954578727
0.00011281511251581833
0.0001661127171246335
0.00010973497410304844
0.00025960043421946466
0.00014925962022971362
0.00014176216791383922
0.00012771773617714643
0.0001393609563820064
0.0001272775698453188
0.0001291069929720834
0.0001555382477818057
9.154441795544699e-05
0.00015299829829018563
0.000148402716149576
0.00015458888083230704
0.00010089917486766353
0.00017620486323721707
0.00011501242261147127
0.00017483394185546786
0.0001309434446739033
0.00011002214887412265
0.00014239629672374576
0.00015164018259383738
0.00015139413881115615
0.00012913956015836447
0.00016945796960499138
0.00017596021643839777
0.00011801645450759679
0.00013882738130632788
0.0001533526519779116
0.000158089300384745
0.00019352421804796904
0.00023184515885077417
0.00014912622282281518
0.00011816362530225888
0.00012052556121489033
0.0001335177948931232
0.00011513553909026086
0.000194478256162256
0.00015464448370039463
9.707974822958931e-05
0.000149197643622756
0.00015025438915472478
0.00015628684195689857
0.00019863514171447605
8.532719220966101e-05
0.000186778575880453
0.0001182207852252759
0.00010494024900253862
0.00015238011837936938
0.00010237659444101155
0.00023929463350214064
0.0001382125774398446
0.00013234338257461786
0.00011747307871701196
0.00012894324027001858
0.00011869076843140647
0.00011925274156965315
0.00014529679901897907
8.444735431112349e-05
0.00014226821076590568
0.00013796384155284613
0.00014371990982908756
9.351086191600189e-05
0.000163145232363604
0.00010619064414640889
0.00016140723892021924
0.00012083821638952941
0.00010273340012645349
0.00013311754446476698
0.00014106846356298774
0.0001403719070367515
0.00012012867955490947
0.00015738063666503876
0.00016339965804945678
0.00010927060793619603
0.00012846091703977436
0.00014131433272268623
0.0001479097845731303
0.00017907647998072207
0.00021449422638397664
0.0001395794388372451
0.00011060088581871241
0.00011207197530893609
0.0001245641615241766
0.00010722861043177545
0.00018110749078914523
0.00014448360889218748
9.029771172208712e-05
0.0001381853362545371
0.00013955147005617619
0.00014509221364278346
0.00018597378220874816
8.017357322387397e-05
0.00017329002730548382
0.00010929428390227258
9.818704711506143e-05
0.00014162069419398904
9.556481381878257e-05
0.00022208633890841156
0.0001279380958294496
0.0001248015178134665
0.00010944936366286129
0.00011981467105215415
0.0001113230682676658
0.00011080174590460956
0.00013643945567309856
7.845274376450107e-05
0.00013302151637617499
0.00012897748092655092
0.00013404081983026117
8.680227620061487e-05
0.0001510682050138712
9.89800100796856e-05
0.00014999722770880908
0.00011271878611296415
9.600040357327089e-05
0.00012553339183796197
0.00013245802256278694
0.00013031935668550432
0.00011199273285456002
0.0001471488067181781
0.0001523712562629953
0.00010174419003305957
0.00011993963562417775
0.00013144349213689566
0.00013860545004718006
0.00016720459097996354
0.00019994461035821587
0.000131331937154755
0.00010319569264538586
0.00010545363329583779
0.00011630854714894667
0.00010048766853287816
0.00016873827553354204
0.0001358375884592533
8.403088577324525e-05
0.00012881889415439218
0.00013050784764345735
0.00013521523214876652
0.00017376327014062554
7.525707769673318e-05
0.0001616877707419917
0.00010121906234417111
9.207749099005014e-05
0.0001322604512097314
8.946602611104026e-05
0.00020689803932327777
0.00011944137804675847
0.00011739094770746306
0.0001020352283376269
0.00011196813284186646
0.00010427463712403551
0.00010362178727518767
0.00012834359949920326
7.343999459408224e-05
0.00012496825365815312
0.00012085255002602935
0.0001262130681425333
8.160595461959019e-05
0.0001411457487847656
9.284578118240461e-05
0.00013940279313828796
0.00010557861241977662
8.993950177682564e-05
0.00011845117842312902
0.0001242602738784626
0.00012179136683698744
0.00010480267519596964
0.00013801005843561143
0.00014331701095215976
9.5626492111478e-05
0.00011222821922274306
0.00012281401723157614
0.00012980472820345312
0.00015620907652191818
0.0001869629486463964
0.00012336311920080334
9.684357064543292e-05
9.890324872685596e-05
0.00010936272155959159
9.405148739460856e-05
0.00015791015175636858
0.0001275856193387881
7.883860234869644e-05
0.00012030167272314429
0.00012176988821011037
0.0001269046770175919
0.00016315586981363595
7.09860396455042e-05
0.00015072514361236244
9.440205758437514e-05
8.647979120723903e-05
0.00012359411630313843
8.449058077530935e-05
0.00019347047782503068
0.00011161701695527881
0.00011059850658057258
9.558967576595023e-05
0.00010538796050241217
9.868258348433301e-05
9.72222987911664e-05
0.00012105326459277421
6.905071495566517e-05
0.00011802039807662368
0.00011420450755394995
0.00011846658162539825
7.654379442101344e-05
0.00013279587437864393
8.687139779794961e-05
0.00013012441922910511
9.900204167934135e-05
8.45578542794101e-05
0.00011203901522094384
0.00011736160377040505
0.00011370854917913675
9.863018931355327e-05
0.00013031896378379315
0.00013488894910551608
8.990959759103134e-05
0.0001052096631610766
0.00011519090185174718
0.0001223524013767019
0.00014677573926746845
0.00017524376744404435
0.0001162896296591498
9.108956874115393e-05
9.312774636782706e-05
0.00010271510836901143
8.874902414390817e-05
0.00014854852634016424
0.00012005622556898743
7.416724838549271e-05
0.00011295873991912231
0.00011469870514702052
0.00011924660066142678
0.00015342936967499554
6.710886373184621e-05
0.00014116648526396602
8.865194104146212e-05
8.148428605636582e-05
0.000115783310320694
7.977800851222128e-05
0.00018205969536211342
0.00010522532102186233
0.00010493038280401379
8.990536298369989e-05
9.907774074235931e-05
9.273274190491065e-05
9.136926382780075e-05
0.00011436552449595183
6.506957288365811e-05
0.00011158191773574799
0.00010762795864138752
0.00011188714415766299
7.215913501568139e-05
0.0001248425105586648
8.1460784713272e-05
0.00012279985821805894
9.314309863839298e-05
8.020958193810657e-05
0.00010628106247168034
0.00011118873953819275
0.00010658227984094992
9.309362940257415e-05
0.0001229900517500937
0.0001271652727155015
8.480351243633777e-05
9.943284385371953e-05
0.00010833172564161941
0.00011596130934776738
0.0001382753107463941
0.00016530955326743424
0.00011017471842933446
8.62633460201323e-05
8.818147762212902e-05
9.682653762865812e-05
8.394306496484205e-05
0.0001400942273903638
0.00011360978533048183
6.979673344176263e-05
0.00010643403948051855
0.00010818651935551316
0.00011248137889197096
0.00014496673247776926
6.37485136394389e-05
0.00013295747339725494
8.338141196873039e-05
7.720261783106253e-05
0.00010858194582397118
7.571033347630873e-05
0.00017056493379641324
9.928656800184399e-05
9.956496796803549e-05
8.472865738440305e-05
9.346064325654879e-05
8.78337596077472e-05
8.649657684145495e-05
0.00010878046305151656
6.138651951914653e-05
0.00010567148274276406
0.00010232779459329322
0.00010585261770756915
6.822537397965789e-05
0.00011821994849015027
7.676749373786151e-05
0.00011512927449075505
8.818310016067699e-05
7.59360336815007e-05
0.00010103746899403632
0.00010516685142647475
0.00010093492892337963
8.792691369308159e-05
0.00011612013622652739
0.00011997652472928166
8.012520265765488e-05
9.397579560754821e-05
0.00010233258944936097
0.00010969938011839986
0.00013054581359028816
0.00015586467634420842
0.0001045263052219525
8.165072358679026e-05
8.338624320458621e-05
9.157936437986791e-05
7.91322163422592e-05
0.00013227663293946534
0.00010778905561892316
6.60357836750336e-05
0.00010032102727564052
0.00010238443064736202
0.00010664746514521539
0.00013726104225497693
6.04877459409181e-05
0.00012553713168017566
7.86412347224541e-05
7.364043267443776e-05
0.0001020842682919465
7.17502407496795e-05
0.00016080528439488262
9.408904588781297e-05
9.476029663346708e-05
8.043478010222316e-05
8.823255484458059e-05
8.356646139873192e-05
8.172431262210011e-05
0.00010310682409908623
5.828477878822014e-05
0.00010036572348326445
9.689119906397536e-05
0.00010024083167081699
6.434304668800905e-05
0.00011146602628286928
7.274814561242238e-05
0.00010881941125262529
8.36646868265234e-05
7.203359564300627e-05
9.625149687053636e-05
9.978905291063711e-05
9.519353625364602e-05
8.347831317223608e-05
0.00010990246664732695
0.00011402453674236313
7.596136856591329e-05
8.910470205591992e-05
9.683048847364262e-05
0.00010376986756455153
0.00012403324944898486
0.00014768964319955558
9.950549429049715e-05
7.765046029817313e-05
7.911204011179507e-05
8.690117101650685e-05
7.515852485084906e-05
0.00012508092913776636
0.00010280972492182627
6.242740346351638e-05
9.50982139329426e-05
9.726891585160047e-05
0.00010113664757227525
0.0001299502036999911
5.762671207776293e-05
0.00011871806054841727
7.444792572641745e-05
6.988789391471073e-05
9.64673818089068e-05
6.830203346908092e-05
0.00015224269009195268
8.927593444241211e-05
9.061151649802923e-05
7.637502130819485e-05
8.379387145396322e-05
7.942386582726613e-05
7.732272206339985e-05
9.790462354430929e-05
5.5166172387544066e-05
9.536388097330928e-05
9.216162288794294e-05
9.520274761598557e-05
6.119318277342245e-05
0.00010572096653049812
6.895666592754424e-05
0.00010331294470233843
7.935092435218394e-05
6.84462211211212e-05
9.173764556180686e-05
9.491116361459717e-05
9.047597995959222e-05
7.916777394711971e-05
0.00010412924166303128
0.00010846076474990696
7.229923357954249e-05
8.435530617134646e-05
9.134433639701456e-05
9.881820733426139e-05
0.0001177517551695928
0.00013964416575618088
9.476804552832618e-05
7.360193558270112e-05
7.528085552621633e-05
8.24750168249011e-05
7.126573473215103e-05
0.00011839649232570082
9.777727245818824e-05
5.936790330451913e-05
9.018646960612386e-05
9.218756895279512e-05
9.585009684087709e-05
0.00012369005708023906
5.492827403941192e-05
0.00011244568304391578
7.069362618494779e-05
6.660249346168712e-05
9.125451470026746e-05
6.493199180113152e-05
0.00014393265882972628
8.462020923616365e-05
8.624712063465267e-05
7.270550122484565e-05
7.946830737637356e-05
7.571874448331073e-05
7.349632505793124e-05
9.328994929092005e-05
5.2620929636759683e-05
9.08894362510182e-05
8.797930786386132e-05
9.048815991263837e-05
5.820574733661488e-05
0.00010036768799182028
6.583707727259025e-05
9.791867341846228e-05
7.566825661342591e-05
6.548876262968406e-05
8.76757112564519e-05
9.04631451703608e-05
8.530596096534282e-05
7.536837802035734e-05
9.892199886962771e-05
0.00010316853149561211
6.839782872702926e-05
8.024613634916022e-05
8.670710667502135e-05
9.408506593899801e-05
0.00011195166007382795
0.0001326367782894522
9.044446051120758e-05
7.02551260474138e-05
7.14734778739512e-05
7.81566632213071e-05
6.783810385968536e-05
0.00011245037603657693
9.347089508082718e-05
5.667362711392343e-05
8.586386684328318e-05
8.777467155596241e-05
9.113385749515146e-05
0.00011720684415195137
5.2499151934171095e-05
0.00010647511226125062
6.712765753036365e-05
6.380009290296584e-05
8.697332668816671e-05
6.20236387476325e-05
0.00013643999409396201
8.041585533646867e-05
8.260984759544954e-05
6.922467582626268e-05
7.539316720794886e-05
7.196037768153474e-05
6.979891622904688e-05
8.893850463209674e-05
5.023102494305931e-05
8.662947948323563e-05
8.35150494822301e-05
8.635154517833143e-05
5.558221528190188e-05
9.562684135744348e-05
6.252183084143326e-05
9.284266707254574e-05
7.207264570752159e-05
6.249349098652601e-05
8.377954509342089e-05
8.610860822955146e-05
8.12333237263374e-05
7.18267765478231e-05
9.412934014108032e-05
9.864265302894637e-05
6.552795821335167e-05
7.635433576069772e-05
8.230498497141525e-05
8.97509598871693e-05
0.00010664697765605524
0.00012616324238479137
8.627701754448935e-05
6.704652332700789e-05
6.778880197089165e-05
7.48538805055432e-05
6.455543189076707e-05
0.00010704912710934877
8.93265605554916e-05
5.40748551429715e-05
8.18567568785511e-05
8.353499288205057e-05
8.665407949592918e-05
0.00011201655433978885
5.024858546676114e-05
0.00010147076682187617
6.392808427335694e-05
6.095372373238206e-05
8.234485721914098e-05
5.9125348343513906e-05
0.0001297325943596661
7.635818474227563e-05
7.925837417133152e-05
6.587243842659518e-05
7.193272904260084e-05
6.885766924824566e-05
6.662292435066774e-05
8.456716022919863e-05
4.793809785041958e-05
8.283986971946433e-05
7.997877401066944e-05
8.252009138232097e-05
5.275388321024366e-05
9.097698057303205e-05
5.960311318631284e-05
8.836077176965773e-05
6.867894990136847e-05
5.978950866847299e-05
8.03909424575977e-05
8.223831537179649e-05
7.742133311694488e-05
6.881989247631282e-05
8.999647980090231e-05
9.409550693817437e-05
6.263257819227874e-05
7.27639053366147e-05
7.816998549969867e-05
8.558993431506678e-05
0.00010192494664806873
0.00011996853572782129
8.257748413598165e-05
6.386933091562241e-05
6.48531859042123e-05
7.148072472773492e-05
6.169033440528437e-05
0.00010179506352869794
8.564849122194573e-05
5.1846171118086204e-05
7.782454486005008e-05
7.971408922458068e-05
8.257893932750449e-05
0.00010656951781129465
4.824734423891641e-05
9.672913438407704e-05
6.10251518082805e-05
5.845993655384518e-05
7.831898255972192e-05
5.649692684528418e-05
0.00012319436063989997
7.302001176867634e-05
7.578643271699548e-05
6.285194831434637e-05
6.849348574178293e-05
6.572872371179983e-05
6.359916733345017e-05
8.065097063081339e-05
4.5696790039073676e-05
7.925735553726554e-05
7.638649549335241e-05
7.871187699493021e-05
5.0437178288120776e-05
8.702035847818479e-05
5.687956581823528e-05
8.391986921196803e-05
6.539815512951463e-05
5.722050627809949e-05
7.713084778515622e-05
7.883040962042287e-05
7.391479448415339e-05
6.578622560482472e-05
8.591212827013806e-05
8.978352707345039e-05
