2.076231002807617
2.06557035446167
2.046154737472534
2.026149272918701
2.003981113433838
1.973998785018921
1.9393393993377686
1.9075087308883667
1.8791606426239014
1.8330268859863281
1.811425805091858
1.7860944271087646
1.7416696548461914
1.6693050861358643
1.6743592023849487
1.6067978143692017
1.6062148809432983
1.5149668455123901
1.5254143476486206
1.5050123929977417
1.443084478378296
1.396687388420105
1.3299802541732788
1.3136943578720093
1.2956377267837524
2.0270214080810547
1.899171233177185
1.786804437637329
1.609845757484436
1.5873005390167236
1.4855579137802124
1.38203763961792
1.3353205919265747
1.341505527496338
1.2618831396102905
1.2010775804519653
1.0784580707550049
1.0720231533050537
1.1986044645309448
0.9954399466514587
1.0147852897644043
0.9863677620887756
0.9858798384666443
0.8537919521331787
0.7912596464157104
0.8222949504852295
0.7945303320884705
0.7518853545188904
0.7346429228782654
0.6417676210403442
1.6818830966949463
1.2416805028915405
1.1557514667510986
1.0673918724060059
0.9433051347732544
0.8799657225608826
0.9086863398551941
0.8433982729911804
0.8273153901100159
0.8284207582473755
0.7812983989715576
0.7545323371887207
0.7918382287025452
0.8157440423965454
0.7502257823944092
0.5977248549461365
0.6380423307418823
0.6154441237449646
0.5978896617889404
0.5611783266067505
0.5396674275398254
0.5274547338485718
0.5270766019821167
0.5683916807174683
0.4793917238712311
1.9284868240356445
1.3589318990707397
1.3225234746932983
1.1640136241912842
1.0607516765594482
1.0805652141571045
1.0123252868652344
0.9577207565307617
0.8199760913848877
0.6950392723083496
0.6960788369178772
0.8578042984008789
0.7203167080879211
0.6653857231140137
0.6784770488739014
0.7092371582984924
0.5642836093902588
0.5556924343109131
0.6038233637809753
0.5318021178245544
0.597120463848114
0.5394217371940613
0.48304829001426697
0.5117331147193909
0.559855043888092
2.025397300720215
1.4705699682235718
1.048215389251709
0.9705892205238342
1.0015735626220703
0.8881570100784302
0.9017831683158875
0.8338665962219238
0.7653098702430725
0.7271373271942139
0.8141132593154907
0.8359195590019226
0.6876611113548279
0.5900207161903381
0.6555302143096924
0.6380889415740967
0.5496826767921448
0.6044530868530273
0.4858948290348053
0.5249138474464417
0.5280795693397522
0.5672005414962769
0.47675058245658875
0.4748719334602356
0.5207539796829224
1.1763503551483154
0.8028405904769897
0.6865986585617065
0.7585756778717041
0.694088876247406
0.7804625630378723
0.6300946474075317
0.5631190538406372
0.5468862652778625
0.6960783004760742
0.5709972977638245
0.5952351093292236
0.6316920518875122
0.6184483170509338
0.5302467942237854
0.47518014907836914
0.46776658296585083
0.49899762868881226
0.43676742911338806
0.5085488557815552
0.4119336009025574
0.4400576949119568
0.48812735080718994
0.48715606331825256
0.4300755560398102
0.6559884548187256
0.5098196864128113
0.5261312127113342
0.5238082408905029
0.5546659231185913
0.4778068959712982
0.5087756514549255
0.4362281262874603
0.5066051483154297
0.6363964676856995
0.4766571521759033
0.4562501609325409
0.41335994005203247
0.43666988611221313
0.41897934675216675
0.46665656566619873
0.4235178530216217
0.44253650307655334
0.37445756793022156
0.4303285777568817
0.35303831100463867
0.40096789598464966
0.38643747568130493
0.3821490406990051
0.3426873981952667
0.5473520159721375
0.5441120862960815
0.5981754660606384
0.5632877349853516
0.42957034707069397
0.4268309772014618
0.3100249767303467
0.44969481229782104
0.3892880380153656
0.4547763466835022
0.49371233582496643
0.4217831492424011
0.33488842844963074
0.3560929000377655
0.3994995355606079
0.3639930486679077
0.3393249809741974
0.3988996744155884
0.3374060094356537
0.39777353405952454
0.4194430708885193
0.3780749440193176
0.3421404957771301
0.28747794032096863
0.29942965507507324
0.6760038137435913
0.5870620012283325
0.43196216225624084
0.4116898775100708
0.376971036195755
0.3478092551231384
0.4468701183795929
0.502472460269928
0.3569340407848358
0.424630731344223
0.40280017256736755
0.3698238134384155
0.3464333117008209
0.4417901039123535
0.35020583868026733
0.4827473759651184
0.29248183965682983
0.3443456292152405
0.31619539856910706
0.33852338790893555
0.33761873841285706
0.3064614236354828
0.26977041363716125
0.28774136304855347
0.3470075726509094
0.5021991729736328
0.4338734745979309
0.3128770887851715
0.36742138862609863
0.35417845845222473
0.41210371255874634
0.29128172993659973
0.392032653093338
0.3981487452983856
0.4079649746417999
0.3109685778617859
0.3476741909980774
0.28724390268325806
0.33948805928230286
0.342321515083313
0.3881186842918396
0.2791793942451477
0.3843808174133301
0.4384615421295166
0.3013642430305481
0.2914813756942749
0.24845755100250244
0.2694757878780365
0.3412504196166992
0.2867274284362793
0.47141867876052856
0.3142053484916687
0.3422479033470154
0.3523567020893097
0.4192168414592743
0.4380160868167877
0.3364138603210449
0.3372623026371002
0.3075680732727051
0.2673690617084503
0.2657965123653412
0.3038126528263092
0.27821630239486694
0.41949576139450073
0.23486557602882385
0.2935718297958374
0.24572879076004028
0.24683572351932526
0.28223487734794617
0.20912715792655945
0.23120158910751343
0.20225685834884644
0.2726964056491852
0.27342838048934937
0.2783539593219757
0.21611127257347107
0.26921847462654114
0.19637174904346466
0.278590589761734
0.2149563729763031
0.2464592307806015
0.2988099455833435
0.27207234501838684
0.2260911762714386
0.21321462094783783
0.21658466756343842
0.23976284265518188
0.1780887097120285
0.2395632117986679
0.1510063260793686
0.27199670672416687
0.2673872113227844
0.2715303897857666
0.24283957481384277
0.16392987966537476
0.1747850775718689
0.234855517745018
0.2455991506576538
0.24599233269691467
0.23185080289840698
0.18171124160289764
0.21484822034835815
0.3461031913757324
0.22602486610412598
0.24850957095623016
0.3309696316719055
0.2730531692504883
0.21062129735946655
0.19048935174942017
0.2801072597503662
0.23263958096504211
0.39783671498298645
0.18283987045288086
0.20912869274616241
0.17403198778629303
0.1709762066602707
0.1980864554643631
0.2060943990945816
0.22026993334293365
0.19223345816135406
0.23454006016254425
0.2825052738189697
0.22550317645072937
0.1604919582605362
0.21816542744636536
0.14579901099205017
0.2869647145271301
0.17669762670993805
0.1917373687028885
0.19762752950191498
0.21516363322734833
0.16752558946609497
0.19187921285629272
0.1705099493265152
0.21236956119537354
0.16574078798294067
0.1750466674566269
0.13162629306316376
0.22484184801578522
0.23975251615047455
0.18439307808876038
0.1757693588733673
0.1841718554496765
0.16502755880355835
0.16800954937934875
0.19652321934700012
0.2091396301984787
0.14529429376125336
0.12869830429553986
0.15615059435367584
0.16031970083713531
0.20026078820228577
0.17581108212471008
0.17504578828811646
0.13694007694721222
0.14813315868377686
0.13481613993644714
0.18181796371936798
0.20085079967975616
0.3135741949081421
0.11714167147874832
0.14125469326972961
0.14992302656173706
0.13084526360034943
0.12271470576524734
0.13470366597175598
0.1536148488521576
0.08986661583185196
0.18039868772029877
0.215727761387825
0.18402425944805145
0.11383255571126938
0.13734479248523712
0.11422771960496902
0.19915837049484253
0.09375397861003876
0.13989165425300598
0.14716225862503052
0.1629946380853653
0.10491639375686646
0.13064511120319366
0.11251873522996902
0.14282678067684174
0.10222727805376053
0.10691073536872864
0.07567465305328369
0.1753539741039276
0.13763214647769928
0.14370042085647583
0.16657474637031555
0.0984169989824295
0.11306934803724289
0.1481090486049652
0.17072100937366486
0.17847558856010437
0.11975432187318802
0.08085375279188156
0.09909766912460327
0.1017143502831459
0.16848883032798767
0.10067489743232727
0.12114904820919037
0.13585162162780762
0.0762903168797493
0.12198182940483093
0.11628089845180511
0.12844198942184448
0.2535153031349182
0.11797080188989639
0.07832552492618561
0.11988498270511627
0.12901128828525543
0.11023496836423874
0.08516266196966171
0.09923014044761658
0.05186586454510689
0.11403025686740875
0.17798364162445068
0.14569297432899475
0.0743214339017868
0.12569992244243622
0.06947668641805649
0.15840692818164825
0.11272331327199936
0.10355152934789658
0.11094002425670624
0.13880620896816254
0.08117026835680008
0.08718084543943405
0.13623879849910736
0.11057285964488983
0.1071670725941658
0.10109011828899384
0.051031000912189484
0.13836725056171417
0.11804855614900589
0.10538895428180695
0.0885346382856369
0.09171319007873535
0.09041105955839157
0.11297161877155304
0.12124686688184738
0.12042269855737686
0.08348295092582703
0.06163831055164337
0.08035747706890106
0.1143191009759903
0.12632893025875092
0.11895231157541275
0.0904933512210846
0.14053601026535034
0.08041705936193466
0.08733803033828735
0.13491514325141907
0.10056018084287643
0.2133813351392746
0.07193106412887573
0.07234056293964386
0.09265055507421494
0.13293996453285217
0.10083729028701782
0.07930158823728561
0.06086532771587372
0.04504905641078949
0.08678082376718521
0.1371360719203949
0.10952470451593399
0.05422405153512955
0.10222858935594559
0.06435640156269073
0.11156519502401352
0.06188977137207985
0.11058251559734344
0.1252523511648178
0.1229051947593689
0.038509514182806015
0.07350940257310867
0.08200585097074509
0.0960221067070961
0.06523920595645905
0.0702056735754013
0.04437267407774925
0.11857360601425171
0.1135784313082695
0.08239760994911194
0.10175887495279312
0.0550711490213871
0.0836871787905693
0.08923070877790451
0.10578159987926483
0.11333344876766205
0.07414882630109787
0.05351492017507553
0.06606574356555939
0.07661508768796921
0.0955791175365448
0.08904413133859634
0.06698599457740784
0.10199186950922012
0.04748348891735077
0.08241689205169678
0.06974441558122635
0.09564946591854095
0.1610587239265442
0.05713169649243355
0.0518747940659523
0.08101358264684677
0.07806576043367386
0.09496361762285233
0.06746874749660492
0.08790544420480728
0.03236917778849602
0.07533353567123413
0.12234090268611908
0.06617868691682816
0.062289513647556305
0.08856774121522903
0.04435186833143234
0.08624275028705597
0.06449544429779053
0.06440536677837372
0.06425698846578598
0.11280542612075806
0.04723053053021431
0.04323776811361313
0.0676177367568016
0.06667625159025192
0.04378813877701759
0.05186150223016739
0.045122381299734116
0.08209919184446335
0.1006169244647026
0.07710547000169754
0.10051339119672775
0.048424240201711655
0.05879320204257965
0.07019771635532379
0.11590573191642761
0.12253175675868988
0.061407461762428284
0.05823720991611481
0.051315221935510635
0.06718413531780243
0.050831567496061325
0.056328289210796356
0.045149631798267365
0.07819093018770218
0.041791848838329315
0.06922055780887604
0.05824534595012665
0.07676489651203156
0.13338257372379303
0.057160042226314545
0.04916539043188095
0.055583178997039795
0.0835454910993576
0.08105356246232986
0.07061757147312164
0.042617134749889374
0.03739121928811073
0.04327298700809479
0.08921610563993454
0.06336307525634766
0.04793357104063034
0.0763430967926979
0.03672231733798981
0.05131391063332558
0.04532771557569504
0.06855810433626175
0.06619618833065033
0.08439037203788757
0.032237015664577484
0.05596869811415672
0.05494297295808792
0.06902720779180527
0.022246668115258217
0.046150192618370056
0.02226252481341362
0.04374326393008232
0.07621634006500244
0.052333272993564606
0.07368219643831253
0.03922378271818161
0.06417971104383469
0.06079665198922157
0.09853281825780869
0.08249928802251816
0.04301197826862335
0.027348879724740982
0.05765390396118164
0.0573183074593544
0.042270369827747345
0.048987869173288345
0.023919273167848587
0.06338470429182053
0.028727766126394272
0.051072850823402405
0.0630405843257904
0.06405483186244965
0.1063803881406784
0.04233258590102196
0.02506643533706665
0.04780296981334686
0.04100529104471207
0.07144933938980103
0.047213468700647354
0.036415547132492065
0.01557859405875206
0.036704324185848236
0.10757292062044144
0.05206293240189552
0.03778078034520149
0.06462839990854263
0.029789429157972336
0.04668860509991646
0.05496608093380928
0.027338270097970963
0.044026218354701996
0.07548373192548752
0.024107713252305984
0.03313959762454033
0.0451991967856884
0.03514773026108742
0.03526141121983528
0.04367304965853691
0.03324166685342789
0.04658854752779007
0.07439576089382172
0.046623166650533676
0.04067434370517731
0.04516232758760452
0.0639539286494255
0.06697888672351837
0.057294778525829315
0.03244533762335777
0.053999416530132294
0.026321930810809135
0.031172605231404305
0.0582173615694046
0.056741390377283096
0.0687752440571785
0.029146119952201843
0.037117693573236465
0.03242959454655647
0.06344209611415863
0.03748524561524391
0.03281916677951813
0.06367377191781998
0.024674449115991592
0.01856374740600586
0.032213859260082245
0.037626009434461594
0.03906514495611191
0.023797089233994484
0.042261552065610886
0.015959950163960457
0.027325604110956192
0.05832738056778908
0.029652217403054237
0.04422151669859886
0.029780305922031403
0.015449117869138718
0.03298935666680336
0.057158730924129486
0.04184246435761452
0.03412952274084091
0.08040989190340042
0.010000532492995262
0.02100946195423603
0.040930021554231644
0.048241328448057175
0.023815304040908813
0.03147641569375992
0.016167359426617622
0.09247314929962158
0.06086067110300064
0.03313424065709114
0.03709395229816437
0.03207702562212944
0.029877714812755585
0.06011216714978218
0.08076485991477966
0.043083008378744125
0.030329473316669464
0.03170645236968994
0.0256351288408041
0.02589225582778454
0.08448655158281326
0.05342824012041092
0.02831364795565605
0.03918307647109032
0.039473723620176315
0.06121627986431122
0.052118103951215744
0.04391254857182503
0.10742254555225372
0.04383915662765503
0.030260581523180008
0.02562061883509159
0.035451412200927734
0.044819947332143784
0.021521441638469696
0.030036387965083122
0.022256875410676003
0.03612513467669487
0.06646404415369034
0.034976355731487274
0.0457976832985878
0.044908616691827774
0.0164325051009655
0.040237829089164734
0.018719546496868134
0.03704707697033882
0.035949982702732086
0.06566378474235535
0.019175900146365166
0.03309883922338486
0.025385595858097076
0.023694010451436043
0.019015690311789513
0.025429725646972656
0.013957229442894459
0.05397588014602661
0.04308000206947327
0.019656945019960403
0.022901244461536407
0.02778283692896366
0.030353322625160217
0.04029737785458565
0.042341772466897964
0.042091649025678635
0.039024464786052704
0.03436776623129845
0.05667717009782791
0.04234717786312103
0.029647909104824066
0.029800109565258026
0.016475588083267212
0.021533172577619553
0.03165227919816971
0.03035701997578144
0.03929334878921509
0.041641753166913986
0.04240785911679268
0.0327092669904232
0.02649943344295025
0.024782836437225342
0.014209574088454247
0.022714907303452492
0.040313635021448135
0.02776911109685898
0.014144149608910084
0.03690795972943306
0.06785863637924194
0.032517679035663605
0.023900339379906654
0.03746727854013443
0.015348084270954132
0.036319345235824585
0.024820908904075623
0.02453288622200489
0.02921905182301998
0.04851720482110977
0.027403516694903374
0.04733249545097351
0.017149444669485092
0.03905009105801582
0.026828935369849205
0.027051640674471855
0.019605759531259537
0.02670980989933014
0.04418426379561424
0.02136366255581379
0.021809248253703117
0.02067592926323414
0.02209874615073204
0.030008969828486443
0.038797684013843536
0.026332421228289604
0.03636259585618973
0.01971594989299774
0.02399514988064766
0.021932538598775864
0.021843260154128075
0.024897685274481773
0.02277308516204357
0.015666479244828224
0.018332464620471
0.025572961196303368
0.040572237223386765
0.04774218425154686
0.03379826992750168
0.008037135004997253
0.012729181908071041
0.02616441808640957
0.05455149710178375
0.02776462584733963
0.033183321356773376
0.025017358362674713
0.0065933591686189175
0.027398567646741867
0.04693381115794182
0.014863726682960987
0.02133115381002426
0.03634573891758919
0.01640063151717186
0.08716398477554321
0.018786150962114334
0.007160148583352566
0.032275449484586716
0.052485525608062744
0.009444218128919601
0.023417746648192406
0.012845712713897228
0.035048454999923706
0.030159618705511093
0.019625606015324593
0.011171176098287106
0.03281009569764137
0.027221079915761948
0.025207316502928734
0.010905066505074501
0.011360881850123405
0.013291279785335064
0.03267969563603401
0.041398145258426666
0.03423221409320831
0.012992856092751026
0.01594066619873047
0.024431556463241577
0.015438544563949108
0.021701708436012268
0.026622598990797997
0.024740219116210938
0.01777752675116062
0.01718406192958355
0.044826094061136246
0.024652037769556046
0.02849700301885605
0.03623032197356224
0.013659786432981491
0.01450404990464449
0.02695397660136223
0.02237093262374401
0.0259949192404747
0.018495552241802216
0.00740706967189908
0.018620014190673828
0.03137921541929245
0.0546783022582531
0.02181987836956978
0.03534549102187157
0.01832321099936962
0.017051786184310913
0.028192821890115738
0.020604195073246956
0.026337293907999992
0.027141612023115158
0.041849009692668915
0.01803426630795002
0.015228700824081898
0.02470114454627037
0.017105042934417725
0.027571722865104675
0.025449134409427643
0.028920963406562805
0.020135410130023956
0.06147334724664688
0.047420430928468704
0.015714285895228386
0.019785260781645775
0.02660318836569786
0.011937483213841915
0.036094073206186295
0.04611176252365112
0.020652951672673225
0.020544089376926422
0.021469689905643463
0.020349739119410515
0.010745998471975327
0.01092415302991867
0.010602110996842384
0.016941549256443977
0.020454566925764084
0.015847336500883102
0.015250910073518753
0.013374962843954563
0.019348610192537308
0.010904434137046337
0.016199590638279915
0.015971103683114052
0.012787164188921452
0.016601333394646645
0.007764637935906649
0.011014283634722233
0.013709420338273048
0.022232893854379654
0.018937107175588608
0.012778745964169502
0.016261979937553406
0.012706737965345383
0.02318297140300274
0.02452251687645912
0.00660226633772254
0.01312228199094534
0.028448136523365974
0.021815158426761627
0.010287159122526646
0.0075647952035069466
0.017578545957803726
0.013371409848332405
0.01793605647981167
0.013049863278865814
0.009974614717066288
0.019695311784744263
0.02912268228828907
0.007946360856294632
0.018110845237970352
0.008812551386654377
0.01939781941473484
0.020182223990559578
0.019206708297133446
0.01517204474657774
0.007714514154940844
0.009780731052160263
0.006892095319926739
0.02831137925386429
0.013547109439969063
0.02324891835451126
0.02388480119407177
0.021357951685786247
0.008413766510784626
0.013300340622663498
0.012558070942759514
0.01550233457237482
0.040853895246982574
0.013696677051484585
0.02097291871905327
0.013444381766021252
0.010410287417471409
0.011684736236929893
0.00816668663173914
0.007157445419579744
0.007758503779768944
0.00868958979845047
0.025307118892669678
0.010613945312798023
0.008050136268138885
0.01593189127743244
0.007372188847512007
0.01852358877658844
0.015822634100914
0.013965686783194542
0.0055213975720107555
0.022580541670322418
0.0054613761603832245
0.007897580042481422
0.01989756152033806
0.013181994669139385
0.017360271885991096
0.02134471759200096
0.004300264175981283
0.018197590485215187
0.015010999515652657
0.018530797213315964
0.012011117301881313
0.005652276333421469
0.006447358522564173
0.011608789674937725
0.015556355938315392
0.01068421546369791
0.005475688725709915
0.0025518264155834913
0.007525478024035692
0.010313992388546467
0.007901439443230629
0.012514755129814148
0.013314876705408096
0.0048375558108091354
0.00719297444447875
0.009171837940812111
0.008338110521435738
0.010386146605014801
0.00827550794929266
0.01277519017457962
0.01281268522143364
0.0068230582401156425
0.00707450695335865
0.01402350515127182
0.001613108441233635
0.015049971640110016
0.0029604944866150618
0.01846439577639103
0.023708082735538483
0.005754430778324604
0.008843997493386269
0.0049395207315683365
0.013569948263466358
0.003313121385872364
0.004500226583331823
0.013060351833701134
0.004595301114022732
0.006602985318750143
0.005952130071818829
0.0127051817253232
0.011539227329194546
0.007724161259829998
0.004428957123309374
0.012123921886086464
0.010676280595362186
0.009103494696319103
0.010063312947750092
0.006892811041325331
0.009003984741866589
0.010029513388872147
0.0077308956533670425
0.00606383103877306
0.02127835713326931
0.013727443292737007
0.0035376406740397215
0.0026119311805814505
0.004291444085538387
0.00546108977869153
0.0236800629645586
0.041490375995635986
0.020425569266080856
0.01081841066479683
0.00827633123844862
0.015212303958833218
0.007580597884953022
0.004169485531747341
0.025985021144151688
0.006227692123502493
0.004577378276735544
0.017632031813263893
0.00926700234413147
0.01467433013021946
0.0075608002953231335
0.01616167090833187
0.00615402776747942
0.011465952731668949
0.011771113611757755
0.004209806211292744
0.00871345866471529
0.005695194937288761
0.010309136472642422
0.01590283401310444
0.016371579840779305
0.014882884919643402
0.009756477549672127
0.00994366966187954
0.0039793043397367
0.003474567551165819
0.02425604872405529
0.012503990903496742
0.005331322550773621
0.010849977843463421
0.002915099961683154
0.011723495088517666
0.013084075413644314
0.013413540087640285
0.007151448167860508
0.00683206832036376
0.008480076678097248
0.013251258060336113
0.013705523684620857
0.016056867316365242
0.01055346429347992
0.005146851763129234
0.021069644019007683
0.004377566743642092
0.00633149454370141
0.005375748034566641
0.006292584352195263
0.012427444569766521
0.005480191670358181
0.012455778196454048
0.019936122000217438
0.004593800753355026
0.02556125819683075
0.002226834651082754
0.0049776239320635796
0.011934970505535603
0.022281579673290253
0.017026115208864212
0.00816414225846529
0.004528840538114309
0.0047706421464681625
0.01612594537436962
0.003351377323269844
0.013844618573784828
0.004518584813922644
0.010405353270471096
0.01925102062523365
0.019764959812164307
0.005801166407763958
0.011273737996816635
0.015053643845021725
0.004163035657256842
0.0025593747850507498
0.009658020921051502
0.01152811013162136
0.015232148580253124
0.00843061599880457
0.014218511991202831
0.01580277644097805
0.007277267053723335
0.009432371705770493
0.012410509400069714
0.004905241541564465
0.004209950100630522
0.009144837968051434
0.019909676164388657
0.038715578615665436
0.010879210196435452
0.012681491672992706
0.003249696223065257
0.0030215070582926273
0.024404868483543396
0.019187338650226593
0.040448836982250214
0.008102928288280964
0.007754762191325426
0.007941129617393017
0.023936301469802856
0.003159597981721163
0.010102493688464165
0.019836416468024254
0.011865256354212761
0.019003236666321754
0.008240703493356705
0.006595643702894449
0.006216183304786682
0.003298011841252446
0.0053477054461836815
0.002807562705129385
0.00915494468063116
0.007186197675764561
0.009276213124394417
0.004889919888228178
0.0037214369513094425
0.012973911128938198
0.006826929748058319
0.0053520239889621735
0.007200881838798523
0.0075098141096532345
0.019430097192525864
0.0027683342341333628
0.0033682393841445446
0.00927057210355997
0.0062731229700148106
0.004784305579960346
0.0021263195667415857
0.0022464815992861986
0.021366065368056297
0.00542109739035368
0.004567442927509546
0.018107157200574875
0.009668298996984959
0.004572263453155756
0.005642258562147617
0.008395347744226456
0.015037110075354576
0.0068007525987923145
0.002373443217948079
0.010216737166047096
0.0016932712169364095
0.005402963608503342
0.0014250929234549403
0.0027921507135033607
0.003993249032646418
0.013890628702938557
0.0023947276640683413
0.001810543006286025
0.0031988017726689577
0.003721826011314988
0.006358973681926727
0.005786950699985027
0.001974993385374546
0.0036449888721108437
0.002571785356849432
0.006734137888997793
0.002538603264838457
0.0026262286119163036
0.006417685654014349
0.00836082361638546
0.003823172068223357
0.0018568887608125806
0.005523397121578455
0.0016521790530532598
0.0040859654545784
0.008114499039947987
0.0036069336347281933
0.003173092845827341
0.0027065258473157883
0.0005942487623542547
0.004048787523061037
0.0051871407777071
0.0021174235735088587
0.004467423539608717
0.005604894366115332
0.0017204595496878028
0.0016662401612848043
0.0031619297806173563
0.001720481552183628
0.0016306586330756545
0.0011617093114182353
0.0017484144773334265
0.0021709268912672997
0.002290427451953292
0.0019842833280563354
0.0012790781911462545
0.004248263780027628
0.0033067220356315374
0.0022656735964119434
0.0017068268498405814
0.002111567184329033
0.0046749841421842575
0.007273530121892691
0.0014145061140879989
0.0019646012224256992
0.002389110391959548
0.002394541632384062
0.007246069144457579
0.0007056748145259917
0.0010235616937279701
0.0015626749955117702
0.0006174521986395121
0.001203319989144802
0.0005881872493773699
0.0011121423449367285
0.0008275142754428089
0.0020011046435683966
0.003350472543388605
0.0007190887699835002
0.0006710462621413171
0.0008919895044527948
0.0012035502586513758
0.00835906621068716
0.0006814011139795184
0.0011515733785927296
0.0016484007937833667
0.0015683072851970792
0.0006181162316352129
0.0009269476868212223
0.0019405456259846687
0.002828228287398815
0.0008645621128380299
0.0020139787811785936
0.0015994868008419871
0.0023041090462356806
0.0016794371185824275
0.0024096150882542133
0.0008017075597308576
0.0020504193380475044
0.0012790047330781817
0.0017566464375704527
0.0008244417840614915
0.001405008602887392
0.0007341740420088172
0.0005643655895255506
0.0017105486476793885
0.000760988739784807
0.0014543539145961404
0.002495130058377981
0.001083273091353476
0.001448316965252161
0.00044656140380539
0.0010503780795261264
0.0008769322885200381
0.0016141036758199334
0.0009675445617176592
0.000510048761498183
0.0006617433973588049
0.0006748699815943837
0.0004589541640598327
0.0004158788942731917
0.001062178984284401
0.000672086316626519
0.0004917200421914458
0.000764550466556102
0.0010427217930555344
0.0006967440713196993
0.000574473524466157
0.001357769826427102
0.0007301542209461331
0.001186678186058998
0.0007266048924066126
0.0003766885492950678
0.0008291854173876345
0.0007715891115367413
0.00040398500277660787
0.000550558790564537
0.0011840674560517073
0.0009491877281107008
0.000548013427760452
0.000678114069160074
0.0019178033107891679
0.0015891635557636619
0.000801344052888453
0.0006719919620081782
0.00048129723290912807
0.00048768764827400446
0.0006135275471024215
0.0009243980166502297
0.0005641340976580977
0.00041870662244036794
0.00047648404142819345
0.0003267306601628661
0.0003329389146529138
0.00037392775993794203
0.0006883091409690678
0.0004716144467238337
0.0005191929521970451
0.0008609747746959329
0.0002891332842409611
0.00082495337119326
0.0006191012216731906
0.0007879016920924187
0.0008770551066845655
0.00033881579292938113
0.0006657858029939234
0.0003906482015736401
0.0003243001119699329
0.0011148337507620454
0.00044691681978292763
0.0005336254253052175
0.0003516865835990757
0.0005470006144605577
0.0004618505190592259
0.00048667119699530303
0.00044850114500150084
0.00046672095777466893
0.00035099146771244705
0.0004550874582491815
0.00041397300083190203
0.00030384742422029376
0.0004588091978803277
0.000506783660966903
0.000218972607399337
0.0003498639562167227
0.0004516877525020391
0.00037882738979533315
0.00040915163117460907
0.000342197366990149
0.0002740879717748612
0.0006367787136696279
0.0005199230508878827
0.00048707667156122625
0.0003755920333787799
0.0003661065420601517
0.00036197059671394527
0.00047597038792446256
0.0003506027569528669
0.0003659393987618387
0.00033099568099714816
0.0002275078877573833
0.0002631461538840085
0.0003323773271404207
0.00042947460315190256
0.00032306864159181714
0.00034724679426290095
0.0004914668970741332
0.00023924918787088245
0.0003455819096416235
0.00039344473043456674
0.0004460289201233536
0.00034364257589913905
0.0002214917476521805
0.0003224096726626158
0.00024570515961386263
0.0002512064529582858
0.0002598286373540759
0.00030204508220776916
0.00027817345107905567
0.0002710858825594187
0.0003845736209768802
0.00040410534711554646
0.0003511802351567894
0.000317517900839448
0.000346789340255782
0.0002762319054454565
0.00036475370870903134
0.00033953849924728274
0.0002567052433732897
0.00036561954766511917
0.00038611533818766475
0.0001900829520309344
0.0002763025986496359
0.0003563657228369266
0.0003076682914979756
0.0003201269719284028
0.0002827161515597254
0.00022661586990579963
0.0004907216061837971
0.00043243239633738995
0.00040173338493332267
0.00031064628274179995
0.00030110441730357707
0.0002911982883233577
0.00035421521170064807
0.00029050486045889556
0.0002814962062984705
0.0002567400224506855
0.0001925346878124401
0.00022684031864628196
0.0002586010377854109
0.00034530626726336777
0.0002715921145863831
0.00027798896189779043
0.00040652992902323604
0.0002047715097432956
0.00027638874598778784
0.00030401823460124433
0.00035938722430728376
0.00030552432872354984
0.0001930535800056532
0.00027989744557999074
0.00021661692881025374
0.0002127939515048638
0.00021625318913720548
0.000249030243139714
0.00022815173724666238
0.000225732903345488
0.0003222118830308318
0.0003419696004129946
0.00030186818912625313
0.0002634951379150152
0.0002946851891465485
0.00023251873790286481
0.00031426901114173234
0.0002945979358628392
0.00022553763119503856
0.00031414389377459884
0.0003264005936216563
0.0001687655021669343
0.00023383366351481527
0.000306358328089118
0.00026571471244096756
0.00027558996225707233
0.0002420417731627822
0.00020019635849166662
0.0004097944183740765
0.0003722496621776372
0.0003463736502453685
0.00027223798679187894
0.0002609039074741304
0.0002498718095012009
0.000299016828648746
0.0002508985053282231
0.0002406915300525725
0.00021900363208260387
0.00017194145766552538
0.00020395322644617409
0.00022339928545989096
0.00029314638231880963
0.00023773823340889066
0.00024003064027056098
0.0003504132619127631
0.0001809931272873655
0.00023912315373308957
0.00025919440668076277
0.0003109087992925197
0.0002725587983150035
0.00017226151248905808
0.00024855011724866927
0.00019457668531686068
0.00018740390078164637
0.00018824679136741906
0.0002177042479161173
0.00020019372459501028
0.00019579980289563537
0.00028227060101926327
0.00030467810574918985
0.00026457945932634175
0.00023123400751501322
0.0002568962227087468
0.00020315386063884944
0.00027837709058076143
0.0002585537440609187
0.00020242967002559453
0.00027922593289986253
0.00028283297433517873
0.0001533518370706588
0.0002053011121461168
0.00027150113601237535
0.0002361511578783393
0.0002443830017000437
0.0002160460571758449
0.00017934487550519407
0.0003585172526072711
0.0003300923272036016
0.00030635256553068757
0.0002432867040624842
0.00023171787324827164
0.00022205893765203655
0.0002607430797070265
0.00022124168754089624
0.0002153576206183061
0.00019382288155611604
0.0001557804353069514
0.00018558120063971728
0.00019947609689552337
0.00025710786576382816
0.00021233642473816872
0.00021279448992572725
0.000309810129692778
0.00016251565830316395
0.00021259876666590571
0.00022680414258502424
0.0002748770057223737
0.00024841795675456524
0.00015586442896164954
0.0002228694356745109
0.00017618529091123492
0.00016867573140189052
0.00016676676750648767
0.00019278473337180912
0.00017930030298884958
0.0001757575519150123
0.0002532665675971657
0.00027506457990966737
0.00023846383555792272
0.00020683607726823539
0.00022767024347558618
0.00018148920207750052
0.00025167965213768184
0.00023274432169273496
0.0001851521519711241
0.00025206789723597467
0.00025316880783066154
0.00014099673717282712
0.0001836355368141085
0.00024509039940312505
0.00021375090000219643
0.00022100673231761903
0.00019656018412206322
0.00016383819456677884
0.0003207615518476814
0.0002991191577166319
0.0002752761938609183
0.00022011921100784093
0.00021132024994585663
0.00020003269310109317
0.0002340168721275404
0.0001985942362807691
0.00019512217841111124
0.00017571033095009625
0.00014353229198604822
0.00017063543782569468
0.00018198401085101068
0.0002303926448803395
0.00019280274864286184
0.00019280957349110395
0.0002806707052513957
0.00014858698705211282
0.00019215286010876298
0.00020557409152388573
0.0002472655032761395
0.00022944416559766978
0.00014325343363452703
0.0002029148890869692
0.00016231133486144245
0.00015401572454720736
0.0001500944490544498
0.00017391133587807417
0.0001640448608668521
0.00015928831999190152
0.00023175030946731567
0.00025000047753565013
0.00021609615941997617
0.00018710503354668617
0.00020686129573732615
0.00016390088421758264
0.00023091011098586023
0.00021164641657378525
0.00016964298265520483
0.00023128400789573789
0.00022699663531966507
0.00013082557416055351
0.0001664111332502216
0.00022337969858199358
0.00019421720935497433
0.0002013531484408304
0.00017917049990501255
0.0001496637414675206
0.0002897986560128629
0.0002727240207605064
0.00025087801623158157
0.0002023158158408478
0.00019496843742672354
0.00018303275282960385
0.00021264524548314512
0.0001793723931768909
0.00017816197942011058
0.00016119613428600132
0.0001324759650742635
0.00015732503379695117
0.0001664177980273962
0.00020956090884283185
0.00017753899737726897
0.00017555347585584968
0.00025377952260896564
0.00013707777543459088
0.0001761872263159603
0.0001866247330326587
0.00022551958682015538
0.00021254806779325008
0.00013242648856248707
0.00018728335271589458
0.00015026518667582422
0.00014169370115268975
0.0001372388651361689
0.00015860609710216522
0.00015061130397953093
0.0001460405910620466
0.00021235746680758893
0.00022916692250873893
0.00019802326278295368
0.0001717806444503367
0.00018969783559441566
0.00015042780432850122
0.0002135372196789831
0.0001947711716638878
0.0001568538718856871
0.00021305758855305612
0.00020656964625231922
0.0001217586686834693
0.00015325899585150182
0.00020541563571896404
0.0001782342733349651
0.00018559063028078526
0.00016544124810025096
0.0001385714567732066
0.00026605138555169106
0.0002503048744983971
0.0002316152531420812
0.00018645261297933757
0.00017930750618688762
0.00016923219664022326
0.0001944699906744063
0.00016405849601142108
0.00016377279825974256
0.0001480365899624303
0.0001227230386575684
0.00014640182780567557
0.00015419126430060714
0.00019328443158883601
0.00016471894923597574
0.00016147831047419459
0.00023442914243787527
0.00012696048361249268
0.00016187108121812344
0.0001716134138405323
0.00020598301489371806
0.00019817610154859722
0.00012427872570697218
0.0001728072966216132
0.00013997737551108003
0.0001309242652496323
0.0001263865124201402
0.0001465635432396084
0.0001388534583384171
0.0001349883241346106
0.00019726301252376288
0.00021159907919354737
0.00018311850726604462
0.0001579669478815049
0.00017531188495922834
0.00013954531459603459
0.00019785374752245843
0.00017956802912522107
0.00014633058162871748
0.00019820914894808084
0.0001908033445943147
0.00011306431406410411
0.0001413997815689072
0.00019003561465069652
0.0001652613136684522
0.00017205893527716398
0.00015420267300214618
0.0001289375068154186
0.0002452940971124917
0.00023239085567183793
0.00021425406157504767
0.00017372709407936782
0.00016653210332151502
0.00015685451216995716
0.00018031030776910484
0.00015068693028297275
0.00015260942745953798
0.0001380450266879052
0.0001148171941167675
0.0001383727794745937
0.00014264955825638026
0.00017884151020552963
0.00015417535905726254
0.00014869087317492813
0.00021676314645446837
0.00011823666136479005
0.00015057103883009404
0.0001577015791554004
0.0001900867064250633
0.0001856843737186864
0.00011569527850952
0.00016066075477283448
0.0001307706697843969
0.0001225390296895057
0.00011792648729169741
0.00013582909014075994
0.0001290604704990983
0.00012496138515416533
0.00018401497800368816
0.00019614251505117863
0.00016946604591794312
0.0001467577531002462
0.0001623886200832203
0.00013017487071920186
0.0001846980449045077
0.0001672131329542026
0.0001364957424812019
0.0001846227969508618
0.00017696674331091344
0.00010584928531898186
0.00013143708929419518
0.00017631320224609226
0.00015321145474445075
0.00015918204735498875
0.00014409325376618654
0.00011972952052019536
0.00022810597147326916
0.00021691701840609312
0.0001999161613639444
0.00016290839994326234
0.0001553289039293304
0.00014645412738900632
0.00016659023822285235
0.00013995180779602379
0.0001428622199455276
0.00012876691471319646
0.00010750660294434056
0.0001290553336730227
0.00013297989789862186
0.00016601188690401614
0.0001447859831387177
0.00013886344095226377
0.00020114392100367695
0.0001107235366362147
0.0001399390457663685
0.00014648732030764222
0.00017661272431723773
0.00017454980115871876
0.0001090095829567872
0.00014980421110522002
0.0001227174943778664
0.00011455166531959549
0.0001092278107535094
0.0001260991848539561
0.00012055913975927979
0.00011623492900980636
0.00017202709568664432
0.00018399370310362428
0.00015866110334172845
0.0001374975108774379
0.00015101610915735364
0.00012109351519029588
0.00017283954366575927
0.0001561509707244113
0.00012839374539908022
0.00017305620713159442
0.00016532439622096717
9.993402636609972e-05
0.00012322157272137702
0.00016580606461502612
0.000143627286888659
0.00014873560576234013
0.00013465886877384037
0.00011179863940924406
0.00021229767298791558
0.0002025804278673604
0.00018806497973855585
0.0001523432438261807
0.00014580799324903637
0.00013725114695262164
0.00015583446656819433
0.00013077762559987605
0.0001335406705038622
0.0001208683752338402
0.00010133171599591151
0.00012133543350500986
0.00012449508358258754
0.00015387797611765563
0.00013641065743286163
0.00012984420754946768
0.00018810298934113234
0.00010329332144465297
0.00013054812734480947
0.00013703640433959663
0.0001644577132537961
0.00016519993369001895
0.00010245963494526222
0.00014017320063430816
0.00011608966451603919
0.00010786482744151726
0.00010222740820609033
0.00011820314830401912
0.00011312760761938989
0.00010863765783142298
0.00016064329247456044
0.0001718171697575599
0.00014838120841886848
0.0001289018982788548
0.000141331140184775
0.00011369150888640434
0.0001627619785722345
0.0001458510523661971
0.00012085727939847857
0.00016244615835603327
0.00015505756891798228
9.426014730706811e-05
0.00011532963981153443
0.0001564221311127767
0.00013474748993758112
0.0001397360465489328
0.00012614773004315794
0.00010524078970775008
0.00019865100330207497
0.00019064477237407118
0.00017586785543244332
0.00014324371295515448
0.00013676531671080738
0.00012861189316026866
0.0001454898447263986
0.00012184096704004332
0.00012485285697039217
0.00011349099077051505
9.56135627347976e-05
0.00011438210640335456
0.00011707730300258845
0.00014490989269688725
0.00012880971189588308
0.00012104803317924961
0.00017616446712054312
9.741695976117626e-05
0.00012272867024876177
0.0001277357223443687
0.00015391819761134684
0.00015614753647241741
9.642386430641636e-05
0.0001314228866249323
0.00010958393977489322
0.00010136300988961011
9.593189315637574e-05
0.00010992809984600171
0.00010621516412356868
0.00010227560414932668
0.000151839543832466
0.0001618221722310409
0.00013974978355690837
0.0001208032263093628
0.00013312025112099946
0.00010665415902622044
0.00015380451804958284
0.0001380129688186571
0.00011463886039564386
0.00015373954374808818
0.00014515059592667967
8.911491022445261e-05
0.0001091791782528162
0.00014708410890307277
0.0001266958424821496
0.00013156450586393476
0.00011906457075383514
9.861095895757899e-05
0.0001870475389296189
0.00017967994790524244
0.00016578062786720693
0.0001353053085040301
0.00012876311666332185
0.0001208628382300958
0.00013670809858012944
0.00011410026490921155
0.00011782028013840318
0.00010707815818022937
9.134687570622191e-05
0.00010809275408973917
0.00011043265112675726
0.00013563793618232012
0.0001220737030962482
0.00011439117224654183
0.0001657281391089782
9.188162221107632e-05
0.00011577810801099986
0.0001195557342725806
0.00014459846715908498
0.00014755631855223328
9.117303852690384e-05
0.00012391181371640414
0.0001037270703818649
9.578173921909183e-05
9.026729821925983e-05
0.00010294390085618943
0.00010001033660955727
9.592212154529989e-05
0.00014345375529956073
0.0001522192033007741
0.00013165896234568208
0.00011362857912899926
0.00012527746730484068
0.00010101129009854048
0.00014529011968988925
0.00012952413817401975
0.00010812757682288066
0.00014519959222525358
0.00013657924137078226
8.458861702820286e-05
0.00010285007738275453
0.00013893659343011677
0.00011954741057706997
0.0001240298297489062
0.00011178516433574259
9.292399045079947e-05
0.00017583668523002416
0.0001692106743576005
0.00015626409731339663
0.00012750193127430975
0.00012212671572342515
0.00011359911877661943
0.0001284587342524901
0.00010701248538680375
0.00011135223758174106
0.00010154204937862232
8.637894643470645e-05
0.00010208957974100485
0.00010433626448502764
0.00012800963304471225
0.00011527661990839988
0.00010772873793030158
0.00015601703489664942
8.689589594723657e-05
0.00010913590813288465
0.00011248012015130371
0.0001363092742394656
0.00014019737136550248
8.669792441651225e-05
0.00011695779539877549
9.81789780780673e-05
9.065763879334554e-05
8.507044549332932e-05
9.724308620207012e-05
9.461819718126208e-05
9.071677777683362e-05
0.00013610473251901567
0.00014390125579666346
0.00012417323887348175
0.00010677567479433492
0.00011772805009968579
9.553257405059412e-05
0.00013792475510854274
0.00012309513112995774
0.00010267694597132504
0.00013741967268288136
0.0001289351930608973
8.033506310312077e-05
9.70613255049102e-05
0.00013154571934137493
0.0001133676414610818
0.00011729485413525254
0.00010621087858453393
8.806706318864599e-05
0.00016633764607831836
0.0001602805859874934
0.00014760735211893916
0.00012066494673490524
0.00011510875629028305
0.0001077004344551824
0.00012177808821434155
0.00010108768765348941
0.00010499857307877392
9.611248970031738e-05
8.178273856174201e-05
9.716072963783517e-05
9.876966214505956e-05
0.0001214232252095826
0.00010938785271719098
0.00010191137698711827
0.00014756550081074238
8.264651842182502e-05
0.00010319469583919272
0.0001064747484633699
0.00012854136002715677
0.00013339397264644504
8.242382318712771e-05
0.0001110528755816631
9.30100359255448e-05
8.625218470115215e-05
8.061508560786024e-05
9.168976976070553e-05
8.978944242699072e-05
8.575369429308921e-05
0.0001290426152991131
0.00013638011296279728
0.00011751596321118996
0.00010087150440085679
0.00011172941594850272
9.089430386666209e-05
0.00013130062143318355
0.00011681961768772453
9.748843149282038e-05
0.0001309141080128029
0.00012174967559985816
7.656293746549636e-05
9.248757123714313e-05
0.00012509086809586734
0.00010776362614706159
0.00011139425623696297
0.00010036853200290352
8.340668864548206e-05
0.00015756257926113904
0.0001514538744231686
0.00013964583922643214
0.00011467024160083383
0.00010892940917983651
0.00010202135308645666
0.0001150919051724486
9.588328248355538e-05
9.954516281140968e-05
9.139271423919126e-05
7.813763659214601e-05
9.219685307471082e-05
9.36800497584045e-05
0.00011433039617259055
0.00010465826926520094
9.64518912951462e-05
0.0001398760941810906
7.881457713665441e-05
9.831636270973831e-05
0.00010063885565614328
0.00012186009553261101
0.00012716357014141977
7.804488996043801e-05
0.00010463657963555306
8.838529902277514e-05
8.202233584597707e-05
7.633012864971533e-05
8.693210838828236e-05
8.498199167661369e-05
8.132295624818653e-05
0.00012231641449034214
0.00012902895105071366
0.00011121107672806829
9.554850112181157e-05
0.00010564097465248778
8.62250744830817e-05
0.0001247227337444201
0.0001108574288082309
9.321135439677164e-05
0.00012482976308092475
0.00011573122174013406
7.304192695301026e-05
8.778514165896922e-05
0.00011915493087144569
0.00010173688497161493
0.00010544569522608072
9.528939699521288e-05
7.921832730062306e-05
0.00014923773414921016
0.00014372087025549263
0.00013236636004876345
0.00010918256884906441
0.00010413875133963302
9.647884144214913e-05
0.00010929204290732741
9.046209015650675e-05
9.451078221900389e-05
8.682851330377162e-05
7.465655653504655e-05
8.758592593949288e-05
8.912040357245132e-05
0.00010840206232387573
9.932469401974231e-05
9.146046795649454e-05
0.00013309463975019753
7.51073457649909e-05
9.363071148982272e-05
9.548209345666692e-05
0.00011559291306184605
0.00012130205141147599
7.447371899615973e-05
9.977113950299099e-05
8.391586743528023e-05
7.813361298758537e-05
7.276496762642637e-05
8.206502388929948e-05
8.06908865342848e-05
7.707719487370923e-05
0.00011678977898554876
0.00012237577175255865
0.00010539627692196518
9.040759323397651e-05
0.00010022840433521196
8.258993329945952e-05
0.00011873319454025477
0.00010562340321484953
8.880989480530843e-05
0.00011913050548173487
0.00011007164721377194
7.015900337137282e-05
8.397850615438074e-05
0.00011360093776602298
9.679952199803665e-05
0.00010032742284238338
9.044237231137231e-05
7.533723692176864e-05
0.00014210326480679214
0.0001363281044177711
0.00012590769620146602
0.0001036932590068318
9.911633242154494e-05
9.177305764751509e-05
0.00010402040061308071
8.585493924329057e-05
8.953321230364963e-05
8.272621198557317e-05
7.13265617378056e-05
8.348761184606701e-05
8.492602501064539e-05
0.00010280872811563313
9.530495299259201e-05
8.654652629047632e-05
0.00012626069656107575
7.127079152269289e-05
8.90904848347418e-05
9.057833085535094e-05
0.00010982457752106711
0.00011594318493735045
7.080232171574607e-05
9.460847650188953e-05
8.003842231119052e-05
7.474367885151878e-05
6.893929094076157e-05
7.756781997159123e-05
7.673172513023019e-05
7.340916636167094e-05
0.000110899236460682
0.00011635245027719066
0.00010030683915829286
8.650289964862168e-05
9.50737958191894e-05
7.831979019101709e-05
0.00011357283074175939
0.00010085446410812438
8.497254020767286e-05
0.00011349544365657493
0.00010456682502990589
6.703699182253331e-05
8.021376561373472e-05
0.00010850027319975197
9.230546856997535e-05
9.535483695799485e-05
8.602929301559925e-05
7.17079674359411e-05
0.00013497332111001015
0.00012946108472533524
0.00011995161912636831
9.894672257360071e-05
9.454836254008114e-05
8.760608034208417e-05
9.875766409095377e-05
8.177032577805221e-05
8.488311141263694e-05
7.880848716013134e-05
6.81582823744975e-05
7.965532859088853e-05
8.10332057881169e-05
9.764190326677635e-05
9.054334805114195e-05
8.248488302342594e-05
0.00012027163757011294
6.819228292442858e-05
8.514906221535057e-05
8.606589835835621e-05
0.00010475375165697187
0.0001109036966226995
6.8056455347687e-05
9.044069156516343e-05
7.654164801351726e-05
7.113912579370663e-05
6.565341027453542e-05
7.401259790640324e-05
7.312090747291222e-05
6.968086381675676e-05
0.00010559739166637883
0.00011088466999353841
9.545969078317285e-05
8.179128781193867e-05
9.087434591492638e-05
7.487618859158829e-05
0.0001081481168512255
9.654245513956994e-05
8.121474820654839e-05
0.00010816063149832189
9.916926501318812e-05
6.425367610063404e-05
7.696249667787924e-05
0.00010338667198084295
8.826274279272184e-05
9.047707135323435e-05
8.213813998736441e-05
6.870975630590692e-05
0.000128642946947366
0.0001237645628862083
0.00011483611888252199
9.444196621188894e-05
9.019213757710531e-05
8.361385698663071e-05
9.424718882655725e-05
7.78425601311028e-05
8.11173376860097e-05
7.500966603402048e-05
6.521319301100448e-05
7.620619726367295e-05
7.707428449066356e-05
9.289992158301175e-05
8.675116259837523e-05
7.839697354938835e-05
0.00011470045137684792
6.50395595584996e-05
8.104270818876103e-05
8.156320109264925e-05
9.971940744435415e-05
0.00010640826803864911
6.509514059871435e-05
8.649645315017551e-05
7.304298924282193e-05
6.810946069890633e-05
6.273622420849279e-05
7.039096090011299e-05
6.96985880495049e-05
6.674042379017919e-05
0.0001009716434055008
0.00010595370986266062
9.130144462687895e-05
7.80078989919275e-05
8.601570152677596e-05
7.155880302889273e-05
0.00010330417717341334
9.237026097252965e-05
7.776052370900288e-05
0.0001035577806760557
9.458613931201398e-05
6.156916060717776e-05
7.344177720369771e-05
9.929835505317897e-05
8.428001456195489e-05
8.655968849780038e-05
7.804158667568117e-05
6.567277159774676e-05
0.00012276753841433674
0.00011783836089307442
0.00010955843754345551
9.015500836540014e-05
8.650430390844122e-05
7.983643445186317e-05
9.008228516904637e-05
7.399391324725002e-05
7.760066364426166e-05
7.189595635281876e-05
6.208097329363227e-05
7.306562474695966e-05
7.404918142128736e-05
8.833526953822002e-05
8.300320769194514e-05
7.480307976948097e-05
0.00010985050903400406
6.252117600524798e-05
7.720321445958689e-05
7.786972128087655e-05
9.535195567877963e-05
0.00010180772369494662
6.237204797798768e-05
8.247867663158104e-05
7.010853732936084e-05
6.52186427032575e-05
5.994268576614559e-05
6.709359877277166e-05
6.688110443064943e-05
6.38074052403681e-05
9.666024561738595e-05
0.00010112674499396235
8.697257726453245e-05
7.458934123860672e-05
8.214345871238038e-05
6.870946526760235e-05
9.882890299195424e-05
8.852575410855934e-05
7.439627370331436e-05
9.920289448928088e-05
9.018636046675965e-05
5.904782301513478e-05
7.053959416225553e-05
9.466106712352484e-05
8.055935177253559e-05
8.240441820817068e-05
7.446669042110443e-05
6.283170660026371e-05
0.00011707226803991944
0.00011251498654019088
0.00010484310041647404
8.618138235760853e-05
8.283157512778416e-05
7.643378194188699e-05
8.596255065640435e-05
7.096801709849387e-05
7.378945883829147e-05
6.878084968775511e-05
5.9578851505648345e-05
6.997388845775276e-05
7.073760934872553e-05
8.4278843132779e-05
7.968107092892751e-05
7.160340464906767e-05
0.00010525232210056856
5.974209852865897e-05
7.410916441585869e-05
7.437704334734008e-05
9.135262371273711e-05
9.776392107596621e-05
5.955987944616936e-05
7.890351116657257e-05
6.702730752294883e-05
6.25446264166385e-05
5.761295687989332e-05
6.396295066224411e-05
6.382583524100482e-05
6.106110959080979e-05
9.252472227672115e-05
9.657446207711473e-05
8.333041478181258e-05
7.117478526197374e-05
7.87043318268843e-05
6.57580530969426e-05
9.468699136050418e-05
8.491631160723045e-05
7.106377597665414e-05
9.525602945359424e-05
8.666324720252305e-05
5.6685428717173636e-05
6.727859727106988e-05
9.082462929654866e-05
7.691396604059264e-05
7.883567741373554e-05
7.11378306732513e-05
6.0293903516139835e-05
0.00011209987860638648
0.0001077514243661426
0.00010057358304038644
8.23641603346914e-05
7.915783498901874e-05
7.314790127566084e-05
8.195972623070702e-05
6.776677764719352e-05
7.050085696391761e-05
6.611707794945687e-05
5.704072827938944e-05
6.687366112601012e-05
6.757685332559049e-05
8.057610830292106e-05
7.661977724637836e-05
6.812525680288672e-05
0.00010038812615675852
5.7422810641583055e-05
7.07611397956498e-05
7.114798063412309e-05
8.717268065083772e-05
9.378026879858226e-05
5.7075500080827624e-05
7.567099237348884e-05
6.436969852074981e-05
5.993920785840601e-05
5.509567927219905e-05
6.108108209446073e-05
6.108460365794599e-05
5.849872104590759e-05
8.853182953316718e-05
9.245603723684326e-05
8.003330003703013e-05
6.828630284871906e-05
7.506077963626012e-05
6.327644223347306e-05
9.068763756658882e-05
8.1501821114216e-05
6.80814846418798e-05
9.134080028161407e-05
8.276893640868366e-05
5.4202402679948136e-05
6.437952106352895e-05
8.733668073546141e-05
7.399742025882006e-05
7.549470319645479e-05
6.83284379192628e-05
5.767651600763202e-05
0.00010698073310777545
0.00010282200673827901
9.582417260389775e-05
7.922167424112558e-05
7.583510159747675e-05
6.999271863605827e-05
7.858675962779671e-05
6.490923260571435e-05
6.755605136277154e-05
