2.076231002807617
2.065572500228882
2.046144485473633
2.026461601257324
2.004131555557251
1.9738337993621826
1.9402364492416382
1.9079500436782837
1.882956624031067
1.8373186588287354
2.0766260623931885
1.9224964380264282
1.8735334873199463
1.748971939086914
1.7176238298416138
1.5295456647872925
1.5139787197113037
1.3710037469863892
1.3594025373458862
1.283605933189392
1.803119421005249
1.686862587928772
1.581468939781189
1.527029037475586
1.545148491859436
1.4208571910858154
1.4556596279144287
1.3926094770431519
1.2792562246322632
1.3151899576187134
1.7190766334533691
1.5183525085449219
1.408879280090332
1.385818600654602
1.3639646768569946
1.2189196348190308
1.1035056114196777
1.0914398431777954
1.1882257461547852
1.0344212055206299
1.5546308755874634
1.3038972616195679
1.2523317337036133
1.220866084098816
1.1520347595214844
1.2179749011993408
1.1102797985076904
1.100263237953186
1.144333839416504
1.0561184883117676
1.3511509895324707
1.2617567777633667
1.2226120233535767
1.2026803493499756
1.0829776525497437
1.0324183702468872
1.1072590351104736
1.006253719329834
1.0250952243804932
1.0266339778900146
1.3651105165481567
1.1545372009277344
1.195873498916626
1.1094964742660522
1.0844725370407104
1.0504733324050903
1.0408928394317627
1.0026044845581055
0.9943900108337402
1.0283081531524658
1.396812915802002
1.1802046298980713
1.2006072998046875
1.0223445892333984
1.0584789514541626
1.0209012031555176
0.9784883856773376
0.9436322450637817
0.8719205856323242
0.858709454536438
0.9496238827705383
0.9797735214233398
0.9428834319114685
0.8611971139907837
0.8075670003890991
0.7116228342056274
0.8444052934646606
0.7465025186538696
0.7240418195724487
0.7630301713943481
0.9125882983207703
0.7943720817565918
0.7340465784072876
0.7473434805870056
0.681272566318512
0.7288278341293335
0.674607515335083
0.6153090596199036
0.6443760395050049
0.6676126718521118
0.6814452409744263
0.653900146484375
0.53841233253479
0.47246095538139343
0.5702640414237976
0.5962081551551819
0.5683647990226746
0.5493139624595642
0.551605224609375
0.4939763844013214
0.6608014106750488
0.6180899739265442
0.5643455982208252
0.566139280796051
0.59063720703125
0.4768272936344147
0.4658665955066681
0.49984148144721985
0.3992753326892853
0.4789431393146515
0.6640504002571106
0.5469372272491455
0.4950595498085022
0.4656776189804077
0.5236403346061707
0.5152009725570679
0.45890650153160095
0.39854133129119873
0.46549683809280396
0.5004288554191589
0.5052368640899658
0.39751943945884705
0.32566556334495544
0.31963658332824707
0.4345475137233734
0.3234034776687622
0.40961992740631104
0.4132964313030243
0.46320635080337524
0.3228462040424347
0.3446034789085388
0.32494476437568665
0.37133529782295227
0.3362838923931122
0.3782453238964081
0.2957727313041687
0.39422768354415894
0.4629923105239868
0.36402931809425354
0.2982860803604126
0.24975018203258514
0.28739961981773376
0.3637921214103699
0.34088224172592163
0.3547574281692505
0.3025289475917816
0.2718783915042877
0.3311302661895752
0.30719101428985596
0.4049949645996094
0.3655437231063843
0.279175341129303
0.35896509885787964
0.2923113703727722
0.24806827306747437
0.3126648962497711
0.3014998137950897
0.34026867151260376
0.267307311296463
0.2676262855529785
0.2919406294822693
0.28560498356819153
0.3239331543445587
0.18989020586013794
0.2263505607843399
0.16997261345386505
0.3082152009010315
0.3173927664756775
0.31393668055534363
0.22669263184070587
0.22401511669158936
0.23697753250598907
0.3093012869358063
0.20440687239170074
0.2485484778881073
0.33608120679855347
0.3423548936843872
0.1948091983795166
0.21877221763134003
0.20211291313171387
0.2857266962528229
0.17537866532802582
0.23750610649585724
0.19550812244415283
0.241242915391922
0.3736669719219208
0.214064359664917
0.2417934536933899
0.1530034840106964
0.18107187747955322
0.27172088623046875
0.21007604897022247
0.26730501651763916
0.18588796257972717
0.18831422924995422
0.21544887125492096
0.20339617133140564
0.3007297217845917
0.2652125358581543
0.23120906949043274
0.2698563039302826
0.1946902722120285
0.18577457964420319
0.24946582317352295
0.20232489705085754
0.3219764530658722
0.19813711941242218
0.14894360303878784
0.19443361461162567
0.16386844217777252
0.29751822352409363
0.15709367394447327
0.2281816154718399
0.12256842106580734
0.2474326491355896
0.2280937135219574
0.22180289030075073
0.21568194031715393
0.20123443007469177
0.17637594044208527
0.24390628933906555
0.1749563366174698
0.20540235936641693
0.2458588182926178
0.2358064204454422
0.14007888734340668
0.17448219656944275
0.1582963466644287
0.1851508766412735
0.17741107940673828
0.1933680921792984
0.12246659398078918
0.21732814610004425
0.25049740076065063
0.20338910818099976
0.189299538731575
0.12009073793888092
0.13004757463932037
0.183879092335701
0.1638656109571457
0.23386429250240326
0.15175044536590576
0.14350031316280365
0.19533979892730713
0.1865456998348236
0.2282077968120575
0.19923104345798492
0.15281131863594055
0.22433912754058838
0.15935201942920685
0.14705124497413635
0.1485643982887268
0.1372651606798172
0.23346500098705292
0.150743305683136
0.12766925990581512
0.12473437935113907
0.16139906644821167
0.20119233429431915
0.1665528565645218
0.14440900087356567
0.09080059081315994
0.18389762938022614
0.21219892799854279
0.175684854388237
0.14354251325130463
0.17064860463142395
0.11956977844238281
0.1832454949617386
0.11200655996799469
0.16043981909751892
0.15892286598682404
0.21110394597053528
0.133148655295372
0.13121363520622253
0.14945262670516968
0.15709137916564941
0.10466539859771729
0.15798401832580566
0.11638852953910828
0.16894222795963287
0.21012239158153534
0.18947561085224152
0.15806753933429718
0.07602835446596146
0.16328851878643036
0.17474474012851715
0.15034060180187225
0.19486922025680542
0.08610435575246811
0.1324111670255661
0.15824615955352783
0.131729394197464
0.15552446246147156
0.15676310658454895
0.10822922736406326
0.2086881548166275
0.13706687092781067
0.14495423436164856
0.1211414784193039
0.13162894546985626
0.19721348583698273
0.1490640938282013
0.11385581642389297
0.09826277941465378
0.09414348006248474
0.17350709438323975
0.14152108132839203
0.11583688110113144
0.051637839525938034
0.12846817076206207
0.1478312462568283
0.16348378360271454
0.07456324249505997
0.10926593095064163
0.07849203050136566
0.1494670808315277
0.09541519731283188
0.144316628575325
0.1435597836971283
0.17340430617332458
0.06998258829116821
0.0968947634100914
0.11244216561317444
0.12010511755943298
0.0772622674703598
0.11893364042043686
0.07276760786771774
0.12835222482681274
0.16038338840007782
0.10784859955310822
0.0999634861946106
0.0676809623837471
0.128404438495636
0.14102739095687866
0.12367288023233414
0.11357374489307404
0.07177837193012238
0.09672552347183228
0.1167406365275383
0.10315670073032379
0.11393126100301743
0.10917302221059799
0.14405924081802368
0.18199539184570312
0.11209364235401154
0.12695594131946564
0.12613454461097717
0.11369327455759048
0.16993026435375214
0.10436252504587173
0.07921518385410309
0.141370490193367
0.11143945157527924
0.10657750815153122
0.08863852918148041
0.10106353461742401
0.04650740697979927
0.11963032186031342
0.1435076743364334
0.16422824561595917
0.06341829150915146
0.1290995478630066
0.08166299015283585
0.11303742229938507
0.06161815673112869
0.09876884520053864
0.11756359040737152
0.14518988132476807
0.10171017795801163
0.08807843178510666
0.09528854489326477
0.08963920921087265
0.059951990842819214
0.07152287662029266
0.0686483085155487
0.12358154356479645
0.10188625752925873
0.11429870873689651
0.08682366460561752
0.05807170271873474
0.08370005339384079
0.11104296892881393
0.11037838459014893
0.09192074835300446
0.06860550493001938
0.08518549054861069
0.0857033059000969
0.08644036203622818
0.10286646336317062
0.1022372618317604
0.07606732100248337
0.14562579989433289
0.07475639134645462
0.07980495691299438
0.09623897820711136
0.06506875902414322
0.1519319862127304
0.07126551121473312
0.05947335436940193
0.07760828733444214
0.05200110003352165
0.11789218336343765
0.06678403168916702
0.06642626971006393
0.03320566937327385
0.10129088163375854
0.1181141585111618
0.11637905240058899
0.05183268338441849
0.12000410258769989
0.044868189841508865
0.09493855386972427
0.056061796844005585
0.07484656572341919
0.08273015171289444
0.11155816912651062
0.04664963483810425
0.07277516275644302
0.06235940381884575
0.07500489801168442
0.043238576501607895
0.05489788576960564
0.05687600001692772
0.10605746507644653
0.11790435016155243
0.1017364040017128
0.10468069463968277
0.04977874085307121
0.08655961602926254
0.09876136481761932
0.11582883447408676
0.09473488479852676
0.05248763784766197
0.06762629002332687
0.07963953167200089
0.06609752774238586
0.1123579889535904
0.08584113419055939
0.05759661644697189
0.09860526770353317
0.04927423223853111
0.07580990344285965
0.07284609973430634
0.06425328552722931
0.14089611172676086
0.07860944420099258
0.045114610344171524
0.06752187758684158
0.06426151841878891
0.09023057669401169
0.05730500444769859
0.04228964447975159
0.0250394269824028
0.05567285045981407
0.06287044286727905
0.07719338685274124
0.03213081136345863
0.08053651452064514
0.04697291925549507
0.07118794322013855
0.03323708847165108
0.05400627851486206
0.0654342919588089
0.0731588825583458
0.02838868461549282
0.048727136105298996
0.05987060070037842
0.053660083562135696
0.034058813005685806
0.05212363600730896
0.03158650919795036
0.07402949780225754
0.0831703245639801
0.0608537383377552
0.05912966653704643
0.03519687429070473
0.0721047967672348
0.062000494450330734
0.08577603101730347
0.07001770287752151
0.03606631979346275
0.04258279874920845
0.05060453712940216
0.036023400723934174
0.04774079471826553
0.09205475449562073
0.0561823695898056
0.08967895805835724
0.04490119218826294
0.09242375195026398
0.02747477777302265
0.05841852352023125
0.10379517078399658
0.053518105298280716
0.04726247489452362
0.05131746083498001
0.04207487776875496
0.07825032621622086
0.05295516923069954
0.045099519193172455
0.019720489159226418
0.03881416469812393
0.06462463736534119
0.051465291529893875
0.022716037929058075
0.07348055392503738
0.02663726732134819
0.054849378764629364
0.021736573427915573
0.04454006627202034
0.058790501207113266
0.06788672506809235
0.020393026992678642
0.03781473636627197
0.04276460409164429
0.06297655403614044
0.033501897007226944
0.026871314272284508
0.025158289819955826
0.03857433795928955
0.040970154106616974
0.026846926659345627
0.06450048834085464
0.02543697878718376
0.06085790693759918
0.036325737833976746
0.05456479266285896
0.03418637439608574
0.028441419824957848
0.023479145020246506
0.037661731243133545
0.03391677886247635
0.06020507216453552
0.049264583736658096
0.047547947615385056
0.07253383845090866
0.02805621363222599
0.06323463469743729
0.034427791833877563
0.029664859175682068
0.05261274799704552
0.0422496534883976
0.03584519028663635
0.06188031658530235
0.04095548391342163
0.06461092829704285
0.04642290249466896
0.05248831585049629
0.025779344141483307
0.06177837774157524
0.08205482363700867
0.03338289633393288
0.03601481392979622
0.03453418239951134
0.019806036725640297
0.039987239986658096
0.02678053267300129
0.030818631872534752
0.06390625238418579
0.07235739380121231
0.03513617813587189
0.031796153634786606
0.06583815813064575
0.031172122806310654
0.023207297548651695
0.034408893436193466
0.029958143830299377
0.07276708632707596
0.031391892582178116
0.05489252507686615
0.03747141361236572
0.027399111539125443
0.03753165900707245
0.04454362392425537
0.05650125443935394
0.043845757842063904
0.01777075044810772
0.03320465609431267
0.04856942594051361
0.029645953327417374
0.027532681822776794
0.04235681891441345
0.037853289395570755
0.0405682772397995
0.016809172928333282
0.04587406665086746
0.024000484496355057
0.03137481212615967
0.04276575893163681
0.04360159486532211
0.016204126179218292
0.020891034975647926
0.017350586131215096
0.04057646170258522
0.036757055670022964
0.034748345613479614
0.011162328533828259
0.041658513247966766
0.050923436880111694
0.018674349412322044
0.021779123693704605
0.03719061613082886
0.008153747767210007
0.032600898295640945
0.022823378443717957
0.04690336808562279
0.04404494911432266
0.06251846253871918
0.019661108031868935
0.0235444363206625
0.03534144535660744
0.052370041608810425
0.027873488143086433
0.021593773737549782
0.03857925906777382
0.03210225701332092
0.025593342259526253
0.02853165939450264
0.032265275716781616
0.00822532456368208
0.028763512149453163
0.028216540813446045
0.04137875512242317
0.03531668335199356
0.03601008281111717
0.016286933794617653
0.031889721751213074
0.03445960208773613
0.03853004798293114
0.037347689270973206
0.016299935057759285
0.029071342200040817
0.020858431234955788
0.017811313271522522
0.026129914447665215
0.01902838796377182
0.03942425921559334
0.023013729602098465
0.030920591205358505
0.021845674142241478
0.019987694919109344
0.04586891457438469
0.029714802280068398
0.01442970335483551
0.009609227068722248
0.03390580415725708
0.02942626178264618
0.032404638826847076
0.02016373723745346
0.021447276696562767
0.0258250143378973
0.060685671865940094
0.019178681075572968
0.012931758537888527
0.03211107477545738
0.05629554018378258
0.01636822707951069
0.03358334302902222
0.017216579988598824
0.012182098813354969
0.010761074721813202
0.022555943578481674
0.02919842302799225
0.029010998085141182
0.01059450302273035
0.025660764425992966
0.020306997001171112
0.01413638424128294
0.017453979700803757
0.018488576635718346
0.016445225104689598
0.02041759341955185
0.01722726970911026
0.020329689607024193
0.03460586816072464
0.03211790323257446
0.03583353012800217
0.03270096331834793
0.010238596238195896
0.024086998775601387
0.021199915558099747
0.039951641112565994
0.02719721570611
0.03220704197883606
0.050073835998773575
0.019369151443243027
0.05385107919573784
0.025400444865226746
0.02655683644115925
0.026518909260630608
0.02119339630007744
0.021940166130661964
0.01423090323805809
0.017792735248804092
0.04397623613476753
0.02781476452946663
0.00958580244332552
0.010199559852480888
0.019257081672549248
0.050558045506477356
0.012759389355778694
0.05162088945508003
0.05168774351477623
0.03897237405180931
0.01632019504904747
0.02454148791730404
0.022344985976815224
0.0293599721044302
0.012683182954788208
0.01666877046227455
0.0110425790771842
0.027683978900313377
0.022060580551624298
0.02103252150118351
0.017394455149769783
0.009977812878787518
0.01757364720106125
0.01796627789735794
0.013436292298138142
0.018812384456396103
0.008692251518368721
0.012138117104768753
0.025734029710292816
0.01196872815489769
0.023822784423828125
0.01527457870543003
0.014949985779821873
0.021628543734550476
0.016710681840777397
0.013283931650221348
0.01587061770260334
0.013313905335962772
0.04257651045918465
0.010703868232667446
0.009325639344751835
0.009579075500369072
0.03591614589095116
0.02766059711575508
0.009936007671058178
0.008830847218632698
0.0056626214645802975
0.010633842088282108
0.02318159118294716
0.006590771023184061
0.016006022691726685
0.018237141892313957
0.013231758959591389
0.04015021398663521
0.008696957491338253
0.022990169003605843
0.00918942503631115
0.028381656855344772
0.012136545032262802
0.018063444644212723
0.01739909127354622
0.019400233402848244
0.012284379452466965
0.018327243626117706
0.00984648521989584
0.021854396909475327
0.01549062505364418
0.011606629937887192
0.02381095103919506
0.006386835128068924
0.017077596858143806
0.028027616441249847
0.008410160429775715
0.014308874495327473
0.007317110430449247
0.023159747943282127
0.01840478554368019
0.005559118464589119
0.014073065482079983
0.01200639083981514
0.009179466404020786
0.009497125633060932
0.00664419773966074
0.01679297722876072
0.008077210746705532
0.0073168156668543816
0.014993554912507534
0.0063593159429728985
0.006853889208287001
0.013619703240692616
0.02295253612101078
0.009262175299227238
0.010084306821227074
0.013942242600023746
0.0075407205149531364
0.015117371454834938
0.012858003377914429
0.012528637424111366
0.013080161064863205
0.011797080747783184
0.011388996616005898
0.014752664603292942
0.016133474186062813
0.017549823969602585
0.013624015264213085
0.016448089852929115
0.0031058688182383776
0.004759319592267275
0.015297730453312397
0.033552732318639755
0.0044740973971784115
0.007419266272336245
0.007199556566774845
0.011623302474617958
0.022085299715399742
0.005415251478552818
0.017691735178232193
0.00582461291924119
0.006143935024738312
0.006412073504179716
0.010555576533079147
0.02991846576333046
0.008123401552438736
0.009477541781961918
0.006593932397663593
0.0058677345514297485
0.006185516249388456
0.00904924888163805
0.009353337809443474
0.02255144715309143
0.003712165867909789
0.011025642976164818
0.015882208943367004
0.005713130813091993
0.02252086065709591
0.006047500297427177
0.005990239325910807
0.004633883945643902
0.005162099841982126
0.011575547978281975
0.0032372064888477325
0.00574143324047327
0.0035538834054023027
0.00404723547399044
0.012979243882000446
0.006164203397929668
0.004494365304708481
0.017535261809825897
0.005943518131971359
0.02150564268231392
0.006972649600356817
0.0041606673039495945
0.018111208453774452
0.008873561397194862
0.003638747613877058
0.0048943632282316685
0.013658743351697922
0.00861518457531929
0.01707548089325428
0.004996557254344225
0.00749471178278327
0.007884575054049492
0.009001894854009151
0.020363224670290947
0.008988630957901478
0.003098740940913558
0.008792196400463581
0.0037641325034201145
0.009529958479106426
0.003523619845509529
0.003813153598457575
0.007819406688213348
0.0024763408582657576
0.00814339704811573
0.013457611203193665
0.017051128670573235
0.005545883439481258
0.010110639035701752
0.008104326203465462
0.0036577614955604076
0.005888075102120638
0.007853585295379162
0.011554442346096039
0.002457466209307313
0.009443234652280807
0.0046520959585905075
0.002031808951869607
0.006997163873165846
0.006640824023634195
0.0033520059660077095
0.002619871636852622
0.008128752931952477
0.010846853256225586
0.011552330106496811
0.003334932727739215
0.002458272036164999
0.00491214357316494
0.00690209586173296
0.009195627644658089
0.0055560944601893425
0.0028095743618905544
0.004000775516033173
0.0024333992041647434
0.010413659736514091
0.004521509166806936
0.0025620819069445133
0.009013360366225243
0.006146139930933714
0.00225186999887228
0.02407875657081604
0.011011435650289059
0.011885321699082851
0.005505415610969067
0.0022088123951107264
0.008669637143611908
0.008043039590120316
0.014211025089025497
0.0014148555928841233
0.0072422935627400875
0.005001742392778397
0.005342920310795307
0.00279197096824646
0.022507749497890472
0.031040579080581665
0.007197820581495762
0.011022933758795261
0.004210516810417175
0.006502501200884581
0.00788253266364336
0.010456067509949207
0.014227100647985935
0.020832279697060585
0.005219114478677511
0.013562189415097237
0.005426238756626844
0.00889214314520359
0.009551468305289745
0.011485633440315723
0.0050458749756217
0.030339080840349197
0.005353988613933325
0.004620450083166361
0.002312667900696397
0.017087852582335472
0.004834281280636787
0.008517099544405937
0.005281933583319187
0.00535654928535223
0.015978915616869926
0.021805785596370697
0.016189271584153175
0.009581733494997025
0.00942007452249527
0.010446257889270782
0.008746184408664703
0.007927577011287212
0.016569655388593674
0.03444535657763481
0.013411401771008968
0.014928764663636684
0.009291146881878376
0.0071133957244455814
0.013544165529310703
0.006789781618863344
0.016952479258179665
0.021645180881023407
0.009101944044232368
0.004589275922626257
0.00334971328265965
0.007868868298828602
0.01314088050276041
0.013653523288667202
0.01622517593204975
0.007960760034620762
0.0046678949147462845
0.005791591480374336
0.009962317533791065
0.009357266128063202
0.041440676897764206
0.008705763146281242
0.0222653616219759
0.005113968625664711
0.007529610767960548
0.019085826352238655
0.012945674359798431
0.0076477718539536
0.004314951598644257
0.010833809152245522
0.012049073353409767
0.002946821739897132
0.004406829364597797
0.01691482588648796
0.005566490814089775
0.025651592761278152
0.005879881326109171
0.010614672675728798
0.0074503361247479916
0.007907218299806118
0.004102268721908331
0.004082591272890568
0.0073402137495577335
0.00956581998616457
0.006202466320246458
0.006483437959104776
0.021066363900899887
0.013858073391020298
0.006258145906031132
0.007646115496754646
0.020028579980134964
0.006326836533844471
0.017713552340865135
0.028801066800951958
0.005999104119837284
0.011663028039038181
0.008570073172450066
0.004768215119838715
0.017285963520407677
0.003981241025030613
0.02957078441977501
0.010926111601293087
0.015014834702014923
0.012436685152351856
0.008758787997066975
0.02081787772476673
0.009474378079175949
0.01165503915399313
0.014482504688203335
0.0063363430090248585
0.009080673567950726
0.004677860531955957
0.02008172683417797
0.0026750564575195312
0.00779583677649498
0.006813698913902044
0.009682564064860344
0.016399305313825607
0.014509814791381359
0.015897512435913086
0.005141222849488258
0.02823907509446144
0.011770996265113354
0.0077533358708024025
0.011759649962186813
0.005251193884760141
0.019520489498972893
0.011320430785417557
0.007565578445792198
0.007877467200160027
0.017256813123822212
0.015087627805769444
0.007611002307385206
0.008211839012801647
0.003143777372315526
0.010004307143390179
0.01334718894213438
0.01569279469549656
0.008222006261348724
0.005312619265168905
0.04428019002079964
0.01710449531674385
0.03223272040486336
0.008471881039440632
0.011563059873878956
0.014806371182203293
0.0028458372689783573
0.005257944576442242
0.017412040382623672
0.009019860997796059
0.004084739834070206
0.006785057485103607
0.011558673344552517
0.003525561885908246
0.008113407529890537
0.003669007681310177
0.009657997637987137
0.01991521194577217
0.006453439127653837
0.005938482936471701
0.0024216691963374615
0.009379968978464603
0.002268250333145261
0.006034971214830875
0.0024244512896984816
0.0024640855845063925
0.004516351502388716
0.005794443190097809
0.001409002230502665
0.002167333150282502
0.0032708479557186365
0.02119699865579605
0.010056458413600922
0.005017838440835476
0.004526103846728802
0.0045905387960374355
0.00354646984487772
0.003808362875133753
0.005708462093025446
0.0021538566797971725
0.0030353928450495005
0.0033582220785319805
0.0064864009618759155
0.004900998901575804
0.0041613210923969746
0.0030635807197541
0.005000749137252569
0.003051024628803134
0.0018435149686411023
0.0033761037047952414
0.004558598157018423
0.0015584598295390606
0.0018572938861325383
0.0027648836839944124
0.003007245948538184
0.0037869650404900312
0.0026457938365638256
0.010117159225046635
0.0011466685682535172
0.004485566634684801
0.0029502687975764275
0.001426609931513667
0.0022802809253335
0.0026090038008987904
0.0042665209621191025
0.0010108563583344221
0.002382198814302683
0.007315421011298895
0.000908985617570579
0.0010803911136463284
0.002641820814460516
0.0037041795440018177
0.004082066938281059
0.003729703137651086
0.005432001780718565
0.0008907708688639104
0.0021747129503637552
0.0021864217706024647
0.0011641476303339005
0.0015720772789791226
0.0018969869706779718
0.0018738557118922472
0.0034458753652870655
0.002042126376181841
0.0018335863715037704
0.001252480549737811
0.0026477796491235495
0.0012996214209124446
0.0011287308298051357
0.0017100631957873702
0.0006131319096311927
0.0017280589090660214
0.0016827251529321074
0.002441538730636239
0.0008400724036619067
0.0021755185443907976
0.0011755462037399411
0.0010287882760167122
0.0011659609153866768
0.0007113852770999074
0.0015869379276409745
0.0008080460829660296
0.001368035445921123
0.0009985003853216767
0.000957969983574003
0.0013929738197475672
0.0006176836905069649
0.0017039775848388672
0.0018708696588873863
0.0020870647858828306
0.0008122181170620024
0.0027525851037353277
0.0009786151349544525
0.0011783208465203643
0.0008326552342623472
0.0006713890470564365
0.0004140690143685788
0.0007304102764464915
0.0007398054585792124
0.0006706041167490184
0.0007870757253840566
0.0009113422711379826
0.0007342498283833265
0.0007133310427889228
0.0006041108863428235
0.0010276722023263574
0.0004883224610239267
0.000751245825085789
0.0006652381271123886
0.0006950317765586078
0.0005744585068896413
0.0005282976781018078
0.0006575513398274779
0.0007277801050804555
0.0006258126813918352
0.0008227264625020325
0.0005874648340977728
0.0007157580694183707
0.0006851255311630666
0.0009180487832054496
0.0009331490728072822
0.0011619426077231765
0.0007352347602136433
0.0008269895915873349
0.002423061989247799
0.0011479220120236278
0.00045164761831983924
0.0008146737818606198
0.0004805724020116031
0.0006025485345162451
0.00047154913772828877
0.0005958739202469587
0.0005940295523032546
0.0008366733090952039
0.0004029232950415462
0.0007561749080196023
0.0005181016749702394
0.0003528065572027117
0.0005035395734012127
0.0005387640558183193
0.0007507361588068306
0.0005035986541770399
0.0006760484538972378
0.000491395709104836
0.0003748339368030429
0.00036077870754525065
0.0003565023944247514
0.0005207945941947401
0.00046614097664132714
0.0006342747947201133
0.0005588499479927123
0.0007264338782988489
0.0003858910931739956
0.000676693394780159
0.0004337036225479096
0.000471554376417771
0.0007274881936609745
0.0006504107732325792
0.0005417360807769
0.000507418648339808
0.00040199319482780993
0.000441499927546829
0.0004857128660660237
0.000539204163942486
0.0003123327624052763
0.00042800832306966186
0.00035091713652946055
0.0004637085658032447
0.0006739185773767531
0.0006104853237047791
0.000476618210086599
0.000362725171726197
0.0002560725843068212
0.00043331310735084116
0.00032678365823812783
0.0005046383012086153
0.0003812712093349546
0.00041944929398596287
0.00034572958247736096
0.00043480051681399345
0.0004712586523965001
0.0006125277723185718
0.0003000104334205389
0.0004989944864064455
0.000407371117034927
0.00029821335920132697
0.00038231594953686
0.00036182664916850626
0.000467326317448169
0.0003950303653255105
0.00042272661812603474
0.00030380074167624116
0.00023735425202175975
0.00022408468066714704
0.00022569792054127902
0.000377249758457765
0.00029848143458366394
0.00038633792428299785
0.0004007925163023174
0.00035066751297563314
0.0002979229611810297
0.0003980507899541408
0.0003139704349450767
0.0003539191675372422
0.0003487493668217212
0.00041125970892608166
0.00039596157148480415
0.0003741893160622567
0.00028810309595428407
0.00034137419424951077
0.00037483996129594743
0.00041636222158558667
0.00027030351338908076
0.00033482001163065434
0.0003196235920768231
0.00036818411899730563
0.000527144584339112
0.0004756123526021838
0.000390791887184605
0.0003024252946488559
0.0002120976714650169
0.00034299190156161785
0.00024576025316491723
0.0003516911529004574
0.0003196805191691965
0.000324950844515115
0.0002574248646851629
0.0003279075608588755
0.00035920535447075963
0.0004007401003036648
0.00025556288892403245
0.0004017306782770902
0.0003189629642292857
0.00024571537505835295
0.00030516640981659293
0.0002945988380815834
0.00038145462167449296
0.000290848984150216
0.00035156970261596143
0.00025171125889755785
0.00019736429385375232
0.0001885117671918124
0.0001909068232635036
0.0003064421471208334
0.00023890282318461686
0.000332761206664145
0.00032491059391759336
0.00029898673528805375
0.000258763408055529
0.00033709558192640543
0.00025998501223511994
0.0003066269273404032
0.0002947972679976374
0.00033836672082543373
0.00032794600701890886
0.000328973081195727
0.000237072745221667
0.0002899815153796226
0.00031541171483695507
0.0003298180236015469
0.00023114892246667296
0.0002777391637209803
0.00026587487081997097
0.00030553186661563814
0.00042029519681818783
0.00039314874447882175
0.0003260384255554527
0.0002493623469490558
0.00018621934577822685
0.0002873361809179187
0.00021292401652317494
0.00028958480106666684
0.0002754917077254504
0.00027566999779082835
0.00021626654779538512
0.0002799569338094443
0.0003010014188475907
0.00033819102100096643
0.00022268261818680912
0.00033753624302335083
0.00027745970874093473
0.00021207988902460784
0.0002640417078509927
0.0002528723271097988
0.0003296039649285376
0.0002461711410433054
0.00029740124591626227
0.00022021705808583647
0.00017288666276726872
0.00016506380052305758
0.00016745433094911277
0.0002623703039716929
0.00020270017557777464
0.0002846810675691813
0.00028320885030552745
0.0002596445847302675
0.00022659161186311394
0.0002893262426368892
0.00022421970788855106
0.0002673151611816138
0.0002551227807998657
0.00029008660931140184
0.00028202118119224906
0.00029206566978245974
0.00020844834216404706
0.0002504934382159263
0.00027827394660562277
0.00028633890906348825
0.00020238485012669116
0.00024330057203769684
0.0002320942876394838
0.0002668675151653588
0.00035719433799386024
0.00034040171885862947
0.0002862474648281932
0.00021366353030316532
0.00016664750000927597
0.00024874258087947965
0.00019126427650917321
0.00024779982049949467
0.00024135969579219818
0.0002390893641859293
0.00019192743638996035
0.0002485273580532521
0.00026385372621007264
0.0002981143770739436
0.00020076789951417595
0.0002983595768455416
0.0002460206451360136
0.00019080335914622992
0.00023376797616947442
0.00022213495685718954
0.00029740427271462977
0.000211584527278319
0.0002597038692329079
0.00019693213107530028
0.00015440127754118294
0.0001479532802477479
0.00014996826939750463
0.00023065957066137344
0.00017721462063491344
0.0002525816089473665
0.0002544300223235041
0.00023296370636671782
0.00020304328063502908
0.00025647980510257185
0.0001980253291549161
0.00023948644229676574
0.00022603185789193958
0.00025318542611785233
0.00025079731130972505
0.00026670246734283864
0.00018596346490085125
0.00022310917847789824
0.00024888626649044454
0.00025705108419060707
0.0001808265660656616
0.00021789304446429014
0.00020647782366722822
0.00023811361461412162
0.00031454561394639313
0.00030417685047723353
0.0002568667405284941
0.0001893599983304739
0.00015193027502391487
0.00022290404012892395
0.00017337326426059008
0.0002198559232056141
0.00021722237579524517
0.0002135732356691733
0.0001724834437482059
0.00022346177138388157
0.00023627326299902052
0.00026851106667891145
0.00018261921650264412
0.00026864802930504084
0.00022342016745824367
0.00017350529378745705
0.0002104278391925618
0.00019993989553768188
0.0002689439570531249
0.0001892040017992258
0.00023117139062378556
0.00017776874301489443
0.00014006330457050353
0.00013439857866615057
0.00013628882879856974
0.0002054180222330615
0.00015930435620248318
0.00022852077381685376
0.0002311261196155101
0.00021072187519166619
0.00018329995509702712
0.00023237823916133493
0.00017762291827239096
0.00021837957319803536
0.00020241753372829407
0.00022760729189030826
0.00022369851649273187
0.00024296841002069414
0.00017039867816492915
0.00020232918905094266
0.00022503756918013096
0.00023333875287789851
0.00016271835193037987
0.00019693042850121856
0.0001868176186690107
0.00021676412143278867
0.00028095769812352955
0.00027731474256142974
0.00023320582113228738
0.0001692220539553091
0.00013885651424061507
0.00019993001478724182
0.00015738634101580828
0.00019939779303967953
0.00019677207455970347
0.00019370552035979927
0.00015569210518151522
0.00020383230003062636
0.00021368380112107843
0.00024569936795160174
0.00016795465489849448
0.00024516883422620595
0.00020494101045187563
0.00015980753232724965
0.0001946949923876673
0.00018123262270819396
0.00024845957523211837
0.00017158687114715576
0.0002092504728352651
0.0001634212676435709
0.00012827575847040862
0.0001251962239621207
0.00012450243229977787
0.00018555184942670166
0.00014399194333236665
0.0002075501688523218
0.00021067357738502324
0.00019317406986374408
0.0001670787314651534
0.00021198464673943818
0.0001616739755263552
0.00020045331621076912
0.00018544442718848586
0.00020900886738672853
0.00020475746714510024
0.00022486607485916466
0.0001563679543323815
0.00018497825658414513
0.0002073558425763622
0.00021125629427842796
0.00014872403698973358
0.00018003780860453844
0.00017098637181334198
0.0001967840944416821
0.00025440615718252957
0.00025318010011687875
0.00021273088350426406
0.0001550784072605893
0.00012898791464976966
0.00018247863044962287
0.00014525465667247772
0.00018220841593574733
0.00017980574921239167
0.00017688857042230666
0.00014299472968559712
0.0001870213745860383
0.00019480563059914857
0.00022678023378830403
0.00015528345829807222
0.00022473178978543729
0.00018916350381914526
0.00014763744547963142
0.00017859204672276974
0.00016643956769257784
0.00022802807507105172
0.00015643287042621523
0.00019338924903422594
0.0001514331961516291
0.00011966031888732687
0.00011576524411793798
0.00011429828009568155
0.00016998103819787502
0.00013118305651005358
0.0001896477915579453
0.0001954687904799357
0.00017800414934754372
0.0001530641020508483
0.0001949247671291232
0.0001488364505348727
0.00018630250997375697
0.00016982735542114824
0.00019146395788993686
0.00018904452736023813
0.00020853507157880813
0.00014544576697517186
0.00017054575437214226
0.00019168909057043493
0.00019551576406229287
0.00013795211270917207
0.00016790776862762868
0.00015822809655219316
0.00018208111578132957
0.00023460929514840245
0.00023372727446258068
0.00019689924374688417
0.00014159966667648405
0.00012032999802613631
0.0001685840543359518
0.00013503662194125354
0.0001672449870966375
0.00016520767530892044
0.00016351680096704513
0.0001324237382505089
0.00017255674174521118
0.00017978629330173135
0.00021044518507551402
0.00014450779417529702
0.00020934155327267945
0.0001755453267833218
0.00013796686835121363
0.00016595606575720012
0.00015393175999633968
0.00021162809571251273
0.00014501537953037769
0.00017887614376377314
0.00014234859554562718
0.00011149782221764326
0.00010995224147336558
0.00010666475282050669
0.00015662360237911344
0.00012153528223279864
0.00017618843412492424
0.0001823548664106056
0.00016447374946437776
0.00014083355199545622
0.00017971872875932604
0.00013772607780992985
0.00017259636661037803
0.0001573506451677531
0.0001771643728716299
0.0001761154126143083
0.00019350519869476557
0.00013585860142484307
0.0001588997693033889
0.000179389986442402
0.0001819463213905692
0.00012901674199383706
0.0001564052072353661
0.00014673870464321226
0.0001693731901468709
0.00021683961676899344
0.00021637629834003747
0.00018256675684824586
0.00013139843940734863
0.00011185051698703319
0.0001572456385474652
0.00012557714944705367
0.0001549008156871423
0.00015160911425482482
0.00015116071153897792
0.00012269627768546343
0.00016034615691751242
0.0001663951697992161
0.0001965850533451885
0.00013490451965481043
0.00019545145914889872
0.00016499269986525178
0.00012887539924122393
0.00015499645087402314
0.00014263582124840468
0.00019874739518854767
0.00013501645298674703
0.000169287872267887
0.0001334572589257732
0.0001049705024342984
0.00010507116530789062
0.00010034145088866353
0.00014703803753945976
0.00011419539077905938
0.00016471510753035545
0.00017062186088878661
0.00015295157209038734
0.0001301318552577868
0.00016722291184123605
0.0001276600087294355
0.00016170524759218097
0.00014616303087677807
0.00016427961236331612
0.00016377439897041768
0.0001818583405110985
0.0001274411188205704
0.00014778575859963894
0.00016734817472752184
0.00017137858958449215
0.00012069099466316402
0.0001466350513510406
0.00013737930567003787
0.00015902466839179397
0.0002036374353338033
0.0002043577842414379
0.0001705400354694575
0.00012299339869059622
0.00010512308654142544
0.00014717229350935668
0.00011897255899384618
0.0001447473478037864
0.00014165404718369246
0.0001399086759192869
0.00011506080772960559
0.00014946263399906456
0.00015402214194182307
0.00018433645891491324
0.00012645490642171353
0.00018250587163493037
0.00015492267266381532
0.00012178890756331384
0.00014448122237809002
0.00013317102275323123
0.0001866186794359237
0.000126067126984708
0.00015965421334840357
0.00012757132935803384
9.875353134702891e-05
0.00010081870277645066
9.523145126877353e-05
0.00013929147098679096
0.00010773929534479976
0.00015490618534386158
0.00016101649089250714
0.00014404581452254206
0.0001212711285916157
0.00015607541718054563
0.00011867439752677456
0.0001488857378717512
0.0001361197791993618
0.00015251143486239016
0.0001524054678156972
0.0001699688727967441
0.00011986596655333415
0.00013755062536802143
0.0001576062204549089
0.0001603140408406034
0.00011342436482664198
0.00013930727436672896
0.00012974158744327724
0.00014938844833523035
0.00019232391787227243
0.0001943659590324387
0.00016088635311461985
0.00011588577763177454
9.886355837807059e-05
0.00013901946658734232
0.00011314522998873144
0.0001360369788017124
0.00013252066855784506
0.00013070853310637176
0.00010790317901410162
0.00014020531671121716
0.00014217830903362483
0.00017168965132441372
0.00011786085087805986
0.00017033089534379542
0.00014481789548881352
0.00011440137313911691
0.000135130831040442
0.0001244827581103891
0.000175790541106835
0.0001185004657600075
0.00015192209684755653
0.00012148248060839251
9.43877239478752e-05
9.651291475165635e-05
9.044342004926875e-05
0.00013148674042895436
0.00010309257049812004
0.00014700288011226803
0.00015211498248390853
0.00013623290578834713
0.00011285541404504329
0.00014771065616514534
0.00011191483645234257
0.00013846602814737707
0.00012637674808502197
0.00014178991841617972
0.00014372114674188197
0.00015949420048855245
0.00011104524310212582
0.00012776740186382085
0.00014769879635423422
0.00014963644207455218
0.00010722859587986022
0.00013163867697585374
0.00012272558524273336
0.00014058637316338718
0.00018230629211757332
0.00018456700490787625
0.0001520582736702636
0.00011003913095919415
9.345415310235694e-05
0.00013134274922776967
0.00010758831922430545
0.00012950444943271577
0.00012556657020468265
0.00012279980001039803
0.00010149183071916923
0.0001326302153756842
0.0001317001151619479
0.00016193650662899017
0.00011043298582080752
0.00015896550030447543
0.00013606718857772648
0.0001077923079719767
0.00012617763422895223
0.00011641161108855158
0.00016594657790847123
0.00011083547724410892
0.00014466607535723597
0.0001147072107414715
9.003774903248996e-05
9.240103099728003e-05
8.638190774945542e-05
0.0001254959061043337
9.82444325927645e-05
0.00014062561967875808
0.00014502927660942078
0.00013034667063038796
0.00010592632315820083
0.00014043426199350506
0.0001056749970302917
0.00013035297160968184
0.00011894237104570493
0.00013358234718907624
0.0001360512978862971
0.0001496022887295112
0.00010369779192842543
0.00011889066081494093
0.00013754323299508542
0.00014025224663782865
0.00010044572991319001
0.00012436075485311449
0.00011547586473170668
0.00013250821211840957
0.00017213606042787433
0.00017464057600591332
0.00014419907529372722
0.00010404993372503668
8.843137038638815e-05
0.00012490912922658026
0.00010321914305677637
0.00012309009616728872
0.00011894180352101102
0.00011636107956292108
9.72335328697227e-05
0.00012507167411968112
0.00012398534454405308
0.00015356196672655642
0.00010340411972720176
0.00014821514196228236
0.0001270835055038333
0.00010119457147084177
0.00011791723227361217
0.00010924714297289029
0.0001558265503263101
0.00010389742237748578
0.00013702450087293983
0.00010884023504331708
8.610091754235327e-05
8.821335359243676e-05
8.189512300305068e-05
0.00012035732652293518
9.35567295528017e-05
0.00013553176540881395
0.00013963805395178497
0.00012503686593845487
0.00010123426909558475
0.0001342792675131932
0.00010269608901580796
0.00012440259160939604
0.00011232772521907464
0.0001263417798327282
0.0001296342961722985
0.0001408162497682497
9.639038034947589e-05
0.000111799941805657
0.00012903301103506237
0.00013178894005250186
9.468840289628133e-05
0.00011726953380275518
0.0001092777238227427
0.00012517829600255936
0.00016319641144946218
0.00016575228073634207
0.00013637875963468105
9.89409745670855e-05
8.350087591679767e-05
0.00011948746396228671
0.00010082193330163136
0.0001181052575702779
0.0001139275191235356
0.00011120941780973226
9.426518226973712e-05
0.00011933672067243606
0.00011708074453053996
0.00014640341396443546
9.803065768210217e-05
0.0001392060803482309
0.00011898054071934894
9.590654372004792e-05
0.00011034464841941372
0.00010261732677463442
0.00014591282524634153
9.705512638902292e-05
0.00012917704589199275
0.00010353722609579563
8.207526116166264e-05
8.412400347879156e-05
7.791809184709564e-05
0.00011416504275985062
8.933703793445602e-05
0.00013044652587268502
0.00013507396215572953
0.00012055080878781155
9.701486851554364e-05
0.0001290536456508562
9.972255793400109e-05
0.00011895011266460642
0.0001069891222869046
0.00012069900549249724
0.00012476419215090573
0.00013293491792865098
9.049131767824292e-05
0.00010511971777305007
0.00012170725676696748
0.00012374728976283222
8.943674038164318e-05
0.00010947063128696755
0.00010187462612520903
0.0001175378420157358
0.00015308881120290607
0.00015695876209065318
0.00012977739970665425
9.402533760294318e-05
7.978277426445857e-05
0.00011435885971877724
9.68874737736769e-05
0.00011411646846681833
0.00010770559310913086
0.00010625786671880633
9.134259744314477e-05
0.00011503788846312091
0.00011180267756571993
0.00014066822768654674
9.356912050861865e-05
0.00013173026673030108
0.00011160266876686364
9.160375338979065e-05
0.00010427816596347839
9.646191756473854e-05
0.00013639011012855917
9.099770977627486e-05
0.00012135778524680063
9.689663420431316e-05
7.721719157416373e-05
7.981812814250588e-05
7.409272802760825e-05
0.0001080231013474986
8.45881222630851e-05
0.00012421052088029683
0.00012960404274053872
0.00011515024380059913
9.25895874388516e-05
0.00012365249858703464
9.614293958293274e-05
0.00011347837426001206
0.00010225931328022853
0.00011640098819043487
0.00012131346011301503
0.0001282895536860451
8.551178325433284e-05
9.906908235279843e-05
0.00011529798211995512
0.00011648350482573733
8.38282285258174e-05
0.00010202929115621373
9.620205673854798e-05
0.00011008304136339575
0.0001441339700249955
0.00014766896492801607
0.00012151017290307209
8.867032011039555e-05
7.551701128249988e-05
0.00010919104533968493
9.287981083616614e-05
0.00010882340575335547
0.00010358182771597058
0.00010144399129785597
8.798554335953668e-05
0.00011014600022463128
0.00010657387610990554
0.00013553725148085505
9.000848513096571e-05
0.0001254771341336891
0.00010671938071027398
8.6932850535959e-05
9.900901204673573e-05
9.140759357251227e-05
0.00012882713053841144
8.618060383014381e-05
0.00011364080273779109
9.148036042461172e-05
7.259502308443189e-05
7.564016414107755e-05
7.026464299997315e-05
0.00010213771747658029
8.030399476410821e-05
0.00011841878585983068
0.00012450217036530375
0.00010942999506369233
8.864812843967229e-05
0.00011890810856129974
9.220775973517448e-05
0.00010897370520979166
9.802141721593216e-05
0.0001122106914408505
0.00011687979713315144
0.000123293386423029
8.146085747284815e-05
9.390492778038606e-05
0.00011031525355065241
0.00011037184594897553
7.929452112875879e-05
9.652999142417684e-05
9.054228576133028e-05
0.00010369058873038739
0.0001350710663245991
0.00013829987437929958
0.0001136269565904513
8.340317435795441e-05
7.157039362937212e-05
0.00010387623478891328
8.848339348332956e-05
0.00010410233517177403
9.847059845924377e-05
9.667246195022017e-05
8.448731387034059e-05
0.00010617273801472038
0.00010274867236148566
0.0001318363647442311
8.66477785166353e-05
0.00012053681712131947
0.0001016101596178487
8.3593899034895e-05
9.426844189874828e-05
8.738128235563636e-05
0.00012187992979306728
8.149608038365841e-05
0.00010624314745655283
8.676318248035386e-05
6.813751679146662e-05
7.163134432630613e-05
6.640858191531152e-05
9.558367310091853e-05
7.531586743425578e-05
0.00011227665527258068
0.00011842871754197404
0.00010385481436969712
8.474435162497684e-05
0.00011342975631123409
8.800299110589549e-05
0.00010412506526336074
9.406328899785876e-05
0.00010745527833933011
0.00011238704610150307
0.00011884470586664975
7.776077109156176e-05
8.918652747524902e-05
0.00010508853301871568
0.00010575321357464418
7.501546497223899e-05
9.078537550522014e-05
8.489106403430924e-05
9.895861148834229e-05
0.00012748013250529766
0.00012966268695890903
0.00010715587268350646
7.868924149079248e-05
6.793258944526315e-05
9.907751518767327e-05
8.39248241391033e-05
9.885465988190845e-05
9.389744809595868e-05
9.236434561898932e-05
8.078426617430523e-05
0.00010257375106448308
9.861213766271248e-05
0.00012696633348241448
8.369619899895042e-05
0.0001154193450929597
9.846675675362349e-05
8.125136082526296e-05
9.03826585272327e-05
8.373391028726473e-05
0.00011577786790439859
7.769493822706863e-05
9.995187429012731e-05
8.198500290745869e-05
6.354796641971916e-05
6.785243022022769e-05
6.307230069069192e-05
8.942293061409146e-05
7.069726416375488e-05
0.0001061124712578021
0.00011147858458571136
9.807604510569945e-05
8.069834439083934e-05
0.00010853873391170055
8.44184760353528e-05
9.935213893186301e-05
9.054102702066302e-05
0.00010251584171783179
0.00010788788495119661
0.00011438196816015989
7.425195508403704e-05
8.521662675775588e-05
0.00010120778460986912
0.00010158708755625412
7.177639054134488e-05
8.661254105390981e-05
8.115855598589405e-05
9.341985423816368e-05
0.00012067132774973288
0.00012232431618031114
0.00010040247434517369
7.440437184413895e-05
6.44270985503681e-05
9.308561129728332e-05
7.923004886833951e-05
9.340976976091042e-05
8.832754974719137e-05
8.764770609559491e-05
7.729000208200887e-05
9.695809421828017e-05
9.353388304589316e-05
0.00012219665222801268
7.990885933395475e-05
0.0001104847397073172
9.418706758879125e-05
7.819208985893056e-05
8.641772001283243e-05
8.03395378170535e-05
0.00011021231330232695
7.440109766321257e-05
9.453584789298475e-05
7.806892244843766e-05
6.004701572237536e-05
6.480397860286757e-05
6.0141996073070914e-05
8.385328692384064e-05
6.705903797410429e-05
9.990874968934804e-05
0.00010494975867914036
9.311318717664108e-05
7.627349987160414e-05
0.00010232174099655822
7.944872049847618e-05
9.464331378694624e-05
8.595312101533636e-05
9.70514229265973e-05
0.00010247790487483144
0.00010934416786767542
7.063733937684447e-05
8.143265586113557e-05
9.663899254519492e-05
9.714590123621747e-05
6.862387817818671e-05
8.233792323153466e-05
7.711699436185881e-05
8.932066702982411e-05
0.00011544029257493094
0.00011585263564484194
9.478904394200072e-05
7.075917528709397e-05
6.155826849862933e-05
8.820770017337054e-05
7.490903226425871e-05
8.83502361830324e-05
8.424928091699257e-05
8.335154416272417e-05
7.293574162758887e-05
9.164473158307374e-05
8.913102647056803e-05
0.00011605932377278805
7.665885641472414e-05
0.00010560826922301203
8.976525714388117e-05
7.528193236794323e-05
8.312898717122152e-05
7.763173198327422e-05
0.00010480363562237471
7.105587428668514e-05
9.03928666957654e-05
7.485301466658711e-05
5.6858392781578004e-05
6.181265052873641e-05
5.722691639675759e-05
7.876884774304926e-05
6.33096497040242e-05
9.437383414478973e-05
9.912610403262079e-05
8.765453821979463e-05
7.2314272983931e-05
9.737071377458051e-05
7.4566196417436e-05
9.075877460418269e-05
8.205802441807464e-05
9.214814781444147e-05
9.792893979465589e-05
0.00010480864148121327
6.798532558605075e-05
7.784774788888171e-05
9.327861334895715e-05
9.390100603923202e-05
6.636993930442259e-05
7.832614937797189e-05
7.395720604108647e-05
8.54335812618956e-05
0.0001105714327422902
0.00011042114783776924
8.960409468272701e-05
6.704279076075181e-05
5.8757759688887745e-05
8.357138722203672e-05
7.131561142159626e-05
8.373544551432133e-05
8.006612188182771e-05
7.899219053797424e-05
6.96279457770288e-05
8.82113745319657e-05
8.525134762749076e-05
0.00011228359653614461
7.34414643375203e-05
0.00010154081974178553
8.600285946158692e-05
7.23038028809242e-05
7.95491214375943e-05
7.483144145226106e-05
0.00010059524356620386
6.831514474470168e-05
8.644357876619324e-05
7.140183879528195e-05
5.3907104302197695e-05
5.926485755480826e-05
5.467374649015255e-05
7.426692900480703e-05
6.0178495914442465e-05
8.997994154924527e-05
9.381104609929025e-05
8.315901504829526e-05
6.859043787699193e-05
9.213049634126946e-05
7.076361362123862e-05
8.647943468531594e-05
7.832057599443942e-05
8.793939923634753e-05
9.337587835034356e-05
0.00010052283323602751
6.492097600130364e-05
7.468001422239468e-05
8.905179129214957e-05
9.004075400298461e-05
6.376139936037362e-05
7.486845424864441e-05
7.059916970320046e-05
8.243563934229314e-05
0.00010632893099682406
0.00010542514792177826
8.491543121635914e-05
6.370753544615582e-05
5.617933493340388e-05
8.011201862245798e-05
6.77098214509897e-05
7.905293750809506e-05
7.59537288104184e-05
7.501910295104608e-05
6.595790182473138e-05
8.38127889437601e-05
8.099169644992799e-05
0.00010613626363920048
7.01941316947341e-05
9.69643733697012e-05
8.281182817881927e-05
6.996856245677918e-05
7.60285765863955e-05
7.189921598182991e-05
9.62226404226385e-05
6.57340424368158e-05
8.27591575216502e-05
6.857531116111204e-05
5.161290755495429e-05
5.701897316612303e-05
5.242689803708345e-05
7.085834658937529e-05
5.7437835494056344e-05
8.595846884418279e-05
8.918614912545308e-05
7.924585224827752e-05
6.505860073957592e-05
8.776099275564775e-05
6.677519559161738e-05
8.220337622333318e-05
7.45452125556767e-05
8.357360638910905e-05
8.90387746039778e-05
9.655964095145464e-05
6.205039244377986e-05
7.11825632606633e-05
8.525083831045777e-05
8.667791553307325e-05
6.1012844525976107e-05
7.168819138314575e-05
6.780357944080606e-05
7.895571616245434e-05
0.00010181035759160295
0.00010096382902702317
8.100562990875915e-05
6.072419273550622e-05
5.380712900660001e-05
7.612223998876289e-05
6.440181459765881e-05
7.535193435614929e-05
7.255750097101554e-05
7.135736814234406e-05
6.301739631453529e-05
7.971401646500453e-05
7.686195749556646e-05
0.00010106401896337047
6.71818052069284e-05
9.251104347640648e-05
7.904924859758466e-05
6.712690810672939e-05
7.264532177941874e-05
6.91972891218029e-05
9.230230352841318e-05
6.30750073469244e-05
7.955664477776736e-05
6.558345921803266e-05
4.930505747324787e-05
5.530386988539249e-05
5.0332742830505595e-05
6.730136374244466e-05
5.4975687817204744e-05
8.221127063734457e-05
8.504917786922306e-05
7.546006236225367e-05
6.206209945958108e-05
