7.828402280807495 2.1101744174957275 0
8.976914882659912 5.714788436889648 0
10.133075714111328 2.5413925647735596 0
11.28486943244934 4.467504501342773 0
12.441899538040161 2.7867605686187744 0
13.603092193603516 2.283505916595459 0
14.746185064315796 2.5076417922973633 0
15.890729665756226 2.4306554794311523 0
17.02820348739624 2.8918099403381348 0
18.163617849349976 2.4010677337646484 0
19.312196016311646 1.9775499105453491 0
20.461993932724 2.3616931438446045 0
21.621927976608276 2.1184213161468506 0
22.791277170181274 1.816163420677185 0
23.94621253013611 2.040256977081299 0
25.092911958694458 1.8081578016281128 0
26.241424322128296 2.0340113639831543 0
27.40594482421875 1.6569187641143799 0
28.570441007614136 1.900773286819458 0
29.722660541534424 1.6311402320861816 0
30.882364988327026 1.6100879907608032 0
32.02515935897827 1.1641185283660889 0
33.17836236953735 1.7489509582519531 0
34.334978103637695 1.5060615539550781 0
35.484567403793335 1.7366329431533813 0
36.6596736907959 1.6132235527038574 0
37.81796216964722 1.7153151035308838 0
38.97017312049866 1.9397592544555664 0
40.14240097999573 1.6345877647399902 0
41.30654740333557 1.2607874870300293 0
42.47078585624695 1.6309865713119507 0
43.63093066215515 1.5208697319030762 0
44.7933611869812 1.6106231212615967 0
45.95788216590881 1.9963747262954712 0
47.126139640808105 1.6578408479690552 0
48.291181564331055 1.7791863679885864 0
49.44510316848755 1.571913719177246 0
50.59286642074585 1.4951610565185547 0
51.74894976615906 1.5832046270370483 0
52.90705585479736 1.6259433031082153 0
54.059828996658325 1.469637155532837 0
55.20855140686035 1.1266064643859863 0
56.35325312614441 1.1421263217926025 0
57.4903621673584 1.2893403768539429 0
58.63096046447754 1.2507214546203613 0
59.77949619293213 1.372077465057373 0
60.95288634300232 1.5041621923446655 0
62.113044023513794 1.137589693069458 0
63.27240610122681 1.2755193710327148 0
64.64188957214355 1.7148940563201904 0
65.79709124565125 1.590794563293457 0
66.95096802711487 2.3190548419952393 0
68.10666012763977 1.8021920919418335 0
69.26338148117065 1.5285788774490356 0
70.40695452690125 1.5003445148468018 0
71.58915162086487 1.1150600910186768 0
72.74776601791382 1.2657400369644165 0
73.89991784095764 1.3302438259124756 0
75.05282187461853 1.2556449174880981 0
76.21222233772278 1.2010612487792969 0
77.36546039581299 1.3269689083099365 0
78.51369285583496 1.535356044769287 0
79.65851259231567 1.1015048027038574 0
80.80023503303528 2.012910842895508 0
81.93928289413452 1.298468828201294 0
83.08861446380615 1.2977283000946045 0
84.23331212997437 1.5568625926971436 0
85.38424062728882 1.2914223670959473 0
86.51929426193237 1.1611433029174805 0
87.66977858543396 1.4853949546813965 0
88.8192355632782 1.0394716262817383 0
89.95143246650696 1.210114598274231 0
91.09786057472229 0.8805017471313477 0
92.24734711647034 1.2273316383361816 0
93.39079904556274 1.6429251432418823 0
94.54770374298096 1.0394675731658936 0
95.70049333572388 0.8596353530883789 0
96.85100936889648 1.2701525688171387 0
97.98683762550354 1.0666346549987793 0
99.13398432731628 1.3127717971801758 0
100.27576351165771 1.5886671543121338 0
101.41748666763306 1.5144144296646118 0
102.5539243221283 1.0543211698532104 0
103.70292139053345 1.221093773841858 0
104.84578061103821 0.9507676362991333 0
105.98550701141357 1.3999323844909668 0
107.13431406021118 1.7196342945098877 0
108.28601741790771 0.8149185180664062 0
109.432058095932 1.5099124908447266 0
110.56683111190796 2.1295855045318604 0
111.71137118339539 1.4382039308547974 0
112.85556149482727 1.058194875717163 0
113.99818277359009 1.572636365890503 0
115.13281798362732 1.314191222190857 0
116.2812488079071 1.5447112321853638 0
117.4203610420227 1.130102515220642 0
118.55464363098145 1.0992182493209839 0
119.69296741485596 1.806858777999878 0
120.85037183761597 1.2278367280960083 0
121.9884762763977 1.1946752071380615 0
123.13778042793274 1.1048423051834106 0.1822429895401001
124.27703619003296 0.9409047961235046 0.1822429895401001
125.42504072189331 1.3719878196716309 0.1822429895401001
126.56181788444519 1.1738507747650146 0.1822429895401001
127.69523024559021 1.914017915725708 0.1822429895401001
128.83608675003052 1.3577406406402588 0.1822429895401001
129.98079013824463 1.3132652044296265 0.1822429895401001
131.1128442287445 1.329115390777588 0.1822429895401001
132.25607800483704 1.2021925449371338 0.1822429895401001
133.40531277656555 1.2639316320419312 0.1822429895401001
134.54336190223694 1.2149357795715332 0.1822429895401001
135.67959785461426 1.1560020446777344 0.1822429895401001
136.80835938453674 1.3813492059707642 0.1822429895401001
137.94823503494263 1.185289978981018 0.1822429895401001
139.0759036540985 1.7683404684066772 0.1822429895401001
140.21240901947021 1.1902564764022827 0.1822429895401001
141.3403353691101 0.7968806028366089 0.1822429895401001
142.47474646568298 1.7245399951934814 0.1822429895401001
143.62001776695251 0.8318459987640381 0.1822429895401001
144.75271797180176 0.958378791809082 0.1822429895401001
145.8922700881958 1.438497543334961 0.1822429895401001
147.03154730796814 1.0449585914611816 0.1822429895401001
148.18233942985535 1.4468181133270264 0.1822429895401001
149.32284545898438 1.153982400894165 0.1822429895401001
150.47915410995483 1.0543311834335327 0.1822429895401001
151.62750625610352 0.896212100982666 0.1822429895401001
152.77139258384705 1.035506248474121 0.1822429895401001
153.91702318191528 0.9629815816879272 0.1822429895401001
155.05964064598083 0.9335245490074158 0.1822429895401001
156.1950614452362 1.5053465366363525 0.1822429895401001
157.34020161628723 1.896127700805664 0.1822429895401001
158.48764491081238 1.6421464681625366 0.1822429895401001
159.64461851119995 1.2025024890899658 0.1822429895401001
160.79011487960815 1.484616994857788 0.1822429895401001
161.9241645336151 0.9775449633598328 0.1822429895401001
163.06303453445435 1.1712737083435059 0.1822429895401001
164.19796872138977 0.934471607208252 0.1822429895401001
165.33321332931519 1.026444911956787 0.1822429895401001
166.48927354812622 0.7770379185676575 0.1822429895401001
167.6633222103119 0.6323883533477783 0.1822429895401001
168.81102204322815 1.5604774951934814 0.1822429895401001
169.9639298915863 1.1013071537017822 0.1822429895401001
171.12237310409546 1.635074257850647 0.1822429895401001
172.2727038860321 0.9294119477272034 0.1822429895401001
173.404634475708 1.4331862926483154 0.1822429895401001
174.54218077659607 1.0437417030334473 0.1822429895401001
175.68181920051575 1.4528753757476807 0.1822429895401001
176.82525253295898 1.0835657119750977 0.1822429895401001
177.96545100212097 0.9801392555236816 0.1822429895401001
179.10280561447144 1.067678689956665 0.1822429895401001
180.2610146999359 1.6382802724838257 0.1822429895401001
181.3969271183014 1.0247870683670044 0.1822429895401001
182.54726433753967 1.1910486221313477 0.1822429895401001
183.6990110874176 1.1968634128570557 0.1822429895401001
184.84278774261475 1.2317839860916138 0.1822429895401001
185.97460198402405 1.1372319459915161 0.1822429895401001
187.10808801651 1.2765226364135742 0.1822429895401001
188.2537124156952 1.6586450338363647 0.1822429895401001
189.39720559120178 1.3362102508544922 0.1822429895401001
190.53247451782227 0.94370436668396 0.1822429895401001
191.6776852607727 0.9007905721664429 0.1822429895401001
192.82264971733093 1.2710278034210205 0.1822429895401001
193.97612500190735 1.5292021036148071 0.1822429895401001
195.1358346939087 1.0092511177062988 0.1822429895401001
196.28562259674072 0.5933808088302612 0.1822429895401001
197.43242740631104 0.6183685064315796 0.1822429895401001
198.57503199577332 1.1501771211624146 0.1822429895401001
199.72409439086914 1.209505558013916 0.1822429895401001
200.88757920265198 0.9877790808677673 0.1822429895401001
202.04537224769592 1.1136376857757568 0.1822429895401001
203.2047634124756 1.1966313123703003 0.1822429895401001
204.34368872642517 1.365854024887085 0.1822429895401001
205.47262144088745 1.1247525215148926 0.1822429895401001
206.6528720855713 0.7179046273231506 0.1822429895401001
207.84447169303894 0.8681120872497559 0.1822429895401001
209.18190121650696 0.7293826341629028 0.1822429895401001
210.3451120853424 0.8418905735015869 0.1822429895401001
211.501380443573 0.7650675773620605 0.1822429895401001
212.6502707004547 0.6186821460723877 0.1822429895401001
213.80735230445862 0.9889631271362305 0.1822429895401001
214.95143961906433 1.1477206945419312 0.1822429895401001
216.0957896709442 0.7460635304450989 0.1822429895401001
217.23413181304932 0.9086159467697144 0.1822429895401001
218.37690472602844 0.6841807961463928 0.1822429895401001
219.52067375183105 1.2991715669631958 0.1822429895401001
220.66748690605164 0.7333414554595947 0.1822429895401001
221.8100461959839 1.095226526260376 0.1822429895401001
222.9514880180359 0.7817399501800537 0.1822429895401001
224.10240387916565 0.9490920305252075 0.1822429895401001
225.25703644752502 0.9065724611282349 0.1822429895401001
226.41432356834412 0.7067356705665588 0.1822429895401001
227.5866937637329 0.9137272834777832 0.1822429895401001
228.73914790153503 0.8753082752227783 0.1822429895401001
229.88968133926392 0.9500810503959656 0.1822429895401001
231.04837274551392 0.8657893538475037 0.1822429895401001
232.2270233631134 0.6892921924591064 0.1822429895401001
233.41255140304565 0.6669415235519409 0.1822429895401001
234.58024621009827 0.6004272699356079 0.1822429895401001
235.7401008605957 0.627755343914032 0.1822429895401001
236.89392185211182 0.8829016089439392 0.1822429895401001
238.0600869655609 0.6019556522369385 0.1822429895401001
239.2270233631134 0.8866776823997498 0.1822429895401001
240.38460111618042 1.0546314716339111 0.1822429895401001
241.53456115722656 0.8810285329818726 0.1822429895401001
242.68511390686035 0.8369541168212891 0.1822429895401001
243.82796502113342 0.999901533126831 0.1822429895401001
244.9753499031067 0.9687095284461975 0.1822429895401001
246.16691851615906 0.4860512316226959 0.1822429895401001
247.34929513931274 0.4988391697406769 0.1822429895401001
248.4917550086975 0.5723298788070679 0.1822429895401001
249.6352026462555 0.8138413429260254 0.1822429895401001
250.7852268218994 0.5492147207260132 0.1822429895401001
251.9270601272583 1.1597578525543213 0.1822429895401001
253.06463837623596 0.44586795568466187 0.1822429895401001
254.21497893333435 0.8680427074432373 0.1822429895401001
255.35481572151184 1.0433405637741089 0.1822429895401001
256.50663471221924 0.7173213958740234 0.1822429895401001
257.66580629348755 0.5092376470565796 0.1822429895401001
258.833398103714 0.9110292792320251 0.1822429895401001
259.97091007232666 0.8639256358146667 0.1822429895401001
261.1170120239258 0.6675454378128052 0.1822429895401001
262.26449489593506 0.8171504735946655 0.1822429895401001
263.4091827869415 0.9111366868019104 0.1822429895401001
264.5617141723633 0.769060492515564 0.1822429895401001
265.70830512046814 0.5605621337890625 0.1822429895401001
266.8493721485138 0.8498517274856567 0.1822429895401001
268.00497364997864 1.5843462944030762 0.1822429895401001
269.1669919490814 0.6440115571022034 0.1822429895401001
270.31071376800537 1.021606206893921 0.1822429895401001
271.4556941986084 1.2723238468170166 0.1822429895401001
272.6037633419037 0.7783699035644531 0.1822429895401001
273.74551343917847 0.659105658531189 0.1822429895401001
274.89021039009094 0.6847093105316162 0.1822429895401001
276.0372657775879 0.8502908945083618 0.1822429895401001
277.1902618408203 0.8941575884819031 0.1822429895401001
278.33156061172485 0.8806501626968384 0.1822429895401001
279.4715383052826 0.5395045280456543 0.1822429895401001
280.6182670593262 0.7497462034225464 0.1822429895401001
281.79577374458313 0.642867922782898 0.1822429895401001
282.9488117694855 0.6445936560630798 0.1822429895401001
284.09862875938416 0.7069478631019592 0.1822429895401001
285.2601594924927 0.7448597550392151 0.1822429895401001
286.4184236526489 0.5328187942504883 0.1822429895401001
287.56333780288696 0.5790096521377563 0.1822429895401001
288.7190845012665 0.9031251668930054 0.1822429895401001
289.861257314682 0.824131965637207 0.1822429895401001
291.01256489753723 0.4664113521575928 0.1822429895401001
292.3562207221985 0.5294072031974792 0.1822429895401001
293.49620509147644 0.985103189945221 0.1822429895401001
294.64678740501404 0.7677483558654785 0.1822429895401001
295.7991602420807 0.7657684087753296 0.1822429895401001
296.933660030365 0.7883505821228027 0.1822429895401001
298.09046244621277 1.4913557767868042 0.1822429895401001
299.2428169250488 0.8838948011398315 0.1822429895401001
300.39356422424316 1.1763159036636353 0.1822429895401001
301.54422760009766 0.6666738986968994 0.1822429895401001
302.6970167160034 1.030903935432434 0.1822429895401001
303.8439288139343 0.5716984272003174 0.1822429895401001
304.99860548973083 0.8799180388450623 0.1822429895401001
306.16644263267517 0.867162823677063 0.1822429895401001
307.32618498802185 0.9649640917778015 0.1822429895401001
308.4629075527191 0.599867582321167 0.1822429895401001
309.596702337265 0.8840267658233643 0.1822429895401001
310.7372181415558 1.050182819366455 0.1822429895401001
311.88233757019043 0.7681928277015686 0.1822429895401001
313.01937437057495 0.917445182800293 0.1822429895401001
314.16493034362793 0.6790294647216797 0.1822429895401001
315.29911756515503 0.7304378747940063 0.1822429895401001
316.44451355934143 0.656201958656311 0.1822429895401001
317.5979356765747 1.091386079788208 0.1822429895401001
318.7396442890167 1.1001369953155518 0.1822429895401001
319.88381266593933 0.6684786081314087 0.1822429895401001
321.03002429008484 0.6124559640884399 0.1822429895401001
322.16523361206055 1.1595709323883057 0.1822429895401001
323.3031632900238 0.8761245012283325 0.1822429895401001
324.43977308273315 0.7252743244171143 0.1822429895401001
325.58119893074036 0.5905107259750366 0.1822429895401001
326.7276589870453 0.6818863153457642 0.1822429895401001
327.8637807369232 0.548484742641449 0.1822429895401001
329.0099437236786 0.8091017007827759 0.1822429895401001
330.161429643631 0.7105711698532104 0.1822429895401001
331.2996361255646 0.9104856848716736 0.1822429895401001
332.4436454772949 0.6089420318603516 0.1822429895401001
333.57927942276 0.962998628616333 0.1822429895401001
334.7232642173767 0.7830243110656738 0.1822429895401001
335.8728461265564 0.395658016204834 0.1822429895401001
337.01651334762573 0.7793664932250977 0.1822429895401001
338.166629076004 0.7720434069633484 0.1822429895401001
339.31255078315735 0.7228862047195435 0.1822429895401001
340.4577851295471 0.7271380424499512 0.1822429895401001
341.6234805583954 0.6362308263778687 0.1822429895401001
342.7742636203766 0.8087082505226135 0.1822429895401001
343.91667675971985 0.5516078472137451 0.1822429895401001
345.0550363063812 0.45764365792274475 0.1822429895401001
346.19867634773254 0.5363724827766418 0.1822429895401001
347.34656834602356 0.4430851638317108 0.1822429895401001
348.4856684207916 0.4774472117424011 0.1822429895401001
349.6216502189636 0.7083248496055603 0.1822429895401001
350.7663505077362 0.882606029510498 0.1822429895401001
351.91496682167053 0.7528641223907471 0.1822429895401001
353.0554645061493 0.4982660710811615 0.1822429895401001
354.19437766075134 1.5721018314361572 0.1822429895401001
355.33730912208557 0.9269798398017883 0.1822429895401001
356.4901912212372 0.4216529130935669 0.1822429895401001
357.63860511779785 0.8345382213592529 0.1822429895401001
358.78723526000977 1.0085046291351318 0.1822429895401001
359.9184248447418 0.45674580335617065 0.1822429895401001
361.06850838661194 0.5146552324295044 0.1822429895401001
362.2244634628296 0.5763837695121765 0.1822429895401001
363.36116337776184 0.565716028213501 0.1822429895401001
364.5080192089081 0.4664265513420105 0.1822429895401001
365.6469762325287 0.5604483485221863 0.1822429895401001
366.78868985176086 0.48683953285217285 0.1822429895401001
367.9360399246216 0.5206394791603088 0.1822429895401001
369.119437456131 0.8662830591201782 0.1822429895401001
370.2751853466034 0.7978670001029968 0.1822429895401001
371.42482352256775 1.1829800605773926 0.1822429895401001
372.5688462257385 0.9657899141311646 0.1822429895401001
373.72069907188416 0.6632190346717834 0.1822429895401001
374.8805868625641 0.6345909833908081 0.1822429895401001
376.0159375667572 2.092076539993286 0.1822429895401001
377.160603761673 1.0837953090667725 0.1822429895401001
378.30718660354614 0.6996803879737854 0.1822429895401001
379.46538758277893 1.465029239654541 0.1822429895401001
380.62121176719666 0.6320152282714844 0.1822429895401001
381.780553817749 0.8844431638717651 0.1822429895401001
382.96295380592346 1.3620262145996094 0.1822429895401001
384.1054151058197 1.1279997825622559 0.1822429895401001
385.2567882537842 0.7150552272796631 0.1822429895401001
386.4010634422302 0.9300036430358887 0.1822429895401001
387.53980469703674 0.49307671189308167 0.1822429895401001
388.68398666381836 0.8599132299423218 0.1822429895401001
389.8358736038208 0.8764386177062988 0.1822429895401001
390.9802887439728 0.8663958311080933 0.1822429895401001
392.1325628757477 1.1521706581115723 0.1822429895401001
393.30698442459106 0.9673318862915039 0.1822429895401001
394.46847224235535 0.930316686630249 0.1822429895401001
395.6269075870514 0.5252995491027832 0.1822429895401001
396.7786729335785 0.8860431909561157 0.1822429895401001
397.9257884025574 0.8045439124107361 0.1822429895401001
399.07458543777466 0.44001203775405884 0.1822429895401001
400.23093819618225 0.5369449853897095 0.1822429895401001
401.3858597278595 0.9078684449195862 0.1822429895401001
402.5343141555786 0.6448075771331787 0.1822429895401001
403.6926734447479 0.8943453431129456 0.1822429895401001
404.8710443973541 0.7736493349075317 0.1822429895401001
406.03422141075134 0.6416336297988892 0.1822429895401001
407.1886010169983 0.7295640110969543 0.1822429895401001
408.33664107322693 0.8383642435073853 0.1822429895401001
409.47483348846436 0.8015612959861755 0.1822429895401001
410.6241228580475 0.5808854103088379 0.1822429895401001
411.7743513584137 0.6419106721878052 0.1822429895401001
412.93071031570435 0.9843477606773376 0.1822429895401001
414.07289838790894 0.8400131464004517 0.1822429895401001
415.22331976890564 0.6179790496826172 0.1822429895401001
416.37701964378357 0.35477274656295776 0.1822429895401001
417.53960132598877 1.1936806440353394 0.1822429895401001
418.71891236305237 0.6070065498352051 0.1822429895401001
419.88638973236084 0.9389641880989075 0.1822429895401001
421.0422010421753 0.6338719129562378 0.1822429895401001
422.2032136917114 0.6660307049751282 0.1822429895401001
423.3581175804138 0.6389992237091064 0.1822429895401001
424.51152205467224 0.7681214809417725 0.1822429895401001
425.67082262039185 0.7997900247573853 0.1822429895401001
426.8370261192322 0.6178394556045532 0.1822429895401001
428.0014398097992 1.1252316236495972 0.1822429895401001
429.1620349884033 0.813254177570343 0.1822429895401001
430.3213794231415 1.0265741348266602 0.1822429895401001
431.4686987400055 0.920666515827179 0.1822429895401001
432.62503361701965 0.9912195801734924 0.1822429895401001
433.7795090675354 0.7108190059661865 0.1822429895401001
434.9366729259491 0.5450126528739929 0.1822429895401001
436.2655613422394 0.393334299325943 0.1822429895401001
438.63514733314514 0.7383445501327515 0.1822429895401001
439.84942054748535 0.45606884360313416 0.1822429895401001
441.00163102149963 0.4963136911392212 0.1822429895401001
442.17296147346497 0.5170807838439941 0.1822429895401001
443.3693368434906 0.7598476409912109 0.1822429895401001
444.5428259372711 1.0612845420837402 0.1822429895401001
445.72223925590515 0.4234381318092346 0.1822429895401001
446.90089678764343 0.6884070634841919 0.1822429895401001
448.0659728050232 1.031937599182129 0.1822429895401001
449.2397336959839 0.30997055768966675 0.1822429895401001
450.40573358535767 0.6920778751373291 0.1822429895401001
451.5759403705597 0.475932240486145 0.1822429895401001
452.758341550827 0.5724772214889526 0.1822429895401001
453.95932388305664 0.4122961461544037 0.1822429895401001
455.14602065086365 0.5644104480743408 0.1822429895401001
456.3191874027252 0.9753915667533875 0.1822429895401001
457.4897394180298 0.7095192670822144 0.1822429895401001
458.65609192848206 0.5427554845809937 0.1822429895401001
459.8301908969879 0.816124677658081 0.1822429895401001
461.02386450767517 0.6197676658630371 0.1822429895401001
462.2023255825043 0.6251535415649414 0.1822429895401001
463.37522435188293 0.6562619805335999 0.1822429895401001
464.52907156944275 0.5398217439651489 0.1822429895401001
465.70874857902527 0.7361127138137817 0.1822429895401001
466.88090229034424 0.37956151366233826 0.1822429895401001
468.0343084335327 0.579399585723877 0.1822429895401001
469.1864745616913 0.7270348072052002 0.1822429895401001
470.3567543029785 0.7784615755081177 0.1822429895401001
471.5198676586151 0.8592104911804199 0.1822429895401001
472.70465660095215 0.9815064668655396 0.1822429895401001
473.85901045799255 0.4693703055381775 0.1822429895401001
475.0127305984497 0.5985044240951538 0.1822429895401001
476.1687309741974 0.42358726263046265 0.1822429895401001
477.33134961128235 0.6952335834503174 0.1822429895401001
478.4939122200012 0.6145071983337402 0.1822429895401001
479.6557402610779 0.5887007713317871 0.1822429895401001
480.8310401439667 0.5903423428535461 0.1822429895401001
481.98547649383545 0.6777676343917847 0.1822429895401001
483.1300256252289 0.5112274885177612 0.1822429895401001
484.2778217792511 0.6828183531761169 0.1822429895401001
485.4372501373291 1.178274154663086 0.1822429895401001
486.59963631629944 0.7057569026947021 0.1822429895401001
487.7701029777527 0.6971231698989868 0.1822429895401001
488.917809009552 0.3715508282184601 0.1822429895401001
490.08168029785156 0.5172281265258789 0.1822429895401001
491.25116419792175 0.5269325971603394 0.1822429895401001
492.42332100868225 0.4214155972003937 0.1822429895401001
493.5912525653839 0.520308792591095 0.1822429895401001
494.7599148750305 0.5946887135505676 0.1822429895401001
495.91780138015747 0.6304299831390381 0.1822429895401001
497.07092118263245 0.653594970703125 0.1822429895401001
498.2314467430115 0.8308982253074646 0.1822429895401001
499.3814387321472 1.0403976440429688 0.1822429895401001
500.53474617004395 0.6080465316772461 0.1822429895401001
501.6929838657379 0.6659274101257324 0.1822429895401001
502.8452534675598 0.4507206976413727 0.1822429895401001
504.00716948509216 0.48358094692230225 0.1822429895401001
505.1796860694885 0.6317026615142822 0.1822429895401001
506.3659715652466 0.8902420997619629 0.1822429895401001
507.5380747318268 0.47447657585144043 0.1822429895401001
508.7021653652191 0.5116275548934937 0.1822429895401001
509.86773562431335 0.7816912531852722 0.1822429895401001
511.0530569553375 0.9956055879592896 0.1822429895401001
512.2162137031555 0.41604286432266235 0.1822429895401001
513.3668873310089 0.8850186467170715 0.1822429895401001
514.5232779979706 0.5634427070617676 0.1822429895401001
515.6828701496124 0.741657018661499 0.1822429895401001
516.8483591079712 0.8092018365859985 0.1822429895401001
518.0166666507721 0.523208737373352 0.1822429895401001
519.1732330322266 0.6875541806221008 0.1822429895401001
520.3302347660065 0.6367690563201904 0.1822429895401001
521.6418585777283 0.8699376583099365 0.1822429895401001
522.7771193981171 0.7698647975921631 0.1822429895401001
523.9097137451172 0.45081502199172974 0.1822429895401001
525.042843580246 0.8656947612762451 0.1822429895401001
526.1926052570343 0.7310348153114319 0.1822429895401001
527.3366372585297 0.649020791053772 0.1822429895401001
528.4815084934235 0.4076378643512726 0.1822429895401001
529.6282558441162 0.8668642044067383 0.1822429895401001
530.774420261383 0.5089354515075684 0.1822429895401001
531.9167339801788 0.6085256338119507 0.1822429895401001
533.0599620342255 0.7018308639526367 0.1822429895401001
534.2050733566284 0.578731894493103 0.1822429895401001
535.3484063148499 0.6967364549636841 0.1822429895401001
536.489660024643 0.5327317714691162 0.1822429895401001
537.6424412727356 0.49425771832466125 0.1822429895401001
538.7945606708527 0.5678977966308594 0.1822429895401001
539.9487791061401 1.2448539733886719 0.1822429895401001
541.1140954494476 0.504887580871582 0.1822429895401001
542.2798507213593 0.395520955324173 0.1822429895401001
543.4267375469208 0.5058858394622803 0.1822429895401001
544.5697281360626 0.49891459941864014 0.1822429895401001
545.7054522037506 0.3584984540939331 0.1822429895401001
546.8641214370728 0.8425579071044922 0.1822429895401001
548.0128455162048 0.4778363108634949 0.1822429895401001
549.1571662425995 0.9008196592330933 0.1822429895401001
550.3080320358276 0.5949225425720215 0.1822429895401001
551.4694774150848 0.4692612290382385 0.1822429895401001
552.6417524814606 1.2104270458221436 0.1822429895401001
553.8266162872314 0.2735159397125244 0.1822429895401001
554.9729330539703 0.3917387127876282 0.1822429895401001
556.1167542934418 0.400504469871521 0.1822429895401001
557.2558891773224 0.49784114956855774 0.1822429895401001
558.3989884853363 0.3176306486129761 0.1822429895401001
559.5360686779022 0.4972149133682251 0.1822429895401001
560.6816651821136 0.6972950100898743 0.1822429895401001
561.8324403762817 0.6858794093132019 0.1822429895401001
562.9685196876526 0.5841076374053955 0.1822429895401001
564.1139674186707 0.39260268211364746 0.1822429895401001
565.2779538631439 0.4739231467247009 0.1822429895401001
566.4406542778015 0.7651982307434082 0.1822429895401001
567.5724623203278 0.5259565711021423 0.1822429895401001
568.7157111167908 0.6299440264701843 0.1822429895401001
569.8547298908234 0.9657484292984009 0.1822429895401001
571.0109505653381 0.6936869025230408 0.1822429895401001
572.165275812149 0.803155779838562 0.1822429895401001
573.3192789554596 0.9915329217910767 0.1822429895401001
574.4697630405426 0.3120102286338806 0.1822429895401001
575.6201429367065 1.4638607501983643 0.1822429895401001
576.7786266803741 0.5003796219825745 0.1822429895401001
577.9258723258972 0.4427131116390228 0.1822429895401001
579.0893578529358 0.7285020351409912 0.1822429895401001
580.2378227710724 0.4820142686367035 0.1822429895401001
581.3809416294098 0.6007658243179321 0.1822429895401001
582.5246751308441 0.8757362365722656 0.1822429895401001
583.680784702301 0.6482815146446228 0.1822429895401001
584.8387787342072 0.46479493379592896 0.1822429895401001
585.9861679077148 0.4588960111141205 0.336448609828949
587.1307389736176 0.9038150906562805 0.336448609828949
588.2703034877777 0.398637056350708 0.336448609828949
589.4128634929657 0.9052429795265198 0.336448609828949
590.5705132484436 0.8049673438072205 0.336448609828949
591.7799561023712 0.9782347083091736 0.336448609828949
592.971617937088 0.6977359056472778 0.336448609828949
594.1418571472168 0.4587419033050537 0.336448609828949
595.3134324550629 0.6007346510887146 0.336448609828949
596.4952073097229 0.5698851346969604 0.336448609828949
597.6561667919159 0.49226659536361694 0.336448609828949
598.8169305324554 0.5318266153335571 0.336448609828949
600.0153379440308 0.5279660224914551 0.336448609828949
601.1845371723175 0.4413275718688965 0.336448609828949
602.3462038040161 0.48801010847091675 0.336448609828949
603.5239970684052 0.3666239380836487 0.336448609828949
604.7101571559906 0.48552775382995605 0.336448609828949
605.8764231204987 0.5210649967193604 0.336448609828949
607.0242249965668 0.7837493419647217 0.336448609828949
608.1769514083862 0.3773455321788788 0.336448609828949
609.323460817337 0.4327177405357361 0.336448609828949
610.4723472595215 0.42754876613616943 0.336448609828949
611.6162981987 0.37449926137924194 0.336448609828949
612.7518255710602 0.560806393623352 0.336448609828949
613.8980748653412 0.5806303024291992 0.336448609828949
615.0436811447144 0.3739092946052551 0.336448609828949
616.2167963981628 0.5183612704277039 0.336448609828949
617.3825070858002 0.7768138647079468 0.336448609828949
618.5312957763672 0.4621155858039856 0.336448609828949
619.6928825378418 0.3949638903141022 0.336448609828949
620.8469369411469 0.49701058864593506 0.336448609828949
622.0136516094208 0.8500692844390869 0.336448609828949
623.1683235168457 0.2889731824398041 0.336448609828949
624.3149139881134 0.43197232484817505 0.336448609828949
625.466126203537 0.40853527188301086 0.336448609828949
626.6184599399567 0.709053635597229 0.336448609828949
627.7691941261292 1.0372810363769531 0.336448609828949
628.9238047599792 0.5939459800720215 0.336448609828949
630.0926804542542 0.2401859611272812 0.336448609828949
631.2518224716187 0.4896965026855469 0.336448609828949
632.4104650020599 0.8937076330184937 0.336448609828949
633.5601184368134 0.9190165996551514 0.336448609828949
634.7090620994568 0.6023619771003723 0.336448609828949
635.8611011505127 0.3638905882835388 0.336448609828949
636.9983434677124 0.7992244362831116 0.336448609828949
638.1327569484711 0.9223456382751465 0.336448609828949
639.2690756320953 0.49453285336494446 0.336448609828949
640.4312555789948 0.34178781509399414 0.336448609828949
641.6073384284973 0.44269487261772156 0.336448609828949
642.7668442726135 0.5978684425354004 0.336448609828949
643.9239354133606 0.5968683958053589 0.336448609828949
645.0646657943726 0.5233404636383057 0.336448609828949
646.2066838741302 0.44999611377716064 0.336448609828949
647.3554484844208 0.5721215009689331 0.336448609828949
648.501549243927 1.0582444667816162 0.336448609828949
649.6470038890839 0.6106977462768555 0.336448609828949
650.787168264389 0.8064591884613037 0.336448609828949
651.9440550804138 0.5817978382110596 0.336448609828949
653.1161403656006 0.8591028451919556 0.336448609828949
654.2936551570892 0.3292912542819977 0.336448609828949
655.4598820209503 0.8047603368759155 0.336448609828949
656.6167063713074 0.4923349618911743 0.336448609828949
657.7833781242371 0.5679012537002563 0.336448609828949
658.9514322280884 0.4437006413936615 0.336448609828949
660.1258780956268 0.3092629313468933 0.336448609828949
661.2919046878815 0.5963029265403748 0.336448609828949
662.4684581756592 0.3645593523979187 0.336448609828949
663.6322889328003 0.43210747838020325 0.336448609828949
664.7887442111969 0.4652131497859955 0.336448609828949
666.1605203151703 0.2971545457839966 0.336448609828949
667.3113856315613 0.5282130241394043 0.336448609828949
668.4613223075867 0.47577810287475586 0.336448609828949
669.6084935665131 0.3820706307888031 0.336448609828949
670.7597870826721 0.6075626611709595 0.336448609828949
671.9259588718414 0.31810063123703003 0.336448609828949
673.0855796337128 0.444576621055603 0.336448609828949
674.2513284683228 0.7787352204322815 0.336448609828949
675.4137735366821 0.5900900959968567 0.336448609828949
676.5709979534149 0.6064293384552002 0.336448609828949
677.7199821472168 0.4015848934650421 0.336448609828949
678.883297920227 0.7010848522186279 0.336448609828949
680.0387201309204 0.3212907016277313 0.336448609828949
681.1821920871735 0.510812520980835 0.336448609828949
682.3318781852722 0.30657958984375 0.336448609828949
683.49165391922 0.2768721878528595 0.336448609828949
684.6377038955688 0.2968902885913849 0.336448609828949
685.7843317985535 0.35754552483558655 0.336448609828949
686.928549528122 0.23753824830055237 0.336448609828949
688.0853719711304 0.5961675047874451 0.336448609828949
689.2591030597687 0.9672677516937256 0.336448609828949
690.4139397144318 0.577144980430603 0.336448609828949
691.5642290115356 0.31046703457832336 0.336448609828949
692.7232296466827 0.7183027863502502 0.336448609828949
693.8750698566437 0.18520666658878326 0.336448609828949
695.026540517807 0.6897502541542053 0.336448609828949
696.1758754253387 0.36361485719680786 0.336448609828949
697.3157253265381 0.37015873193740845 0.336448609828949
698.4591097831726 0.4970749616622925 0.336448609828949
699.6048595905304 0.29382461309432983 0.336448609828949
700.7497735023499 0.323649525642395 0.336448609828949
701.89670753479 0.5730109810829163 0.336448609828949
703.044349193573 0.36996990442276 0.336448609828949
704.1839199066162 0.5916966199874878 0.336448609828949
705.3458244800568 0.83794766664505 0.336448609828949
706.4931597709656 0.8912984728813171 0.336448609828949
707.6353063583374 0.24952179193496704 0.336448609828949
708.7896203994751 0.5880801677703857 0.336448609828949
709.9232277870178 0.29493218660354614 0.336448609828949
711.0649635791779 0.45085880160331726 0.336448609828949
712.2014813423157 0.38136032223701477 0.336448609828949
713.342444896698 0.25795137882232666 0.336448609828949
714.4935092926025 0.41576698422431946 0.336448609828949
715.6486442089081 0.4630343019962311 0.336448609828949
716.8111200332642 0.41028276085853577 0.336448609828949
717.9619035720825 0.364088237285614 0.336448609828949
719.116518497467 0.45945513248443604 0.336448609828949
720.2577176094055 0.19356653094291687 0.336448609828949
721.4001078605652 0.23921123147010803 0.336448609828949
722.5502572059631 0.7666643261909485 0.336448609828949
723.6891260147095 0.6226402521133423 0.336448609828949
724.8289148807526 0.3389231264591217 0.336448609828949
725.9599521160126 0.317905068397522 0.336448609828949
727.1198949813843 0.21108168363571167 0.336448609828949
728.2716648578644 0.2862842381000519 0.336448609828949
729.4414219856262 0.25166231393814087 0.336448609828949
730.5856683254242 0.42107099294662476 0.336448609828949
731.7304222583771 1.0851798057556152 0.336448609828949
732.8787314891815 0.375546395778656 0.336448609828949
734.0306758880615 0.41223984956741333 0.336448609828949
735.1898903846741 0.5756649971008301 0.336448609828949
736.3309843540192 0.655689537525177 0.336448609828949
737.4826054573059 0.34300389885902405 0.336448609828949
738.6222319602966 0.4119950532913208 0.336448609828949
739.7707645893097 0.49455416202545166 0.336448609828949
740.9339175224304 0.7032296657562256 0.336448609828949
742.0797090530396 0.3746713101863861 0.336448609828949
743.2316060066223 0.5644012093544006 0.336448609828949
744.3800168037415 0.5847477316856384 0.336448609828949
745.5344259738922 0.6093100309371948 0.336448609828949
746.6922879219055 0.6823714375495911 0.336448609828949
747.8355672359467 0.5221862196922302 0.336448609828949
748.9726090431213 0.46300357580184937 0.336448609828949
750.1171176433563 0.23639118671417236 0.336448609828949
751.2837586402893 0.519382655620575 0.336448609828949
752.4282865524292 0.5833165645599365 0.336448609828949
753.584680557251 0.2910349667072296 0.336448609828949
754.7192919254303 0.5029796361923218 0.336448609828949
755.8541522026062 1.0179396867752075 0.336448609828949
756.9890661239624 0.5237647891044617 0.336448609828949
758.1395409107208 0.435494601726532 0.336448609828949
759.269011259079 0.5114667415618896 0.336448609828949
760.4069726467133 0.27063897252082825 0.336448609828949
761.5397539138794 0.1863466203212738 0.336448609828949
762.6749057769775 0.5413978099822998 0.336448609828949
763.8275637626648 0.39421704411506653 0.336448609828949
764.9794340133667 0.5588646531105042 0.336448609828949
766.1213426589966 0.49513962864875793 0.336448609828949
767.2749035358429 0.6448308229446411 0.336448609828949
768.4252190589905 0.4696599245071411 0.336448609828949
769.5644788742065 0.21844127774238586 0.336448609828949
770.722583770752 0.41053497791290283 0.336448609828949
771.88267827034 0.38325023651123047 0.336448609828949
773.0353541374207 0.35661202669143677 0.336448609828949
774.1871900558472 0.4509556293487549 0.336448609828949
775.3521337509155 0.3121381103992462 0.336448609828949
776.5300624370575 0.43075960874557495 0.336448609828949
777.706502199173 0.3465433120727539 0.336448609828949
778.8650908470154 0.2808513641357422 0.336448609828949
780.0124852657318 0.5477880835533142 0.336448609828949
781.1552684307098 0.28843849897384644 0.336448609828949
782.3005514144897 0.25955143570899963 0.336448609828949
783.4540462493896 0.39653605222702026 0.336448609828949
784.593327999115 0.7049753665924072 0.336448609828949
785.7227692604065 0.4201633930206299 0.336448609828949
786.8612489700317 0.2372744381427765 0.336448609828949
788.0285987854004 0.8606317043304443 0.336448609828949
789.193213224411 0.5141924619674683 0.336448609828949
790.3480598926544 0.26521918177604675 0.336448609828949
791.504866361618 0.3430313766002655 0.336448609828949
792.6553592681885 0.35374218225479126 0.336448609828949
793.8030138015747 0.4438924193382263 0.336448609828949
794.9484658241272 0.3310033977031708 0.336448609828949
796.0979368686676 0.40932443737983704 0.336448609828949
797.2474992275238 0.5809367299079895 0.336448609828949
798.383710861206 0.4378478229045868 0.336448609828949
799.5314218997955 0.444399893283844 0.336448609828949
800.6845321655273 0.29572010040283203 0.336448609828949
801.8468339443207 0.3095787465572357 0.336448609828949
803.0023510456085 0.43117648363113403 0.336448609828949
804.1481604576111 0.3525850176811218 0.336448609828949
805.2920372486115 0.7736634612083435 0.336448609828949
806.4497907161713 0.59575355052948 0.336448609828949
807.5890762805939 0.35535478591918945 0.336448609828949
808.7138981819153 0.15995517373085022 0.336448609828949
809.8529980182648 0.49539220333099365 0.336448609828949
810.9945542812347 0.538079559803009 0.336448609828949
812.1579349040985 0.34540069103240967 0.336448609828949
813.3497672080994 0.408599853515625 0.336448609828949
814.5003340244293 0.5259212851524353 0.336448609828949
815.6374530792236 0.26713818311691284 0.336448609828949
816.7964603900909 0.8323838710784912 0.336448609828949
817.9649002552032 0.5888427495956421 0.336448609828949
819.1031608581543 0.24690282344818115 0.336448609828949
820.2489309310913 0.308377742767334 0.336448609828949
821.3999276161194 0.37223488092422485 0.336448609828949
822.562540769577 0.8212075233459473 0.336448609828949
823.7375752925873 0.1568576544523239 0.336448609828949
824.9211814403534 0.470226526260376 0.336448609828949
826.1015989780426 0.4041745066642761 0.336448609828949
827.3006489276886 1.1829924583435059 0.336448609828949
828.499386548996 0.4168587028980255 0.336448609828949
829.687605381012 0.3371571898460388 0.336448609828949
830.8829431533813 0.33226093649864197 0.336448609828949
832.0735757350922 0.31041619181632996 0.336448609828949
833.259104013443 0.2556394934654236 0.336448609828949
834.4534823894501 0.33995509147644043 0.336448609828949
835.6348295211792 0.27833449840545654 0.336448609828949
836.8217000961304 0.31081029772758484 0.336448609828949
838.0141174793243 0.3586185872554779 0.336448609828949
839.2282180786133 0.18627189099788666 0.336448609828949
840.4368152618408 0.19159963726997375 0.336448609828949
841.6194388866425 0.4201347231864929 0.336448609828949
842.7969436645508 0.3377982974052429 0.336448609828949
843.9775323867798 0.5004275441169739 0.336448609828949
845.1525182723999 0.28950169682502747 0.336448609828949
846.3387525081635 0.3254023790359497 0.336448609828949
847.516753911972 0.7404443621635437 0.336448609828949
848.695782661438 0.38549357652664185 0.336448609828949
849.8583950996399 0.3807418644428253 0.336448609828949
851.05633020401 0.21403096616268158 0.336448609828949
852.247704744339 0.8430521488189697 0.336448609828949
853.4339776039124 0.510586142539978 0.336448609828949
854.6251854896545 0.9174229502677917 0.336448609828949
855.8272683620453 0.34838977456092834 0.336448609828949
857.0164523124695 0.5960268974304199 0.336448609828949
858.2041752338409 0.4292844533920288 0.336448609828949
859.4147245883942 0.4430309534072876 0.336448609828949
860.6071443557739 0.39871281385421753 0.336448609828949
861.8079996109009 0.7778916954994202 0.336448609828949
863.026880979538 0.8257532715797424 0.336448609828949
864.2557475566864 0.6484817266464233 0.336448609828949
865.4492301940918 0.4699724316596985 0.336448609828949
866.6347403526306 0.42945611476898193 0.336448609828949
867.8095154762268 0.7131650447845459 0.336448609828949
868.9552299976349 0.5785636901855469 0.336448609828949
870.1148693561554 0.348091721534729 0.336448609828949
871.2642116546631 0.3553062677383423 0.336448609828949
872.3855347633362 0.4029630124568939 0.336448609828949
873.5983259677887 0.17533688247203827 0.336448609828949
874.7490258216858 0.3596864938735962 0.336448609828949
875.9256916046143 0.5609835982322693 0.336448609828949
877.1162223815918 0.5635837912559509 0.336448609828949
878.2628326416016 0.5581135749816895 0.336448609828949
879.4047031402588 0.2673511803150177 0.336448609828949
880.5642120838165 0.46005624532699585 0.336448609828949
881.7218282222748 0.660356879234314 0.336448609828949
882.8966453075409 0.20821474492549896 0.336448609828949
884.1054737567902 0.7292388677597046 0.336448609828949
885.3146178722382 0.29874926805496216 0.336448609828949
886.5115354061127 0.48463723063468933 0.336448609828949
887.7192606925964 0.3324379324913025 0.336448609828949
888.9280633926392 0.1830386072397232 0.336448609828949
890.1356041431427 0.6241198778152466 0.336448609828949
891.3320722579956 0.7303131818771362 0.336448609828949
892.5294103622437 0.3261454999446869 0.336448609828949
893.7388551235199 0.5605875253677368 0.336448609828949
894.9425432682037 0.40367937088012695 0.336448609828949
896.3863334655762 0.41197144985198975 0.336448609828949
897.5729913711548 0.5180491805076599 0.336448609828949
898.7864620685577 0.33799001574516296 0.336448609828949
900.002384185791 0.4281582832336426 0.336448609828949
901.2153723239899 0.28604796528816223 0.336448609828949
902.4114289283752 0.4948733150959015 0.336448609828949
903.6103703975677 0.308044970035553 0.336448609828949
904.8265905380249 0.5128815174102783 0.336448609828949
906.0290925502777 0.5105507969856262 0.336448609828949
907.2364418506622 0.5191925168037415 0.336448609828949
908.4504988193512 0.2920231223106384 0.336448609828949
909.6544990539551 0.4619605243206024 0.336448609828949
910.8636608123779 0.40356796979904175 0.336448609828949
912.0775818824768 0.29956701397895813 0.336448609828949
913.296454668045 0.32339122891426086 0.336448609828949
914.4888112545013 0.2591400742530823 0.336448609828949
915.672532081604 0.4842553734779358 0.336448609828949
916.8782527446747 0.3916033208370209 0.336448609828949
918.0896635055542 0.25359970331192017 0.336448609828949
919.2955031394958 0.3441605865955353 0.336448609828949
920.5071728229523 0.8640365600585938 0.336448609828949
921.7143313884735 0.5413734912872314 0.336448609828949
922.9220514297485 0.2823158800601959 0.336448609828949
924.1222274303436 0.2539728879928589 0.336448609828949
925.3173017501831 0.3568496108055115 0.336448609828949
926.5040149688721 0.4472965598106384 0.336448609828949
927.6873540878296 0.29080840945243835 0.336448609828949
928.8370060920715 0.9240354299545288 0.336448609828949
929.991325378418 0.2734791040420532 0.336448609828949
931.1576430797577 0.2776615023612976 0.336448609828949
932.3092937469482 0.41363123059272766 0.336448609828949
933.4680211544037 0.3485693335533142 0.336448609828949
934.6298649311066 0.41600513458251953 0.336448609828949
935.8301885128021 0.29765090346336365 0.336448609828949
937.0303184986115 0.535017192363739 0.336448609828949
938.2315826416016 0.23606255650520325 0.336448609828949
939.4250748157501 0.21606406569480896 0.336448609828949
940.6350829601288 0.42757898569107056 0.336448609828949
941.8372344970703 0.5513507127761841 0.336448609828949
943.0363454818726 0.33380287885665894 0.336448609828949
944.231113910675 0.3799177408218384 0.336448609828949
945.4047267436981 0.47591060400009155 0.336448609828949
946.5873696804047 0.5668299198150635 0.336448609828949
947.7756705284119 0.2596725821495056 0.336448609828949
948.9655425548553 0.5519505739212036 0.336448609828949
950.1800405979156 0.2454863339662552 0.336448609828949
951.4014105796814 0.42495352029800415 0.336448609828949
952.6142139434814 0.4161885380744934 0.336448609828949
953.7868323326111 0.42380696535110474 0.336448609828949
954.9849293231964 0.2988753914833069 0.336448609828949
956.1833672523499 0.4658910632133484 0.336448609828949
957.3716070652008 0.3831832706928253 0.336448609828949
958.5730006694794 0.8407346606254578 0.336448609828949
959.7832508087158 0.2936999201774597 0.336448609828949
960.9821789264679 0.541333794593811 0.336448609828949
962.1919512748718 0.3265504837036133 0.336448609828949
963.4028444290161 0.45133015513420105 0.336448609828949
964.6247200965881 0.18590937554836273 0.336448609828949
965.8142302036285 0.2936781644821167 0.336448609828949
967.00408244133 0.2892904579639435 0.336448609828949
968.201376914978 0.3460230231285095 0.336448609828949
969.4017004966736 0.4607745409011841 0.336448609828949
970.6036801338196 0.2794979214668274 0.336448609828949
971.7967658042908 0.4735070466995239 0.336448609828949
972.9894645214081 0.2668900489807129 0.336448609828949
974.1857905387878 0.1572474241256714 0.336448609828949
975.3832838535309 0.3553647994995117 0.336448609828949
976.5609998703003 0.5843426585197449 0.336448609828949
977.7211208343506 0.08389200270175934 0.336448609828949
978.871205329895 0.3311634361743927 0.336448609828949
980.0277915000916 0.42471545934677124 0.336448609828949
981.1743521690369 0.4521567225456238 0.336448609828949
982.3225841522217 0.2574372887611389 0.336448609828949
983.474390745163 0.6482137441635132 0.336448609828949
984.6183955669403 0.3637422025203705 0.336448609828949
985.7750205993652 0.3755234479904175 0.336448609828949
986.9220764636993 0.4680512547492981 0.336448609828949
988.0812571048737 0.4822452664375305 0.336448609828949
989.2581813335419 0.9924885034561157 0.336448609828949
990.4520764350891 0.08155131340026855 0.336448609828949
991.6354403495789 0.427647203207016 0.336448609828949
992.8148362636566 0.294170618057251 0.336448609828949
994.0097036361694 0.334142804145813 0.336448609828949
995.2088444232941 0.21678650379180908 0.336448609828949
996.399894952774 0.31181424856185913 0.336448609828949
997.5995893478394 0.8015719652175903 0.336448609828949
998.8048887252808 0.2910993695259094 0.336448609828949
1000.0039367675781 0.40734973549842834 0.336448609828949
1001.206246137619 0.26851314306259155 0.336448609828949
1002.3895757198334 0.1914462298154831 0.336448609828949
1003.5827000141144 0.6208603382110596 0.336448609828949
1004.7916531562805 0.5902659893035889 0.336448609828949
1005.979966878891 0.39386770129203796 0.336448609828949
1007.1810810565948 0.8783966302871704 0.336448609828949
1008.3826050758362 0.5967761278152466 0.336448609828949
1009.5878219604492 0.4964901804924011 0.336448609828949
1010.7754802703857 0.22059783339500427 0.336448609828949
1011.9940540790558 0.21689751744270325 0.336448609828949
1013.2062783241272 0.8662838935852051 0.336448609828949
1014.4086410999298 0.49596232175827026 0.336448609828949
1015.6061930656433 0.31854376196861267 0.336448609828949
1016.8291375637054 0.4192564785480499 0.336448609828949
1018.0412907600403 0.24829266965389252 0.336448609828949
1019.2559766769409 0.27248117327690125 0.336448609828949
1020.4573867321014 0.4005953371524811 0.336448609828949
1021.6573734283447 0.3480917811393738 0.336448609828949
1022.8559024333954 0.3804685175418854 0.336448609828949
1024.0578248500824 0.2052459716796875 0.336448609828949
1025.2649149894714 0.43129193782806396 0.336448609828949
1026.4679548740387 0.18933919072151184 0.336448609828949
1027.6820106506348 0.3256526589393616 0.336448609828949
1028.8803398609161 0.30623292922973633 0.336448609828949
1030.0757958889008 0.35966718196868896 0.336448609828949
1031.2711384296417 0.24043308198451996 0.336448609828949
1032.4660727977753 0.505495548248291 0.336448609828949
1033.6301727294922 0.43103206157684326 0.336448609828949
1034.8134994506836 0.4998718500137329 0.336448609828949
1035.978806257248 0.3067478835582733 0.336448609828949
1037.1506562232971 0.23656229674816132 0.336448609828949
1038.3034167289734 0.30065539479255676 0.336448609828949
1039.455617904663 0.2660766541957855 0.336448609828949
1040.6239700317383 0.3099042475223541 0.336448609828949
1041.7895889282227 0.32724514603614807 0.336448609828949
1042.9619307518005 0.4422234892845154 0.336448609828949
1044.1403234004974 0.4593287408351898 0.336448609828949
1045.5278401374817 0.5048426389694214 0.336448609828949
1046.7607197761536 0.31083208322525024 0.336448609828949
1047.986253976822 0.3564762473106384 0.336448609828949
1049.2355768680573 0.28432580828666687 0.336448609828949
1050.4433507919312 0.268084853887558 0.336448609828949
1051.666409254074 0.19459569454193115 0.336448609828949
1052.8828914165497 0.2996070384979248 0.336448609828949
1054.1226646900177 0.25800621509552 0.336448609828949
1055.3437366485596 0.26982608437538147 0.336448609828949
1056.5805110931396 0.4233132004737854 0.336448609828949
1057.792390346527 0.3616945147514343 0.336448609828949
1059.043756723404 0.1425020843744278 0.336448609828949
1060.2588617801666 0.27752870321273804 0.336448609828949
1061.472708940506 0.4439159333705902 0.336448609828949
1062.687118768692 0.3689071536064148 0.336448609828949
1063.9203510284424 0.25877633690834045 0.336448609828949
1065.1302239894867 0.28009265661239624 0.336448609828949
1066.3451869487762 0.34575939178466797 0.336448609828949
1067.561742067337 0.7684255242347717 0.336448609828949
1068.799961566925 0.22994795441627502 0.336448609828949
1070.0456070899963 0.10531515628099442 0.336448609828949
1071.2727165222168 0.25588464736938477 0.336448609828949
1072.505470752716 0.5385921597480774 0.336448609828949
1073.7475233078003 0.4875660836696625 0.336448609828949
1074.971033334732 0.48200640082359314 0.336448609828949
1076.210934638977 0.21473060548305511 0.336448609828949
1077.4295027256012 0.3888971209526062 0.336448609828949
1078.6350028514862 0.7266536355018616 0.336448609828949
1079.8259584903717 0.24323956668376923 0.336448609828949
1080.9850642681122 0.23963341116905212 0.336448609828949
1082.1521263122559 0.1844256967306137 0.336448609828949
1083.334038734436 0.3508647680282593 0.336448609828949
1084.5118951797485 0.36035558581352234 0.336448609828949
1085.6851947307587 0.3555751442909241 0.336448609828949
1086.8548665046692 0.47692376375198364 0.336448609828949
1088.0184807777405 0.2671128511428833 0.336448609828949
1089.1762254238129 0.9045268893241882 0.336448609828949
1090.349051475525 0.41629624366760254 0.336448609828949
1091.5003988742828 0.6494882106781006 0.336448609828949
1092.6449265480042 0.3069741129875183 0.336448609828949
1093.7948470115662 0.37878578901290894 0.336448609828949
1095.0017507076263 0.2905006408691406 0.336448609828949
1096.2190573215485 0.3970818519592285 0.336448609828949
1097.4441707134247 0.1896904706954956 0.336448609828949
1098.6657297611237 0.26639384031295776 0.336448609828949
1099.8648340702057 0.26925498247146606 0.336448609828949
1101.0445306301117 0.16510677337646484 0.336448609828949
1102.2229211330414 0.38708558678627014 0.336448609828949
1103.4125938415527 0.20628215372562408 0.336448609828949
1104.5928740501404 0.3026573061943054 0.336448609828949
1105.775438785553 0.3279419541358948 0.336448609828949
1106.9671392440796 0.32376569509506226 0.336448609828949
1108.1580245494843 0.34978213906288147 0.336448609828949
1109.3543455600739 0.31976884603500366 0.336448609828949
1110.5563807487488 0.36326026916503906 0.336448609828949
1111.7909207344055 0.37613946199417114 0.336448609828949
1112.991770029068 0.19746355712413788 0.336448609828949
1114.1803755760193 0.21074283123016357 0.336448609828949
1115.3710951805115 0.3669471740722656 0.336448609828949
1116.5569384098053 0.23037968575954437 0.336448609828949
1117.7403118610382 0.6113247275352478 0.336448609828949
1118.936894416809 0.23081296682357788 0.336448609828949
1120.1398198604584 0.5136724710464478 0.336448609828949
1121.3356256484985 0.21288952231407166 0.336448609828949
1122.5352931022644 0.5086075663566589 0.336448609828949
1123.7338309288025 0.231960728764534 0.336448609828949
1124.9153764247894 0.12592604756355286 0.336448609828949
1126.0929663181305 0.25962918996810913 0.336448609828949
1127.2808499336243 0.3371414542198181 0.336448609828949
1128.4788110256195 0.17522601783275604 0.336448609828949
1129.6739103794098 0.3028531074523926 0.336448609828949
1130.865730524063 0.622529149055481 0.336448609828949
1132.0631487369537 0.436134397983551 0.336448609828949
1133.2595443725586 0.5870243906974792 0.336448609828949
1134.4661116600037 0.6350781917572021 0.336448609828949
1135.7200453281403 0.26033225655555725 0.336448609828949
1136.9467408657074 0.09895463287830353 0.336448609828949
1138.1310012340546 0.17824558913707733 0.336448609828949
1139.3066301345825 0.28779712319374084 0.336448609828949
1140.4665472507477 0.24855250120162964 0.336448609828949
1141.6446359157562 0.25143465399742126 0.336448609828949
1142.8196334838867 0.3585594594478607 0.336448609828949
1143.987216949463 0.5927061438560486 0.336448609828949
1145.161122083664 0.16315074265003204 0.336448609828949
1146.3138737678528 0.3775486350059509 0.336448609828949
1147.5080263614655 0.2953621745109558 0.336448609828949
1148.6879377365112 0.5884534120559692 0.336448609828949
1149.8483831882477 0.2266480177640915 0.336448609828949
1151.0294044017792 0.41295698285102844 0.336448609828949
1152.2325420379639 0.12518922984600067 0.336448609828949
1153.4411680698395 0.23504461348056793 0.336448609828949
1154.6304359436035 0.262753427028656 0.336448609828949
1155.8104107379913 0.17162495851516724 0.336448609828949
1157.0134117603302 0.36876869201660156 0.336448609828949
1158.211436510086 0.42892155051231384 0.336448609828949
1159.4344487190247 0.22847193479537964 0.336448609828949
1160.64035987854 0.25232747197151184 0.336448609828949
1161.8293120861053 0.2214338779449463 0.336448609828949
1163.023887872696 0.226999893784523 0.336448609828949
1164.2174961566925 0.19889791309833527 0.336448609828949
1165.406585931778 0.8449255228042603 0.336448609828949
1166.590931892395 0.3611748218536377 0.336448609828949
1167.7940578460693 0.24153098464012146 0.336448609828949
1169.0098841190338 0.1317318230867386 0.336448609828949
1170.2330327033997 0.1634787768125534 0.336448609828949
1171.4352135658264 0.21337443590164185 0.336448609828949
1172.6407573223114 0.22974398732185364 0.336448609828949
1173.844049692154 0.3180081844329834 0.336448609828949
1175.0489814281464 0.5034084320068359 0.34287384152412415
1176.2608120441437 0.3988730311393738 0.34287384152412415
1177.4599487781525 0.3757227659225464 0.34287384152412415
1178.6388721466064 0.3743429481983185 0.34287384152412415
1179.8234446048737 0.373566597700119 0.34287384152412415
1181.0108058452606 0.3850921392440796 0.34287384152412415
1182.1917083263397 0.21522678434848785 0.34287384152412415
1183.3764979839325 0.4549444913864136 0.34287384152412415
1184.5754277706146 0.6268980503082275 0.34287384152412415
1185.7364497184753 0.2358640432357788 0.34287384152412415
1186.9206449985504 0.4151519536972046 0.34287384152412415
1188.0642642974854 0.4277941584587097 0.34287384152412415
1189.2241954803467 0.3217640817165375 0.34287384152412415
1190.3842244148254 0.3378587067127228 0.34287384152412415
1191.5475788116455 0.62542724609375 0.34287384152412415
1192.7004408836365 0.2713669538497925 0.34287384152412415
1193.8404116630554 0.17669647932052612 0.34287384152412415
1194.9922785758972 0.33713072538375854 0.34287384152412415
1196.145495891571 0.38778847455978394 0.34287384152412415
1197.3043367862701 0.24771755933761597 0.34287384152412415
1198.4663698673248 0.30714505910873413 0.34287384152412415
1199.6548659801483 0.8742183446884155 0.34287384152412415
1200.8502297401428 0.52059406042099 0.34287384152412415
1202.0283777713776 0.30083975195884705 0.34287384152412415
1203.213585138321 0.45147550106048584 0.34287384152412415
1204.3820049762726 0.24594412744045258 0.34287384152412415
1205.5556128025055 0.16350924968719482 0.34287384152412415
1206.7413823604584 0.2689121961593628 0.34287384152412415
1207.9235444068909 0.28949159383773804 0.34287384152412415
1209.1093547344208 0.5157619118690491 0.34287384152412415
1210.3074579238892 0.24579238891601562 0.34287384152412415
1211.510554075241 0.3629660904407501 0.34287384152412415
1212.7048938274384 0.33934569358825684 0.34287384152412415
1213.8958933353424 0.2954622507095337 0.34287384152412415
1215.0849561691284 0.27007585763931274 0.34287384152412415
1216.2629826068878 0.2827438712120056 0.34287384152412415
1217.4595062732697 0.223215714097023 0.34287384152412415
1218.6478154659271 0.3206174969673157 0.34287384152412415
1219.8421335220337 0.23859605193138123 0.34287384152412415
1221.049399614334 0.21528354287147522 0.34287384152412415
1222.2451214790344 0.21348804235458374 0.34287384152412415
1223.4608054161072 0.3395525813102722 0.34287384152412415
1224.663081407547 0.4358992576599121 0.34287384152412415
1225.863740682602 0.1778295487165451 0.34287384152412415
1227.0575230121613 0.19543057680130005 0.34287384152412415
1228.2456285953522 0.24169224500656128 0.34287384152412415
1229.444709777832 0.568619430065155 0.34287384152412415
1230.6421756744385 0.33685529232025146 0.34287384152412415
1231.8365423679352 0.23250022530555725 0.34287384152412415
1233.0379748344421 0.7714416980743408 0.34287384152412415
1234.2376239299774 0.530867874622345 0.34287384152412415
1235.4646978378296 0.24705788493156433 0.34287384152412415
1236.681388616562 0.17621643841266632 0.34287384152412415
1237.8885562419891 0.23711639642715454 0.34287384152412415
1239.077287197113 0.3850891888141632 0.34287384152412415
1240.2772896289825 0.3968833088874817 0.34287384152412415
1241.467528104782 0.4224945902824402 0.34287384152412415
1242.6405487060547 0.41478416323661804 0.34287384152412415
1243.8022487163544 0.39352747797966003 0.34287384152412415
1244.971744775772 0.2533261775970459 0.34287384152412415
1246.1513657569885 0.17441821098327637 0.34287384152412415
1247.3317980766296 0.29460084438323975 0.34287384152412415
1248.4977378845215 0.41446083784103394 0.34287384152412415
1249.6582250595093 0.3182695209980011 0.34287384152412415
1250.8171877861023 0.7866281270980835 0.34287384152412415
1251.9659481048584 0.6315692663192749 0.34287384152412415
1253.118762254715 0.21835801005363464 0.34287384152412415
1254.2675604820251 0.12500596046447754 0.34287384152412415
1255.4147927761078 0.15677137672901154 0.34287384152412415
1256.5902676582336 0.5506982803344727 0.34287384152412415
1257.7961223125458 0.28890544176101685 0.34287384152412415
1259.0110039710999 0.3125087022781372 0.34287384152412415
1260.2001230716705 0.3961702585220337 0.34287384152412415
1261.3900201320648 0.12481497973203659 0.34287384152412415
1262.5689449310303 0.695305347442627 0.34287384152412415
1263.7497391700745 0.43354058265686035 0.34287384152412415
1264.9331696033478 0.16191129386425018 0.34287384152412415
1266.1226708889008 0.21482297778129578 0.34287384152412415
1267.3109548091888 0.17116886377334595 0.34287384152412415
1268.4863500595093 0.31141752004623413 0.34287384152412415
1269.6765429973602 0.06991402804851532 0.34287384152412415
1270.8887391090393 0.26754477620124817 0.34287384152412415
1272.0875375270844 0.26325857639312744 0.34287384152412415
1273.274118900299 0.6938989162445068 0.34287384152412415
1274.4514555931091 0.31539681553840637 0.34287384152412415
1275.623381614685 0.3268473446369171 0.34287384152412415
1276.804503917694 0.37949907779693604 0.34287384152412415
1277.9755403995514 0.23878581821918488 0.34287384152412415
1279.1444470882416 0.17217832803726196 0.34287384152412415
1280.3184361457825 0.2507370710372925 0.34287384152412415
1281.513368844986 0.17819976806640625 0.34287384152412415
1282.727742433548 0.2489456832408905 0.34287384152412415
1283.9396975040436 0.3293410539627075 0.34287384152412415
1285.1253373622894 0.08770531415939331 0.34287384152412415
1286.3100731372833 0.14164112508296967 0.34287384152412415
1287.4832963943481 0.2576533555984497 0.34287384152412415
1288.6627776622772 0.2050611972808838 0.34287384152412415
1289.8424351215363 0.4026567339897156 0.34287384152412415
1291.0158162117004 0.15123574435710907 0.34287384152412415
1292.1978070735931 0.2795642912387848 0.34287384152412415
1293.3515586853027 0.3840763568878174 0.34287384152412415
1294.5064384937286 0.3643520474433899 0.34287384152412415
1295.6625769138336 0.15579357743263245 0.34287384152412415
1296.8352241516113 0.21556013822555542 0.34287384152412415
1298.021773815155 0.6092325448989868 0.34287384152412415
1299.186461687088 0.29340529441833496 0.34287384152412415
1300.3513469696045 0.5179394483566284 0.34287384152412415
1301.5114731788635 0.22784163057804108 0.34287384152412415
1302.6738398075104 0.3786622881889343 0.34287384152412415
1303.8326923847198 0.27921420335769653 0.34287384152412415
1305.0089209079742 0.4399225115776062 0.34287384152412415
1306.1942937374115 0.4763045310974121 0.34287384152412415
1307.3796212673187 0.12896859645843506 0.34287384152412415
1308.5726337432861 0.22732533514499664 0.34287384152412415
1309.7770414352417 0.5049529075622559 0.34287384152412415
1310.9685893058777 0.3234373927116394 0.34287384152412415
1312.1922335624695 0.24760977923870087 0.34287384152412415
1313.4003534317017 0.557319164276123 0.34287384152412415
1314.601090669632 0.2569449543952942 0.34287384152412415
1315.8062109947205 0.13048087060451508 0.34287384152412415
1317.0185568332672 0.3664613366127014 0.34287384152412415
1318.1963233947754 0.4425249397754669 0.34287384152412415
1319.456428527832 0.15098333358764648 0.34287384152412415
1320.6667721271515 0.36084747314453125 0.34287384152412415
1321.894390821457 0.23522993922233582 0.34287384152412415
1323.112604856491 0.26046228408813477 0.34287384152412415
1324.323612689972 0.38584432005882263 0.34287384152412415
1325.5305943489075 0.30207058787345886 0.34287384152412415
1326.930733203888 0.3741811513900757 0.34287384152412415
1328.1246869564056 0.41332176327705383 0.34287384152412415
1329.3044276237488 0.10171094536781311 0.34287384152412415
1330.4843001365662 0.3660508394241333 0.34287384152412415
1331.674295425415 0.10860691964626312 0.34287384152412415
1332.877417564392 0.3698008060455322 0.34287384152412415
1334.0725905895233 0.231267511844635 0.34287384152412415
1335.2819182872772 0.1423500031232834 0.34287384152412415
1336.4966611862183 0.5453572273254395 0.34287384152412415
1337.7091505527496 0.2926439046859741 0.34287384152412415
1338.909070968628 0.21852682530879974 0.34287384152412415
1340.1151835918427 0.4123610258102417 0.34287384152412415
1341.331774711609 0.27671700716018677 0.34287384152412415
1342.5354044437408 0.4250715374946594 0.34287384152412415
1343.7318403720856 0.22425590455532074 0.34287384152412415
1344.9264175891876 0.28601357340812683 0.34287384152412415
1346.1200075149536 0.3109472990036011 0.34287384152412415
1347.311539888382 0.29363831877708435 0.34287384152412415
1348.4789044857025 0.3173796832561493 0.34287384152412415
1349.6407759189606 0.38726186752319336 0.34287384152412415
1350.8116047382355 0.26555728912353516 0.34287384152412415
1351.9662370681763 0.263815701007843 0.34287384152412415
1353.1276803016663 0.4421563148498535 0.34287384152412415
1354.2954802513123 0.24845150113105774 0.34287384152412415
1355.4535608291626 0.448214590549469 0.34287384152412415
1356.625389099121 0.6926016211509705 0.34287384152412415
1357.7898650169373 0.4179551601409912 0.34287384152412415
1358.9601390361786 0.21136289834976196 0.34287384152412415
1360.117850780487 0.4433272182941437 0.34287384152412415
1361.315399646759 0.7437764406204224 0.34287384152412415
1362.5018215179443 0.3494558334350586 0.34287384152412415
1363.6993703842163 0.24989916384220123 0.34287384152412415
1364.9044709205627 0.30540716648101807 0.34287384152412415
1366.1261894702911 0.6292110681533813 0.34287384152412415
1367.3241312503815 0.595353364944458 0.34287384152412415
1368.5144407749176 0.23317472636699677 0.34287384152412415
1369.7146441936493 0.10366888344287872 0.34287384152412415
1370.9312763214111 0.11482231318950653 0.34287384152412415
1372.1233823299408 0.2618161737918854 0.34287384152412415
1373.3193662166595 0.1844930648803711 0.34287384152412415
1374.5046372413635 0.31277787685394287 0.34287384152412415
1375.6873664855957 0.23380866646766663 0.34287384152412415
1376.8754692077637 0.20379212498664856 0.34287384152412415
1378.0466303825378 0.1867491900920868 0.34287384152412415
1379.221825838089 0.16356298327445984 0.34287384152412415
1380.4010310173035 0.3852149546146393 0.34287384152412415
1381.5938167572021 0.27096909284591675 0.34287384152412415
1382.79794216156 0.24457848072052002 0.34287384152412415
1383.9912014007568 0.1625821590423584 0.34287384152412415
1385.1720111370087 0.13239248096942902 0.34287384152412415
1386.3542003631592 0.3726172149181366 0.34287384152412415
1387.5322003364563 0.24275484681129456 0.34287384152412415
1388.716159582138 0.18124920129776 0.34287384152412415
1389.9122507572174 0.11170119792222977 0.34287384152412415
1391.1125936508179 0.38103193044662476 0.34287384152412415
1392.3033282756805 0.4346562623977661 0.34287384152412415
1393.5186219215393 0.33992454409599304 0.34287384152412415
1394.736590385437 0.4613480865955353 0.34287384152412415
1395.9319212436676 0.22293423116207123 0.34287384152412415
1397.1234760284424 0.39487379789352417 0.34287384152412415
1398.3137719631195 0.16829045116901398 0.34287384152412415
1399.4915373325348 0.19082772731781006 0.34287384152412415
1400.680689573288 0.303011029958725 0.34287384152412415
1401.8721556663513 0.45044028759002686 0.34287384152412415
1403.0489723682404 0.23964457213878632 0.34287384152412415
1404.2319881916046 0.44789212942123413 0.34287384152412415
1405.3840022087097 0.146484375 0.34287384152412415
1406.532645702362 0.377055823802948 0.34287384152412415
1407.6717302799225 0.2253977656364441 0.34287384152412415
1408.8199565410614 0.43296802043914795 0.34287384152412415
1409.986904144287 0.19799888134002686 0.34287384152412415
1411.1553196907043 0.23635095357894897 0.34287384152412415
1412.3438639640808 0.3312588334083557 0.34287384152412415
1413.5674035549164 0.2964077293872833 0.34287384152412415
1414.7669842243195 0.37857985496520996 0.34287384152412415
1415.9573395252228 0.1632550209760666 0.34287384152412415
1417.1474440097809 0.350675493478775 0.34287384152412415
1418.348119020462 0.16040238738059998 0.34287384152412415
1419.5425853729248 0.09999372810125351 0.34287384152412415
1420.7408349514008 0.1742091178894043 0.34287384152412415
1421.9382047653198 0.21531403064727783 0.34287384152412415
1423.121111869812 0.06878801435232162 0.34287384152412415
1424.3077654838562 0.11101170629262924 0.34287384152412415
1425.500872850418 0.20583932101726532 0.34287384152412415
1426.7033274173737 0.3724982440471649 0.34287384152412415
1427.8920786380768 0.20850083231925964 0.34287384152412415
1429.0841014385223 0.6502922773361206 0.34287384152412415
1430.2811272144318 0.20706884562969208 0.34287384152412415
1431.4495651721954 0.3085861802101135 0.34287384152412415
1432.6443092823029 0.32334890961647034 0.34287384152412415
1433.8574497699738 0.3887230455875397 0.34287384152412415
1435.0526947975159 0.7747154831886292 0.34287384152412415
1436.2396059036255 0.037644773721694946 0.34287384152412415
1437.4471473693848 0.2623350918292999 0.34287384152412415
1438.6389918327332 0.1735086441040039 0.34287384152412415
1439.8225700855255 0.2711608111858368 0.34287384152412415
1441.0064198970795 0.2102823555469513 0.34287384152412415
1442.1991956233978 0.1195446252822876 0.34287384152412415
1443.3887100219727 0.690779447555542 0.34287384152412415
1444.5943574905396 0.3024502396583557 0.34287384152412415
1445.7986011505127 0.49331000447273254 0.34287384152412415
1446.9823319911957 0.2155579775571823 0.34287384152412415
1448.177170753479 0.29087966680526733 0.34287384152412415
1449.374499797821 0.5522467494010925 0.34287384152412415
1450.5770020484924 0.47152408957481384 0.34287384152412415
1451.7599675655365 0.4516124427318573 0.34287384152412415
1452.8973169326782 0.7864216566085815 0.34287384152412415
1454.0473670959473 0.4637526273727417 0.34287384152412415
1455.1896188259125 0.4138179421424866 0.34287384152412415
1456.3331387043 0.30426090955734253 0.34287384152412415
1457.497756242752 0.2392275333404541 0.34287384152412415
1458.6714317798615 0.8877356052398682 0.34287384152412415
1459.8290994167328 0.2972760796546936 0.34287384152412415
1460.9817581176758 0.22938179969787598 0.34287384152412415
1462.1392529010773 0.17349845170974731 0.34287384152412415
1463.2956023216248 0.2576940059661865 0.34287384152412415
1464.4424753189087 0.2353363037109375 0.34287384152412415
1465.6143050193787 0.46226897835731506 0.34287384152412415
1466.8010728359222 0.4381091594696045 0.34287384152412415
1467.9907808303833 0.29726359248161316 0.34287384152412415
1469.2059435844421 0.22755208611488342 0.34287384152412415
1470.398874759674 0.4561721682548523 0.34287384152412415
1471.5786938667297 0.37994658946990967 0.34287384152412415
1472.7811207771301 0.2574942111968994 0.34287384152412415
1473.9738907814026 0.29859328269958496 0.34287384152412415
1475.3742852210999 0.350839227437973 0.34287384152412415
1476.5612416267395 0.21132025122642517 0.34287384152412415
1477.7566785812378 0.337515264749527 0.34287384152412415
1478.9362275600433 0.21643534302711487 0.34287384152412415
1480.130112171173 0.23933368921279907 0.34287384152412415
1481.3248252868652 0.22107410430908203 0.34287384152412415
1482.5206162929535 0.2823731303215027 0.34287384152412415
1483.7105765342712 0.1715804487466812 0.34287384152412415
1484.8935408592224 0.39029237627983093 0.34287384152412415
1486.0921840667725 0.279682457447052 0.34287384152412415
1487.2805457115173 0.2529694437980652 0.34287384152412415
1488.4702579975128 0.18490195274353027 0.34287384152412415
1489.6570167541504 0.27219143509864807 0.34287384152412415
1490.8382005691528 0.44145557284355164 0.34287384152412415
1492.0249333381653 0.30493491888046265 0.34287384152412415
1493.2154450416565 0.21226511895656586 0.34287384152412415
1494.4168148040771 0.20530468225479126 0.34287384152412415
1495.6024806499481 0.2039385288953781 0.34287384152412415
1496.7992310523987 0.21710625290870667 0.34287384152412415
1497.9867992401123 0.13972701132297516 0.34287384152412415
1499.1810805797577 0.090505450963974 0.34287384152412415
1500.3658545017242 0.18502050638198853 0.34287384152412415
1501.538144826889 0.44006893038749695 0.34287384152412415
1502.717975616455 0.12017163634300232 0.34287384152412415
1503.8919439315796 0.06970341503620148 0.34287384152412415
1505.1089134216309 0.34429916739463806 0.34287384152412415
1506.3000631332397 0.32721972465515137 0.34287384152412415
1507.4905261993408 0.3428698480129242 0.34287384152412415
1508.673007965088 0.293451726436615 0.34287384152412415
1509.823983669281 0.1862059384584427 0.34287384152412415
1510.983225107193 0.24464040994644165 0.34287384152412415
1512.1374816894531 0.22949349880218506 0.34287384152412415
1513.2859563827515 0.3637460470199585 0.34287384152412415
1514.4331295490265 0.12669964134693146 0.34287384152412415
1515.5758605003357 0.1904582530260086 0.34287384152412415
1516.728492975235 0.19616621732711792 0.34287384152412415
1517.915938615799 0.4441581666469574 0.34287384152412415
1519.089770078659 0.413858562707901 0.34287384152412415
1520.2620480060577 0.10421838611364365 0.34287384152412415
1521.4378170967102 0.2359658181667328 0.34287384152412415
1522.6191246509552 0.5986419916152954 0.34287384152412415
1523.808345079422 0.17635703086853027 0.34287384152412415
1524.9909925460815 0.1758783459663391 0.34287384152412415
1526.175909280777 0.23252680897712708 0.34287384152412415
1527.362576007843 0.28530222177505493 0.34287384152412415
1528.5613465309143 0.1901365965604782 0.34287384152412415
1529.764624118805 0.2290371209383011 0.34287384152412415
1530.9541187286377 0.39993050694465637 0.34287384152412415
1532.1444783210754 0.17923524975776672 0.34287384152412415
1533.3363704681396 1.0234332084655762 0.34287384152412415
1534.5356962680817 0.45085519552230835 0.34287384152412415
1535.7270765304565 0.5633783340454102 0.34287384152412415
1536.915675163269 0.21653664112091064 0.34287384152412415
1538.1141529083252 0.3423517942428589 0.34287384152412415
1539.3046731948853 0.40345048904418945 0.34287384152412415
1540.4968070983887 0.16394485533237457 0.34287384152412415
1541.6895577907562 0.3019450306892395 0.34287384152412415
1542.8675973415375 0.14149188995361328 0.34287384152412415
1544.0846679210663 0.24369150400161743 0.34287384152412415
1545.3104593753815 0.13063523173332214 0.34287384152412415
1546.500813961029 0.36207273602485657 0.34287384152412415
1547.6973598003387 0.10916686803102493 0.34287384152412415
1548.884304523468 0.2544030547142029 0.34287384152412415
1550.0783424377441 0.30698931217193604 0.34287384152412415
1551.2597723007202 0.3452742099761963 0.34287384152412415
1552.451272726059 0.4010127782821655 0.34287384152412415
1553.6353149414062 0.3046215772628784 0.34287384152412415
1554.835110425949 0.3504679799079895 0.34287384152412415
1556.038598060608 0.35847872495651245 0.34287384152412415
1557.2102196216583 0.10928519815206528 0.34287384152412415
1558.3593955039978 0.16305780410766602 0.34287384152412415
1559.5182206630707 0.3147321045398712 0.34287384152412415
1560.8662705421448 0.1635645627975464 0.34287384152412415
1562.0235924720764 0.4676714241504669 0.34287384152412415
1563.1883552074432 0.23077966272830963 0.34287384152412415
1564.3344044685364 0.5623490214347839 0.34287384152412415
1565.4883253574371 0.26484864950180054 0.34287384152412415
1566.637085199356 0.43722933530807495 0.34287384152412415
1567.804915189743 0.20042437314987183 0.34287384152412415
1568.9688041210175 0.06805336475372314 0.34287384152412415
1570.1504538059235 0.2612435221672058 0.34287384152412415
1571.3509182929993 0.2903653383255005 0.34287384152412415
1572.5451579093933 0.13499237596988678 0.34287384152412415
1573.739712715149 0.36201032996177673 0.34287384152412415
1574.9309566020966 0.40147483348846436 0.34287384152412415
1576.1144433021545 0.5365834832191467 0.34287384152412415
1577.3049240112305 0.327541708946228 0.34287384152412415
1578.5026016235352 0.5402065515518188 0.34287384152412415
1579.6885948181152 0.20168855786323547 0.34287384152412415
1580.9127087593079 0.0580814927816391 0.34287384152412415
1582.1082141399384 0.12110970914363861 0.34287384152412415
1583.3048672676086 0.3525419235229492 0.34287384152412415
1584.4956984519958 0.4216462969779968 0.34287384152412415
1585.6967902183533 0.2405463457107544 0.34287384152412415
1586.8934304714203 0.25508204102516174 0.34287384152412415
1588.0711727142334 0.30544179677963257 0.34287384152412415
1589.249037027359 0.2098686397075653 0.34287384152412415
1590.433031797409 0.5526202917098999 0.34287384152412415
1591.6236686706543 0.1494823396205902 0.34287384152412415
1592.8108270168304 0.6973968744277954 0.34287384152412415
1594.014616727829 0.16648580133914948 0.34287384152412415
1595.2170205116272 0.6773949861526489 0.34287384152412415
1596.4036092758179 0.04715900123119354 0.34287384152412415
1597.5880553722382 0.2770180106163025 0.34287384152412415
1598.7976520061493 0.19314000010490417 0.34287384152412415
1600.0001788139343 0.09965680539608002 0.34287384152412415
1601.1936440467834 0.3034326434135437 0.34287384152412415
1602.3835663795471 0.31634438037872314 0.34287384152412415
1603.5833745002747 0.17106248438358307 0.34287384152412415
1604.777780532837 0.14560237526893616 0.34287384152412415
1605.9796090126038 0.2532128393650055 0.34287384152412415
1607.1827964782715 0.17932191491127014 0.34287384152412415
1608.3731989860535 0.14712408185005188 0.34287384152412415
1609.567767381668 0.6352992057800293 0.34287384152412415
1610.7617909908295 0.25009679794311523 0.34287384152412415
1611.9523363113403 0.17914503812789917 0.34287384152412415
1613.1343386173248 0.057149291038513184 0.34287384152412415
1614.28657746315 0.16272838413715363 0.34287384152412415
1615.45068192482 0.19343192875385284 0.34287384152412415
1616.6025390625 0.11790677905082703 0.34287384152412415
1617.7563428878784 0.3414660692214966 0.34287384152412415
1618.9193952083588 0.3135804533958435 0.34287384152412415
1620.0653519630432 0.14387360215187073 0.34287384152412415
1621.2174656391144 0.3778470754623413 0.34287384152412415
1622.3873744010925 0.3112364709377289 0.34287384152412415
1623.5521032810211 0.2653108239173889 0.34287384152412415
1624.7101004123688 0.21251606941223145 0.34287384152412415
1625.8610951900482 0.2664187252521515 0.34287384152412415
1627.035176038742 0.38916221261024475 0.34287384152412415
1628.2516808509827 0.4508514404296875 0.34287384152412415
1629.4602904319763 0.15682806074619293 0.34287384152412415
1630.6781735420227 0.30616796016693115 0.34287384152412415
1631.899092912674 0.34143292903900146 0.34287384152412415
1633.102789402008 0.1786036491394043 0.34287384152412415
1634.295522928238 0.2743251323699951 0.34287384152412415
1635.5014352798462 0.3605192303657532 0.34287384152412415
1636.6978368759155 0.2722969651222229 0.34287384152412415
1637.8999650478363 0.1355517953634262 0.34287384152412415
1639.105324268341 0.36784183979034424 0.34287384152412415
1640.326554775238 0.27143293619155884 0.34287384152412415
1641.5293378829956 0.12105432897806168 0.34287384152412415
1642.73007273674 0.3203955292701721 0.34287384152412415
1643.9047329425812 0.6567298173904419 0.34287384152412415
1645.0878274440765 0.46872180700302124 0.34287384152412415
1646.2873792648315 0.21951152384281158 0.34287384152412415
1647.4953289031982 0.24836352467536926 0.34287384152412415
1648.6920623779297 0.27316659688949585 0.34287384152412415
1649.9045119285583 0.1027618795633316 0.6296728849411011
1651.1088435649872 0.2144950032234192 0.6296728849411011
1652.3164219856262 0.3077854514122009 0.6296728849411011
1653.5123510360718 0.45173582434654236 0.6296728849411011
1654.7251930236816 0.2773807644844055 0.6296728849411011
1655.9186522960663 0.3744884729385376 0.6296728849411011
1657.1241102218628 0.21981093287467957 0.6296728849411011
1658.3089361190796 0.08867134898900986 0.6296728849411011
1659.4987659454346 0.30792391300201416 0.6296728849411011
1660.6865150928497 0.18706391751766205 0.6296728849411011
1661.8490011692047 0.20565620064735413 0.6296728849411011
1663.034598827362 0.3189464211463928 0.6296728849411011
1664.201654434204 0.13111355900764465 0.6296728849411011
1665.3565654754639 0.27832451462745667 0.6296728849411011
1666.5157978534698 0.1897519826889038 0.6296728849411011
1667.6799545288086 0.16419830918312073 0.6296728849411011
1668.8540527820587 0.4191756844520569 0.6296728849411011
1670.0155854225159 0.07110139727592468 0.6296728849411011
1671.1820468902588 0.15130263566970825 0.6296728849411011
1672.3420219421387 0.15989160537719727 0.6296728849411011
1673.4988510608673 0.6051318049430847 0.6296728849411011
1674.6770493984222 0.3498309254646301 0.6296728849411011
1675.8798656463623 0.09958424419164658 0.6296728849411011
1677.0763483047485 0.6600234508514404 0.6296728849411011
1678.2712936401367 0.49387603998184204 0.6296728849411011
1679.4872529506683 0.14136169850826263 0.6296728849411011
1680.6865248680115 0.19566994905471802 0.6296728849411011
1681.8875694274902 0.24276205897331238 0.6296728849411011
1683.1029744148254 0.26674920320510864 0.6296728849411011
1684.2977933883667 0.2939930260181427 0.6296728849411011
1685.4840471744537 0.3012115955352783 0.6296728849411011
1686.6822521686554 0.5156207084655762 0.6296728849411011
1687.8776051998138 0.12192986905574799 0.6296728849411011
1689.0619401931763 0.2856084108352661 0.6296728849411011
1690.2602849006653 0.10437485575675964 0.6296728849411011
1691.4660274982452 0.31048980355262756 0.6296728849411011
1692.6550574302673 0.17168132960796356 0.6296728849411011
1693.8471705913544 0.19398081302642822 0.6296728849411011
1695.0349669456482 0.8329699039459229 0.6296728849411011
1696.2124693393707 0.5447999238967896 0.6296728849411011
1697.402594089508 0.07936947047710419 0.6296728849411011
1698.6009278297424 0.03581340238451958 0.6296728849411011
1699.7940421104431 0.1326994001865387 0.6296728849411011
1700.9863204956055 0.419556200504303 0.6296728849411011
1702.1651055812836 0.25106126070022583 0.6296728849411011
1703.3635573387146 0.33037957549095154 0.6296728849411011
1704.5554831027985 0.2654306888580322 0.6296728849411011
1705.7368836402893 0.1324668526649475 0.6296728849411011
1706.9163537025452 0.38532426953315735 0.6296728849411011
1708.1001765727997 0.3363851010799408 0.6296728849411011
1709.2993681430817 0.13764342665672302 0.6296728849411011
1710.4753658771515 0.14143452048301697 0.6296728849411011
1711.668485879898 0.3824988305568695 0.6296728849411011
1712.874874830246 0.12568573653697968 0.6296728849411011
1714.0789930820465 0.06098844110965729 0.6296728849411011
1715.285130739212 0.3126150369644165 0.6296728849411011
1716.482515335083 0.3939553499221802 0.6296728849411011
1717.683049917221 0.6145695447921753 0.6296728849411011
1718.8290705680847 0.31458061933517456 0.6296728849411011
1719.979367017746 0.34316304326057434 0.6296728849411011
1721.1293578147888 0.23732246458530426 0.6296728849411011
1722.2762470245361 0.15539532899856567 0.6296728849411011
1723.429929971695 0.2522501051425934 0.6296728849411011
1724.5728659629822 0.13901835680007935 0.6296728849411011
1725.7161312103271 0.3716619908809662 0.6296728849411011
1726.8730702400208 0.24707350134849548 0.6296728849411011
1728.03098654747 0.2132125198841095 0.6296728849411011
1729.1959528923035 0.10281629860401154 0.6296728849411011
1730.3492169380188 0.10834350436925888 0.6296728849411011
1731.508125782013 0.11531957983970642 0.6296728849411011
1732.700474023819 0.1842586100101471 0.6296728849411011
1733.8851337432861 0.3165529668331146 0.6296728849411011
1735.0722575187683 0.17951878905296326 0.6296728849411011
1736.2540996074677 0.17311200499534607 0.6296728849411011
1737.4428560733795 0.49225136637687683 0.6296728849411011
1738.646494626999 0.3117216229438782 0.6296728849411011
1739.8556959629059 0.28610092401504517 0.6296728849411011
1741.0678017139435 0.12315548211336136 0.6296728849411011
1742.2541036605835 0.3728824257850647 0.6296728849411011
1743.4426126480103 0.214642733335495 0.6296728849411011
1744.6391813755035 0.2904552221298218 0.6296728849411011
1745.827877998352 0.21623140573501587 0.6296728849411011
1747.0273208618164 0.22757147252559662 0.6296728849411011
1748.2225811481476 0.2925124168395996 0.6296728849411011
1749.4087929725647 0.4994446039199829 0.6296728849411011
1750.6023814678192 0.6131202578544617 0.6296728849411011
1751.8075723648071 0.18117907643318176 0.6296728849411011
1753.0158834457397 0.07003606855869293 0.6296728849411011
1754.2171869277954 0.3137581944465637 0.6296728849411011
1755.40607213974 0.3858022689819336 0.6296728849411011
1756.5952219963074 0.15635907649993896 0.6296728849411011
1757.796442270279 1.0894696712493896 0.6296728849411011
1758.9927144050598 0.2981139123439789 0.6296728849411011
1760.1903457641602 0.08460059016942978 0.6296728849411011
1761.3828055858612 0.2929513156414032 0.6296728849411011
1762.5396008491516 0.41468581557273865 0.6296728849411011
1763.8226480484009 0.061375394463539124 0.6296728849411011
1765.0390071868896 0.3609776496887207 0.6296728849411011
1766.244567155838 0.1682153046131134 0.6296728849411011
1767.4432771205902 0.3324335515499115 0.6296728849411011
1768.5992333889008 0.3710641860961914 0.6296728849411011
1769.7668533325195 0.1486147940158844 0.6296728849411011
1770.9149334430695 0.3528745770454407 0.6296728849411011
1772.0607724189758 0.37985682487487793 0.6296728849411011
1773.2085552215576 0.10681455582380295 0.6296728849411011
1774.3825433254242 0.29506880044937134 0.6296728849411011
1775.5598437786102 0.10218429565429688 0.6296728849411011
1776.7485711574554 0.2374057024717331 0.6296728849411011
1777.9268000125885 0.25526171922683716 0.6296728849411011
1779.1216514110565 0.14180858433246613 0.6296728849411011
1780.3474991321564 0.37745848298072815 0.6296728849411011
1781.5615725517273 0.2191486954689026 0.6296728849411011
