8.184258937835693 3.2703347206115723 0
9.446771383285522 3.1888930797576904 0
10.67831039428711 2.477752685546875 0
11.944123029708862 4.217129230499268 0
13.206822395324707 3.175436496734619 0
14.476705312728882 2.667820930480957 0
15.732853889465332 3.03096342086792 0
16.98415231704712 2.7546916007995605 0
18.302481174468994 2.6588845252990723 0
19.576982498168945 2.0845444202423096 0
20.830132722854614 1.8781194686889648 0
22.09540629386902 1.5458154678344727 0
23.358591079711914 1.2797890901565552 0
24.648069858551025 1.7606754302978516 0
25.969938278198242 1.8072741031646729 0
27.294596672058105 1.343578815460205 0
28.600260257720947 0.8121448755264282 0
29.858031511306763 1.2422536611557007 0
31.173523902893066 1.1719539165496826 0
32.42900776863098 0.8116301894187927 0
33.71415138244629 1.5051835775375366 0
35.00177717208862 0.634692907333374 0
36.25737524032593 0.9108201861381531 0
37.49578046798706 0.49379152059555054 0
38.73040294647217 1.0526494979858398 0
39.9903039932251 1.008263111114502 0
41.271787881851196 1.6000434160232544 0
42.5571870803833 1.4747878313064575 0
43.84688472747803 1.369354248046875 0
45.12292504310608 0.8618853092193604 0
46.387511014938354 1.420111060142517 0
47.658618450164795 0.8719204068183899 0
48.91248321533203 1.200547456741333 0
50.189911127090454 1.959466576576233 0
51.458641052246094 2.3372554779052734 0
52.743324279785156 1.130077838897705 0
54.0400972366333 1.1633062362670898 0
55.33026456832886 0.7529444694519043 0
56.60364866256714 1.0050456523895264 0
57.87699556350708 1.1815063953399658 0
59.14889144897461 0.6570799946784973 0
60.41062593460083 0.9904958605766296 0
61.685930490493774 0.5236809253692627 0
62.96224522590637 0.48851078748703003 0
64.219970703125 0.8382461071014404 0
65.48222827911377 0.5178502798080444 0
66.80438923835754 0.8862102627754211 0
68.07574653625488 0.6711868047714233 0
69.32029628753662 0.6323994398117065 0
70.55715775489807 1.1167645454406738 0
71.79908418655396 0.5754397511482239 0
73.03014588356018 0.563051700592041 0
74.29786086082458 0.9196881055831909 0
75.57175827026367 0.7292861342430115 0
76.83457350730896 0.41129016876220703 0
78.15578126907349 0.42542803287506104 0
79.4398262500763 0.533977746963501 0
80.69419980049133 1.0115745067596436 0
81.96282744407654 0.49486029148101807 0
83.21876001358032 0.40852850675582886 0
84.48461961746216 0.7335962653160095 0
85.74507880210876 0.9112017154693604 0
87.00991368293762 0.6618058085441589 0
88.27659702301025 1.6984730958938599 0
89.54356575012207 0.8218205571174622 0
90.80323147773743 0.9806131720542908 0
92.06828880310059 0.6021362543106079 0
93.33909177780151 1.1173944473266602 0
94.59430623054504 1.1397929191589355 0
95.86082077026367 1.174930453300476 0
97.13248133659363 1.1526532173156738 0
98.38666486740112 1.2614763975143433 0
99.64877414703369 0.4956723749637604 0
100.86936521530151 0.8294808864593506 0
102.09223222732544 1.632975697517395 0
103.32256650924683 0.6896442174911499 0
104.59775853157043 0.314145028591156 0
105.86133027076721 0.9525899887084961 0
107.0752968788147 0.8723338842391968 0
108.32858157157898 0.6645311117172241 0
109.59536504745483 1.114586591720581 0
110.84665536880493 0.42342469096183777 0
112.09600281715393 0.6878518462181091 0
113.32864308357239 0.6339750289916992 0
114.58861446380615 0.3959297835826874 0
115.86629486083984 0.3165084421634674 0
117.12544178962708 0.36980634927749634 0
118.37615036964417 0.656571626663208 0
119.59617519378662 0.6468371152877808 0
120.84947395324707 0.5015004873275757 0
122.10473775863647 0.5908221006393433 0
123.33200573921204 0.4193774461746216 0
124.58894610404968 0.8671366572380066 0
125.8576397895813 0.6403003931045532 0
127.08599948883057 0.5909004211425781 0
128.32638835906982 0.5396773219108582 0
129.58373880386353 0.6674684882164001 0
130.83466219902039 1.612197995185852 0
132.09310746192932 0.10818371176719666 0
133.3511927127838 0.4333302676677704 0
134.61376762390137 0.33753758668899536 0.0642523393034935
135.89405131340027 0.437056303024292 0.0642523393034935
137.15959525108337 0.6474692821502686 0.0642523393034935
138.41924047470093 0.2703534960746765 0.0642523393034935
139.70626783370972 0.9033862352371216 0.0642523393034935
141.00543022155762 0.5820457935333252 0.0642523393034935
142.29074716567993 0.9916157126426697 0.0642523393034935
143.52051901817322 0.40003207325935364 0.0642523393034935
144.77143335342407 0.3941475749015808 0.0642523393034935
146.23896884918213 0.794062077999115 0.0642523393034935
147.52171277999878 0.5390982031822205 0.0642523393034935
148.79019951820374 0.585282564163208 0.0642523393034935
150.03475666046143 1.6373746395111084 0.0642523393034935
151.30560874938965 1.1185555458068848 0.0642523393034935
152.54580354690552 0.7821725606918335 0.0642523393034935
153.8139898777008 0.3942599594593048 0.0642523393034935
155.06684470176697 0.28736141324043274 0.0642523393034935
156.27073574066162 1.8107938766479492 0.0642523393034935
157.4814383983612 0.6825071573257446 0.0642523393034935
158.69959950447083 0.6669430732727051 0.0642523393034935
159.92381238937378 0.5895920395851135 0.0642523393034935
161.13763880729675 0.386813759803772 0.0642523393034935
162.39880204200745 0.8875751495361328 0.0642523393034935
163.66238832473755 0.7949692010879517 0.0642523393034935
164.91307830810547 0.2020287811756134 0.0642523393034935
166.18305492401123 0.44713789224624634 0.0642523393034935
167.43773698806763 0.4044683575630188 0.0642523393034935
168.68743681907654 0.703598141670227 0.0642523393034935
169.96410989761353 0.3568646013736725 0.0642523393034935
171.19412302970886 0.35479941964149475 0.0642523393034935
172.44555950164795 0.28414082527160645 0.0642523393034935
173.70363569259644 0.692987322807312 0.0642523393034935
174.96547770500183 0.45437687635421753 0.0642523393034935
176.22188639640808 0.5865604877471924 0.0642523393034935
177.4791567325592 0.4045293927192688 0.0642523393034935
178.7599639892578 0.28643468022346497 0.0642523393034935
179.9940185546875 0.19991953670978546 0.0642523393034935
181.25027871131897 0.4750705361366272 0.0642523393034935
182.4790472984314 0.43723347783088684 0.0642523393034935
183.74308490753174 0.29619523882865906 0.0642523393034935
184.9959259033203 0.3796974718570709 0.0642523393034935
186.2588963508606 0.49678948521614075 0.0642523393034935
187.51958394050598 0.309295117855072 0.0642523393034935
188.77902507781982 0.18909931182861328 0.0642523393034935
190.05622959136963 0.2533867061138153 0.0642523393034935
191.27587032318115 0.14107780158519745 0.0642523393034935
192.50092959403992 0.7226769924163818 0.0642523393034935
193.72868585586548 0.5226068496704102 0.0642523393034935
194.96138191223145 0.5757236480712891 0.0642523393034935
196.2137451171875 0.7050606608390808 0.0642523393034935
197.4798285961151 0.4795812666416168 0.0642523393034935
198.73584294319153 0.3502795696258545 0.0642523393034935
199.9952211380005 0.3510662317276001 0.0642523393034935
201.26403427124023 0.5488197803497314 0.0642523393034935
202.5434684753418 0.18847142159938812 0.0642523393034935
203.80228853225708 0.26944699883461 0.0642523393034935
205.06068801879883 0.47579294443130493 0.0642523393034935
206.31655526161194 0.34819549322128296 0.0642523393034935
207.56872296333313 0.12024716287851334 0.0642523393034935
208.8380708694458 0.32254791259765625 0.0642523393034935
210.0901963710785 0.32939618825912476 0.0642523393034935
211.3594925403595 0.15056532621383667 0.0642523393034935
212.62995147705078 0.7313967943191528 0.0642523393034935
213.895898103714 0.334475040435791 0.0642523393034935
215.17292857170105 0.25007471442222595 0.0642523393034935
216.423846244812 0.2717759609222412 0.0642523393034935
217.67999911308289 0.49794715642929077 0.0642523393034935
218.9129762649536 0.6298267245292664 0.0642523393034935
220.19544076919556 0.4182870090007782 0.0642523393034935
221.4239945411682 0.1533099114894867 0.0642523393034935
222.64595317840576 0.35804542899131775 0.0642523393034935
223.8720190525055 0.27176567912101746 0.0642523393034935
225.11721181869507 0.35478904843330383 0.0642523393034935
226.3734302520752 0.1684918850660324 0.0642523393034935
227.6170618534088 0.2408272624015808 0.0642523393034935
228.88064789772034 0.3700152635574341 0.0642523393034935
230.12565565109253 0.29152730107307434 0.0642523393034935
231.36543321609497 0.14596953988075256 0.0642523393034935
232.63152360916138 0.28521209955215454 0.0642523393034935
233.89058327674866 0.21194125711917877 0.0642523393034935
235.1457552909851 1.1591289043426514 0.0642523393034935
236.396737575531 0.6962258815765381 0.0642523393034935
237.64742922782898 0.7677133083343506 0.0642523393034935
238.91787791252136 0.2507709860801697 0.0642523393034935
240.16277027130127 0.455389142036438 0.0642523393034935
241.40499806404114 0.25767481327056885 0.0642523393034935
242.67133569717407 0.7591995596885681 0.0642523393034935
243.9175055027008 0.3713195323944092 0.0642523393034935
245.15255427360535 0.2882792055606842 0.0642523393034935
246.43671083450317 0.3895695209503174 0.0642523393034935
247.97438955307007 0.15592990815639496 0.0642523393034935
249.30191922187805 0.5314654111862183 0.0642523393034935
250.6214656829834 0.25159338116645813 0.0642523393034935
251.90051102638245 0.38926252722740173 0.0642523393034935
253.2041585445404 0.5142388939857483 0.0642523393034935
254.45697140693665 0.7020942568778992 0.0642523393034935
255.71397352218628 0.5320477485656738 0.0642523393034935
256.95519256591797 0.20709902048110962 0.0642523393034935
258.21882605552673 0.1832357943058014 0.0642523393034935
259.49787640571594 0.6075512170791626 0.0642523393034935
260.78644013404846 0.19674891233444214 0.5683411359786987
262.0572280883789 0.4201743006706238 0.5683411359786987
263.35799050331116 0.5328570008277893 0.5683411359786987
264.65753269195557 0.425037682056427 0.5683411359786987
265.9355435371399 0.5479433536529541 0.5683411359786987
267.1923780441284 0.37168288230895996 0.5683411359786987
268.4807710647583 0.5173712372779846 0.5683411359786987
269.74907755851746 0.31269198656082153 0.5683411359786987
271.00054907798767 0.4931800961494446 0.5683411359786987
272.2791955471039 0.18875868618488312 0.5683411359786987
273.5661835670471 0.08438888192176819 0.5683411359786987
274.84217286109924 0.13430732488632202 0.5683411359786987
276.13528656959534 0.3530271649360657 0.5683411359786987
277.39811992645264 0.16822682321071625 0.5683411359786987
278.6373908519745 0.47408929467201233 0.5683411359786987
279.87618684768677 0.8277547359466553 0.5683411359786987
281.1331012248993 0.25935128331184387 0.5683411359786987
282.42898988723755 0.4184703826904297 0.5683411359786987
283.696457862854 0.36483392119407654 0.5683411359786987
284.95697498321533 0.3163893222808838 0.5683411359786987
286.20774030685425 0.1408417522907257 0.5683411359786987
287.4615731239319 0.45002758502960205 0.5683411359786987
288.7218141555786 0.4975741505622864 0.5683411359786987
290.0062928199768 0.19214949011802673 0.5683411359786987
291.2414405345917 0.21937428414821625 0.5683411359786987
292.48703122138977 0.2940880358219147 0.5683411359786987
293.7414150238037 0.1270117163658142 0.5683411359786987
295.0183992385864 0.5814646482467651 0.5683411359786987
296.28306102752686 0.8366621136665344 0.5683411359786987
297.5527925491333 0.4718315005302429 0.5683411359786987
298.8279376029968 0.8660438060760498 0.5683411359786987
300.106018781662 0.4352317154407501 0.5683411359786987
301.43218445777893 0.5561206936836243 0.5683411359786987
302.6561312675476 0.7168846130371094 0.5683411359786987
303.9129559993744 0.41962090134620667 0.5683411359786987
305.17308020591736 0.5777807831764221 0.5683411359786987
306.44978952407837 0.3610602617263794 0.5683411359786987
307.71772170066833 0.5833171606063843 0.5683411359786987
308.9533929824829 0.4369586706161499 0.5683411359786987
310.2487392425537 0.2658163905143738 0.5683411359786987
311.505912065506 0.10828589648008347 0.5683411359786987
312.7900507450104 0.42604896426200867 0.5683411359786987
314.069265127182 0.35456979274749756 0.5683411359786987
315.31361198425293 0.27345436811447144 0.5683411359786987
316.5345902442932 0.585671067237854 0.5683411359786987
317.76130080223083 0.3023664355278015 0.5683411359786987
318.9845013618469 0.4551292657852173 0.5683411359786987
320.2104027271271 0.27696692943573 0.5683411359786987
321.47296929359436 0.3395746946334839 0.5683411359786987
322.7428939342499 0.21638357639312744 0.5683411359786987
324.0149464607239 0.12416262924671173 0.5683411359786987
325.25258684158325 0.3470272421836853 0.5683411359786987
326.52380180358887 0.5194727182388306 0.5683411359786987
327.7955369949341 0.10665071755647659 0.5683411359786987
329.08199167251587 0.6299006938934326 0.5683411359786987
330.35037302970886 0.32912999391555786 0.5683411359786987
331.6378366947174 1.0683324337005615 0.5683411359786987
332.91692185401917 0.3092261552810669 0.5683411359786987
334.1619050502777 0.3105512261390686 0.5683411359786987
335.39318919181824 0.4858687222003937 0.5683411359786987
336.7017319202423 0.937602162361145 0.5683411359786987
337.9687192440033 0.6177382469177246 0.5683411359786987
339.23863220214844 0.31861990690231323 0.5683411359786987
340.48772954940796 0.985630989074707 0.5683411359786987
341.7663822174072 0.5838803052902222 0.5683411359786987
343.0236828327179 0.4761941432952881 0.5683411359786987
344.30305767059326 0.20557478070259094 0.5683411359786987
345.55473279953003 0.5029143691062927 0.5683411359786987
346.78179121017456 0.17718233168125153 0.5683411359786987
348.05948853492737 0.5505016446113586 0.5683411359786987
349.34224486351013 0.7213519811630249 0.5683411359786987
350.5894441604614 0.5735989809036255 0.5683411359786987
351.8151397705078 0.3409501910209656 0.5683411359786987
353.0404543876648 0.7063443660736084 0.5683411359786987
354.26580142974854 0.41322606801986694 0.5683411359786987
355.5097575187683 0.39604154229164124 0.5683411359786987
356.7847993373871 0.2648400664329529 0.5683411359786987
358.05853509902954 0.6296466588973999 0.5683411359786987
359.29752349853516 0.18852141499519348 0.5683411359786987
360.5733766555786 0.5249825716018677 0.5683411359786987
361.8073043823242 0.18470922112464905 0.5683411359786987
363.0680322647095 0.35911497473716736 0.5683411359786987
364.33468866348267 0.18589618802070618 0.5683411359786987
365.5839202404022 0.5151572227478027 0.5683411359786987
366.85983967781067 0.35026413202285767 0.5683411359786987
368.1060507297516 0.5001023411750793 0.5683411359786987
369.3734245300293 0.8639090061187744 0.5683411359786987
370.6378879547119 0.4001663625240326 0.5683411359786987
371.8854422569275 0.23413635790348053 0.5683411359786987
373.17065238952637 0.5073432326316833 0.5683411359786987
374.45053815841675 0.3932729661464691 0.5683411359786987
375.7167763710022 0.2647026777267456 0.5683411359786987
376.9564576148987 0.2477913349866867 0.5683411359786987
378.2111921310425 0.24728168547153473 0.5683411359786987
379.48655557632446 0.3708551526069641 0.5683411359786987
380.7386636734009 0.2894386053085327 0.5683411359786987
381.95914912223816 0.3266752362251282 0.5683411359786987
383.1958270072937 0.3654651939868927 0.5683411359786987
384.463769197464 0.6570931673049927 0.5683411359786987
385.70067071914673 0.6319715976715088 0.5683411359786987
386.95910453796387 0.20293407142162323 0.5683411359786987
388.2194073200226 0.3145247995853424 0.5683411359786987
389.48135590553284 0.5936138033866882 0.5683411359786987
390.76952385902405 0.21651962399482727 0.5683411359786987
392.0817449092865 0.6159988045692444 0.5683411359786987
393.352819442749 0.10579562932252884 0.5683411359786987
394.6122553348541 0.5857453942298889 0.5683411359786987
395.8463716506958 0.9508458375930786 0.5683411359786987
397.1026747226715 0.6335901618003845 0.5683411359786987
398.3724753856659 0.17499244213104248 0.5683411359786987
399.63062262535095 0.14257659018039703 0.5683411359786987
400.9012043476105 0.20336143672466278 0.5683411359786987
402.12468814849854 0.3376826047897339 0.5683411359786987
403.3760573863983 0.3884589672088623 0.5683411359786987
404.6344609260559 0.3115799129009247 0.5683411359786987
405.8896429538727 0.18870358169078827 0.5683411359786987
407.361962556839 0.1991931051015854 0.5683411359786987
408.5863313674927 0.38353079557418823 0.5683411359786987
409.823326587677 0.2304936647415161 0.5683411359786987
411.0471682548523 0.09812046587467194 0.5683411359786987
412.3173077106476 0.2788412570953369 0.5683411359786987
413.5421233177185 0.5086231827735901 0.5683411359786987
414.80428743362427 0.36820894479751587 0.5683411359786987
416.09310245513916 0.4859251379966736 0.5683411359786987
417.377370595932 0.40742701292037964 0.5683411359786987
418.64435052871704 0.21058064699172974 0.5683411359786987
419.90671849250793 0.5451537370681763 0.5683411359786987
421.164511680603 0.29675009846687317 0.5683411359786987
422.431578874588 0.08660096675157547 0.5683411359786987
423.7225892543793 0.21379196643829346 0.5683411359786987
424.9749529361725 0.5459067821502686 0.5683411359786987
426.2014420032501 0.3079341650009155 0.5683411359786987
427.45237398147583 0.2668364942073822 0.5683411359786987
428.71929121017456 0.5344024896621704 0.5683411359786987
430.001891374588 0.6903670430183411 0.5683411359786987
431.27493119239807 0.8273749351501465 0.5683411359786987
432.5296814441681 0.3897669017314911 0.5683411359786987
433.7867658138275 0.19065603613853455 0.5683411359786987
435.0681562423706 0.1887620985507965 0.5683411359786987
436.33173966407776 0.12474898993968964 0.5683411359786987
437.57211685180664 0.3136107325553894 0.5683411359786987
438.84146761894226 0.2474910467863083 0.5683411359786987
440.0788838863373 0.6054210662841797 0.5683411359786987
441.29976987838745 0.1847093254327774 0.5683411359786987
442.52217531204224 0.2613855004310608 0.5683411359786987
443.7431273460388 0.35454463958740234 0.5683411359786987
444.95252871513367 0.31112003326416016 0.5683411359786987
446.20387530326843 0.20135965943336487 0.5683411359786987
447.4644343852997 0.15044565498828888 0.5683411359786987
448.7256805896759 0.4005303978919983 0.5683411359786987
449.99576687812805 0.13456743955612183 0.5683411359786987
451.24513697624207 0.43224412202835083 0.5683411359786987
452.5168442726135 0.40051543712615967 0.5683411359786987
453.7810068130493 0.48212185502052307 0.5683411359786987
455.039270401001 0.3136273920536041 0.5683411359786987
456.2940127849579 0.07664692401885986 0.5683411359786987
457.5351233482361 0.7264220714569092 0.5683411359786987
458.79916977882385 0.19722890853881836 0.5683411359786987
460.0834274291992 0.1842585802078247 0.5683411359786987
461.3574593067169 0.15955854952335358 0.5683411359786987
462.61519622802734 0.4227868914604187 0.5683411359786987
463.8867745399475 0.38223540782928467 0.5683411359786987
465.1488652229309 0.2677224576473236 0.5683411359786987
466.3708529472351 0.1294555515050888 0.5683411359786987
467.60688185691833 0.15302908420562744 0.5683411359786987
468.8664638996124 0.08800287544727325 0.5683411359786987
470.09460401535034 0.4387981593608856 0.5683411359786987
471.3654079437256 0.2676627039909363 0.5683411359786987
472.6165118217468 0.1617869883775711 0.5683411359786987
473.8847322463989 0.57396399974823 0.5683411359786987
475.1044487953186 0.2646788954734802 0.5683411359786987
476.32794976234436 0.08346584439277649 0.5683411359786987
477.5438299179077 0.19916905462741852 0.5683411359786987
480.03313279151917 0.3298562467098236 0.5683411359786987
481.3267288208008 0.25777819752693176 0.5683411359786987
482.60138869285583 0.2039247751235962 0.5683411359786987
483.889164686203 0.31593000888824463 0.5683411359786987
485.15794467926025 0.22642222046852112 0.5683411359786987
486.4189054965973 0.32420867681503296 0.5683411359786987
487.66735196113586 0.1200050413608551 0.5683411359786987
488.9717388153076 0.23155295848846436 0.5683411359786987
490.22607016563416 0.18496808409690857 0.5683411359786987
491.50103759765625 0.22093692421913147 0.5683411359786987
492.7770891189575 0.3104335069656372 0.5683411359786987
494.0255515575409 0.057888440787792206 0.5683411359786987
495.28241062164307 0.2721761465072632 0.5683411359786987
496.55673336982727 0.28269338607788086 0.5683411359786987
497.82867646217346 0.06310199201107025 0.5683411359786987
499.0863833427429 1.0917904376983643 0.5683411359786987
500.36042952537537 0.2805294394493103 0.5683411359786987
501.594988822937 0.04743197560310364 0.5683411359786987
502.8639922142029 0.4665105938911438 0.5683411359786987
504.11781907081604 0.20980295538902283 0.5683411359786987
505.33047246932983 0.519169807434082 0.5683411359786987
506.5514054298401 0.38904011249542236 0.5683411359786987
507.77913188934326 0.10684169083833694 0.5683411359786987
509.0282609462738 0.2182881236076355 0.5683411359786987
510.32175183296204 0.1977347880601883 0.5683411359786987
511.59170627593994 0.2856215834617615 0.5683411359786987
512.8507359027863 0.20720118284225464 0.5683411359786987
514.1086246967316 0.173661008477211 0.5683411359786987
515.3288457393646 0.3433060050010681 0.5683411359786987
516.5912945270538 0.7365362644195557 0.5683411359786987
517.8587975502014 0.204044371843338 0.5683411359786987
519.1149411201477 0.28450238704681396 0.5683411359786987
520.3904039859772 0.22866003215312958 0.5683411359786987
521.6428620815277 0.10881572961807251 0.5683411359786987
522.9327070713043 0.09346351772546768 0.5683411359786987
524.2436640262604 0.2123776227235794 0.5683411359786987
525.5272808074951 0.1996760070323944 0.5683411359786987
526.7880318164825 0.3610761761665344 0.5683411359786987
528.017906665802 0.19873593747615814 0.5683411359786987
529.2515506744385 0.16320370137691498 0.5683411359786987
530.480051279068 0.3386272192001343 0.5683411359786987
531.70845079422 0.421137273311615 0.5683411359786987
532.9475817680359 0.08818845450878143 0.5683411359786987
534.2268650531769 0.053288720548152924 0.5683411359786987
535.5059888362885 0.332485169172287 0.5683411359786987
536.7829210758209 0.29246804118156433 0.5683411359786987
538.0486211776733 0.20019219815731049 0.5683411359786987
539.3107717037201 0.30184465646743774 0.5683411359786987
540.5951855182648 0.19282537698745728 0.5683411359786987
541.8602838516235 0.3408581614494324 0.5683411359786987
543.1191697120667 0.3766903579235077 0.5683411359786987
544.390867471695 0.5899652242660522 0.5683411359786987
545.6128761768341 0.2372744381427765 0.5683411359786987
546.8921637535095 0.18755733966827393 0.5683411359786987
548.1902229785919 0.10277146100997925 0.5683411359786987
549.673376083374 0.12303371727466583 0.5683411359786987
550.9358952045441 0.17512957751750946 0.5683411359786987
552.2204806804657 0.2482435256242752 0.5683411359786987
553.4784078598022 0.31769657135009766 0.5683411359786987
554.7376878261566 0.17023463547229767 0.5683411359786987
555.9982914924622 0.19462436437606812 0.5683411359786987
557.2507917881012 0.3902123272418976 0.5683411359786987
558.5109179019928 0.4334760010242462 0.5683411359786987
559.7455534934998 0.34618547558784485 0.5683411359786987
561.0011119842529 0.36628225445747375 0.5683411359786987
562.2352945804596 0.15652629733085632 0.5683411359786987
563.49201130867 0.40777572989463806 0.5683411359786987
564.7844212055206 0.25558942556381226 0.5683411359786987
566.0568583011627 0.1689407229423523 0.5683411359786987
567.3220403194427 0.23113714158535004 0.5683411359786987
568.5850465297699 0.32435452938079834 0.5683411359786987
569.829713344574 0.22691461443901062 0.5683411359786987
571.1039795875549 0.30549803376197815 0.5683411359786987
572.4012694358826 0.06325539201498032 0.5683411359786987
573.6626355648041 0.4871125817298889 0.5683411359786987
574.9265587329865 0.5199100971221924 0.5683411359786987
576.1682879924774 0.30666351318359375 0.5683411359786987
577.4254448413849 0.09230895340442657 0.5683411359786987
578.6852216720581 0.13105329871177673 0.5683411359786987
579.9489982128143 0.20565873384475708 0.5683411359786987
581.2069606781006 0.1603090465068817 0.5683411359786987
582.4644627571106 0.31874921917915344 0.5683411359786987
583.7349691390991 0.40296024084091187 0.5683411359786987
585.0201280117035 0.27206605672836304 0.5683411359786987
586.297087430954 0.5123717784881592 0.5683411359786987
587.5643663406372 0.2249513566493988 0.5683411359786987
588.8062741756439 0.13515980541706085 0.5683411359786987
590.0695488452911 0.6613562703132629 0.5683411359786987
591.3344120979309 0.022393789142370224 0.5683411359786987
592.5765254497528 0.21466758847236633 0.5683411359786987
593.8169074058533 0.09033574908971786 0.5683411359786987
595.0641372203827 0.12434353679418564 0.5683411359786987
596.3036262989044 0.1965363621711731 0.5683411359786987
597.5481419563293 0.28920477628707886 0.5683411359786987
598.822662115097 0.4034867584705353 0.5683411359786987
600.0857439041138 0.43841370940208435 0.5683411359786987
601.3569223880768 0.11534853279590607 0.5683411359786987
602.618185043335 0.3036465048789978 0.5683411359786987
603.9061584472656 0.6925305724143982 0.5683411359786987
