150.18549299240112 0.18691588785046728 1.454475998878479 1.454475998878479
300.2550995349884 0.5630841121495327 1.1865935325622559 1.1865935325622559
450.13798570632935 0.6635514018691588 1.0921677350997925 1.0921677350997925
600.1457431316376 0.6635514018691588 1.024491786956787 1.024491786956787
750.2247049808502 0.6635514018691588 0.9842624664306641 0.9842624664306641
900.2810835838318 0.6635514018691588 0.9361698031425476 0.9361698031425476
1050.0339946746826 0.8200934579439252 0.9139550924301147 0.9139550924301147
1200.0864987373352 0.8200934579439252 0.8669110536575317 0.8669110536575317
1350.261792421341 0.8259345794392523 0.8588258028030396 0.8588258028030396
1500.0427315235138 0.8259345794392523 0.8346459865570068 0.8346459865570068
1650.0326707363129 0.8259345794392523 0.8319557905197144 0.8319557905197144
1800.0300135612488 0.865070093457944 0.7973653674125671 0.7973653674125671
1950.2348194122314 0.897196261682243 0.7973653674125671 0.7981141805648804
2100.2644815444946 0.897196261682243 0.7973653674125671 0.8028140068054199
2250.252452850342 0.897196261682243 0.7764410376548767 0.7764410376548767
2400.0485439300537 0.897196261682243 0.7761887907981873 0.7761887907981873
2550.1824123859406 0.897196261682243 0.7454293370246887 0.7454293370246887
2700.249404191971 0.897196261682243 0.735223114490509 0.735223114490509
2850.2250735759735 0.897196261682243 0.735223114490509 0.7484578490257263
3000.114695072174 0.9012850467289719 0.735223114490509 0.7369537949562073
3150.0324494838715 0.9012850467289719 0.7152752876281738 0.7152752876281738
3300.1494646072388 0.923481308411215 0.7144172191619873 0.7144172191619873
3450.0264546871185 0.923481308411215 0.7144172191619873 0.7145525217056274
3600.2284688949585 0.923481308411215 0.7007595896720886 0.7007595896720886
3750.1633327007294 0.923481308411215 0.6791788935661316 0.6791788935661316
3900.1561086177826 0.923481308411215 0.6791788935661316 0.6954777836799622
4050.266932964325 0.923481308411215 0.6667925119400024 0.6667925119400024
4200.005224227905 0.923481308411215 0.6667925119400024 0.6721019148826599
4350.196818113327 0.923481308411215 0.6579676270484924 0.6579676270484924
4500.0252821445465 0.923481308411215 0.655968189239502 0.655968189239502
4650.091511964798 0.9532710280373832 0.6533583998680115 0.6533583998680115
4800.087464809418 0.9532710280373832 0.6462751626968384 0.6462751626968384
4950.051407575607 0.9532710280373832 0.6428820490837097 0.6428820490837097
5100.189841747284 0.9532710280373832 0.6428820490837097 0.6432522535324097
5250.132220983505 0.9532710280373832 0.6283901929855347 0.6283901929855347
5400.122526884079 0.9532710280373832 0.6283901929855347 0.6291587352752686
5550.015584230423 0.9532710280373832 0.6283901929855347 0.6306464672088623
5700.1157076358795 0.9532710280373832 0.6055679321289062 0.6055679321289062
5850.271807909012 0.9532710280373832 0.6055679321289062 0.6205017566680908
6000.2163326740265 0.9532710280373832 0.6055679321289062 0.6157193779945374
6150.105592250824 0.9532710280373832 0.603501558303833 0.603501558303833
6300.2269032001495 0.9532710280373832 0.5957318544387817 0.5957318544387817
6450.273671627045 0.9532710280373832 0.5860689878463745 0.5860689878463745
6600.2507836818695 0.9532710280373832 0.582072913646698 0.582072913646698
6750.034340143204 0.9532710280373832 0.582072913646698 0.5893595218658447
6900.124863147736 0.9532710280373832 0.5787762403488159 0.5787762403488159
7050.148413896561 0.9532710280373832 0.5787762403488159 0.5811750888824463
7200.162618398666 0.9532710280373832 0.5787762403488159 0.5811264514923096
