150.1536009311676 0.2827102803738318 1.4930609464645386 1.4930609464645386
300.08172488212585 0.4941588785046729 1.2642128467559814 1.2642128467559814
450.2115342617035 0.6419392523364486 1.1525334119796753 1.1525334119796753
600.230110168457 0.8195093457943925 1.0437860488891602 1.0437860488891602
750.1580846309662 0.8195093457943925 0.995995819568634 0.995995819568634
900.1851031780243 0.8796728971962616 0.96999192237854 0.96999192237854
1050.057343006134 0.8796728971962616 0.9213226437568665 0.9213226437568665
1200.0198092460632 0.8796728971962616 0.8817200064659119 0.8817200064659119
1350.2037227153778 0.8796728971962616 0.8770461678504944 0.8770461678504944
1500.1711902618408 0.8796728971962616 0.8542841076850891 0.8542841076850891
1650.3532509803772 0.8796728971962616 0.8418440818786621 0.8418440818786621
1800.0220868587494 0.8796728971962616 0.8134675025939941 0.8134675025939941
1950.2106370925903 0.8796728971962616 0.8075420260429382 0.8075420260429382
2100.0182185173035 0.8796728971962616 0.8036362528800964 0.8036362528800964
2250.0591311454773 0.8796728971962616 0.795426607131958 0.795426607131958
2400.0363783836365 0.9415887850467289 0.7804842591285706 0.7804842591285706
2550.2318620681763 0.9415887850467289 0.7757638096809387 0.7757638096809387
2700.1635003089905 0.9415887850467289 0.7593936920166016 0.7593936920166016
2850.0605018138885 0.9415887850467289 0.7418667078018188 0.7418667078018188
3000.1210494041443 0.9415887850467289 0.7418667078018188 0.7570297122001648
3150.1005437374115 0.9415887850467289 0.7253494262695312 0.7253494262695312
3300.0860946178436 0.9415887850467289 0.7253494262695312 0.7311532497406006
3450.277179956436 0.9415887850467289 0.7253494262695312 0.7363572120666504
3600.0172243118286 0.9415887850467289 0.7091894149780273 0.7091894149780273
3750.1089622974396 0.9415887850467289 0.7015753388404846 0.7015753388404846
3900.0686378479004 0.9415887850467289 0.6925363540649414 0.6925363540649414
4050.0557906627655 0.9415887850467289 0.6925363540649414 0.6953838467597961
4200.219254732132 0.9415887850467289 0.6925363540649414 0.6930766105651855
4350.286069154739 0.9415887850467289 0.6741754412651062 0.6741754412651062
4500.0350477695465 0.9415887850467289 0.6741754412651062 0.6748825311660767
4650.034761190414 0.9415887850467289 0.6741754412651062 0.6931012272834778
4800.11293721199 0.9415887850467289 0.6700835227966309 0.6700835227966309
4950.210154294968 0.9415887850467289 0.6648972630500793 0.6648972630500793
5100.15714931488 0.9415887850467289 0.6539422869682312 0.6539422869682312
5250.122159004211 0.9415887850467289 0.6522676348686218 0.6522676348686218
5400.058229923248 0.955607476635514 0.6376922726631165 0.6376922726631165
5550.132070541382 0.955607476635514 0.6376922726631165 0.6523156762123108
5700.108730554581 0.955607476635514 0.6335772275924683 0.6335772275924683
5850.236087560654 0.955607476635514 0.6335772275924683 0.6451482176780701
6000.207766294479 0.955607476635514 0.6335772275924683 0.6409900784492493
6150.2360298633575 0.955607476635514 0.6335772275924683 0.6394780874252319
6300.190635204315 0.9643691588785047 0.586613118648529 0.586613118648529
6450.109552621841 0.9643691588785047 0.5625728964805603 0.5625728964805603
6600.021140098572 0.9643691588785047 0.5625728964805603 0.5785831809043884
6750.057580709457 0.9643691588785047 0.5625728964805603 0.5705456137657166
6900.279139280319 0.9643691588785047 0.5582387447357178 0.5582387447357178
7050.276982784271 0.9672897196261683 0.5571308135986328 0.5571308135986328
7200.01390504837 0.9672897196261683 0.5518773198127747 0.5518773198127747
