7.653183698654175 2.3201537132263184 0
8.813760042190552 4.166513442993164 0
9.998637676239014 4.304532051086426 0
11.174200534820557 5.009415149688721 0
12.367491483688354 2.9033074378967285 0
13.551857233047485 3.378769874572754 0
14.737870454788208 2.717287302017212 0
15.910802125930786 2.5403380393981934 0
17.070918083190918 1.855522871017456 0
18.23577308654785 1.5518555641174316 0
19.41870141029358 1.0712199211120605 0
20.592509746551514 2.073378086090088 0
21.761805772781372 1.2360718250274658 0
22.933916568756104 2.1054577827453613 0
24.099550008773804 1.1205263137817383 0
25.28373694419861 1.2281208038330078 0
26.4607036113739 0.9626365900039673 0
27.627474308013916 1.2734860181808472 0
28.80270767211914 1.6078205108642578 0
29.963996171951294 1.1908423900604248 0
31.14848303794861 1.3570284843444824 0
32.32047247886658 0.2738845944404602 0
33.499722719192505 1.3761910200119019 0
34.69899845123291 1.6689475774765015 0
35.87209153175354 1.6496554613113403 0
37.066001892089844 1.5946869850158691 0
38.25172710418701 2.2201626300811768 0
39.42917251586914 1.8973315954208374 0
40.60525631904602 1.3869593143463135 0
41.771878480911255 1.6228325366973877 0
42.94899106025696 2.0617547035217285 0
44.11992025375366 2.2718756198883057 0
45.28529596328735 1.765000820159912 0
46.45415139198303 1.8028419017791748 0
47.62142562866211 1.4899537563323975 0
48.81256937980652 1.612367868423462 0
49.97425317764282 1.6662392616271973 0
51.17712688446045 1.666420817375183 0
52.367154121398926 1.4856141805648804 0
53.53393626213074 1.3726930618286133 0
54.688140630722046 0.9649156332015991 0
55.830750703811646 1.2730250358581543 0
56.97792458534241 1.1943135261535645 0
58.12385964393616 0.907759428024292 0
59.29367756843567 1.109558343887329 0
60.467416524887085 0.9646503925323486 0
61.62038707733154 1.2491246461868286 0
62.79703140258789 0.7558299899101257 0
63.94873857498169 0.751307487487793 0
65.10280299186707 0.9466637372970581 0
66.27690720558167 0.6373472213745117 0
67.4426646232605 0.7242647409439087 0
68.60271525382996 0.9959524273872375 0
69.76462960243225 1.0234568119049072 0
71.11920714378357 0.6766802072525024 0
72.28120017051697 0.5255663990974426 0
73.45551800727844 0.585120677947998 0
74.62247729301453 1.0109617710113525 0
75.79505038261414 0.7528001070022583 0
76.96898674964905 0.9213047623634338 0
78.1425769329071 1.1326651573181152 0
79.33246564865112 1.039654016494751 0
80.5095694065094 0.7819371223449707 0
81.66773843765259 1.1401898860931396 0
82.84427332878113 0.7052556276321411 0
84.01208972930908 0.8813837766647339 0
85.16944098472595 0.6498086452484131 0
86.32758688926697 1.023985505104065 0
87.5036358833313 1.0486366748809814 0
88.68643712997437 1.169618844985962 0
89.85808324813843 1.1791977882385254 0
91.01618599891663 0.9127663373947144 0
92.18576908111572 0.507282018661499 0
93.34992480278015 0.6872277855873108 0
94.52374625205994 0.8627347946166992 0
95.69548010826111 0.43354976177215576 0
96.88285684585571 0.40644747018814087 0
98.04896235466003 0.6276000738143921 0
99.23006629943848 0.5592135190963745 0
100.40348100662231 0.6138666868209839 0
101.57526159286499 0.8094985485076904 0
102.71239876747131 0.8725060224533081 0
103.87154054641724 0.8418115377426147 0
105.03252077102661 0.8777263164520264 0
106.2059440612793 0.3740697503089905 0
107.38646650314331 0.5745954513549805 0
108.5619490146637 0.7994838356971741 0
109.73539447784424 0.3078460097312927 0
110.90983724594116 0.5714327096939087 0
112.08340787887573 0.7165093421936035 0
113.24295926094055 0.7245681881904602 0
114.41035532951355 0.5117324590682983 0
115.58085513114929 1.0305336713790894 0
116.75093960762024 0.8502141237258911 0
117.91054463386536 0.6003797650337219 0
119.08269476890564 0.5528355240821838 0
120.24835681915283 0.6295206546783447 0
121.4270007610321 1.0681473016738892 0
122.58312892913818 0.3652333617210388 0
123.74053263664246 0.49906983971595764 0
124.90412902832031 0.5493491291999817 0
126.0632426738739 0.5133147835731506 0
127.22542333602905 0.2226417064666748 0
128.39250779151917 0.275793194770813 0
129.5529429912567 0.4624941647052765 0
130.74530720710754 0.4707779288291931 0
131.9094696044922 0.7343121767044067 0
133.08839440345764 0.6182327270507812 0
134.2648844718933 0.34008216857910156 0
135.45495557785034 1.3376388549804688 0
136.62125730514526 0.5324254631996155 0
137.78103685379028 0.6800036430358887 0
138.95269989967346 1.1685458421707153 0
140.12013030052185 0.7472694516181946 0
141.27601790428162 1.0029363632202148 0
142.4312710762024 0.6500062346458435 0
143.58677530288696 0.4872274398803711 0
144.73830938339233 1.63229501247406 0
145.89115262031555 0.4818236827850342 0
147.0562026500702 0.4274020195007324 0
148.22033882141113 0.8550016283988953 0
149.40091276168823 0.3371979594230652 0
150.57586646080017 0.42894431948661804 0
151.74666953086853 0.6295039653778076 0.13726635514018692
152.90476870536804 0.375262051820755 0.13726635514018692
154.06458282470703 0.5591055750846863 0.13726635514018692
155.23697638511658 0.4516102075576782 0.13726635514018692
156.40360260009766 0.7587745189666748 0.13726635514018692
157.56949472427368 0.5403763055801392 0.13726635514018692
158.7464461326599 0.5322518348693848 0.13726635514018692
159.93498039245605 0.44559067487716675 0.13726635514018692
161.12244725227356 0.8828717470169067 0.13726635514018692
162.2836515903473 0.732665479183197 0.13726635514018692
163.4307587146759 0.5420589447021484 0.13726635514018692
164.58709383010864 0.47264808416366577 0.13726635514018692
165.75929927825928 0.5299582481384277 0.13726635514018692
166.92391324043274 0.2882867455482483 0.13726635514018692
168.07483458518982 0.4740906357765198 0.13726635514018692
169.2382390499115 0.5807176828384399 0.13726635514018692
170.38804411888123 0.3524426817893982 0.13726635514018692
171.53929352760315 0.5593506097793579 0.13726635514018692
172.69819116592407 0.2799546420574188 0.13726635514018692
173.87323546409607 0.4968583285808563 0.13726635514018692
175.03651809692383 0.29182642698287964 0.13726635514018692
176.19961380958557 0.26710081100463867 0.13726635514018692
177.3601315021515 0.2443006932735443 0.13726635514018692
178.54153680801392 1.24685537815094 0.13726635514018692
179.7062439918518 0.718143105506897 0.13726635514018692
180.85163521766663 0.542157769203186 0.13726635514018692
182.01816773414612 0.8177396059036255 0.13726635514018692
183.18646478652954 0.4408296048641205 0.13726635514018692
184.37531399726868 0.4896705448627472 0.13726635514018692
185.56361961364746 0.358582079410553 0.13726635514018692
186.74567246437073 0.6340516209602356 0.13726635514018692
187.92880249023438 0.2855953872203827 0.13726635514018692
189.1054093837738 0.2883630096912384 0.13726635514018692
190.26137256622314 0.9056665897369385 0.13726635514018692
191.41981673240662 0.44551441073417664 0.13726635514018692
192.58885788917542 0.3135192394256592 0.13726635514018692
193.75946235656738 0.34226828813552856 0.13726635514018692
194.92244243621826 0.4147634506225586 0.13726635514018692
196.09592509269714 0.3710176348686218 0.13726635514018692
197.26801562309265 0.3586673140525818 0.13726635514018692
198.4181296825409 0.31725749373435974 0.13726635514018692
199.5715823173523 0.1558438241481781 0.13726635514018692
200.74891591072083 0.4391188323497772 0.13726635514018692
201.93147587776184 0.6048673987388611 0.13726635514018692
203.129412651062 1.3227146863937378 0.13726635514018692
204.30965852737427 0.9232674241065979 0.13726635514018692
205.47282147407532 0.2179647535085678 0.13726635514018692
206.62269115447998 0.45196351408958435 0.13726635514018692
207.76519560813904 0.919197142124176 0.13726635514018692
208.92506003379822 0.30346715450286865 0.13726635514018692
210.10133337974548 0.22769269347190857 0.13726635514018692
211.27520489692688 0.2900888919830322 0.13726635514018692
212.44134998321533 0.405442476272583 0.13726635514018692
213.5965383052826 0.3703627586364746 0.13726635514018692
214.7706835269928 0.3969191312789917 0.13726635514018692
215.92564153671265 0.3193730115890503 0.13726635514018692
217.09035992622375 0.4475916922092438 0.13726635514018692
218.26281142234802 0.9355031251907349 0.13726635514018692
219.42020511627197 0.42600560188293457 0.13726635514018692
220.5881130695343 0.608627438545227 0.13726635514018692
221.74935102462769 0.25270161032676697 0.13726635514018692
222.92033052444458 0.7713640928268433 0.13726635514018692
224.0865387916565 0.27543437480926514 0.13726635514018692
225.25142908096313 0.39007002115249634 0.13726635514018692
226.42075419425964 0.3675469160079956 0.13726635514018692
227.62192368507385 0.7796434760093689 0.13726635514018692
228.78540706634521 0.5183714032173157 0.13726635514018692
229.9482889175415 0.2881368100643158 0.13726635514018692
231.1166889667511 0.5835006833076477 0.13726635514018692
232.32587099075317 0.244534432888031 0.13726635514018692
233.5223834514618 0.25846943259239197 0.13726635514018692
234.68427562713623 0.6025761365890503 0.13726635514018692
235.84309482574463 0.4591972231864929 0.13726635514018692
237.0204255580902 0.4816863536834717 0.13726635514018692
238.1868073940277 0.45727723836898804 0.13726635514018692
239.35385823249817 0.35295769572257996 0.13726635514018692
240.52113842964172 0.5246400237083435 0.13726635514018692
241.6780080795288 0.21974524855613708 0.13726635514018692
242.83487462997437 0.4090639352798462 0.13726635514018692
244.00386357307434 0.49848344922065735 0.13726635514018692
245.18669962882996 0.46037137508392334 0.13726635514018692
246.37145686149597 0.4624651372432709 0.13726635514018692
247.52625799179077 0.3065197169780731 0.13726635514018692
248.68358540534973 0.5267515778541565 0.13726635514018692
249.85504293441772 0.19014418125152588 0.13726635514018692
251.02039122581482 0.4335770010948181 0.13726635514018692
252.1797034740448 0.13895884156227112 0.13726635514018692
253.3305115699768 0.3851289749145508 0.13726635514018692
254.4875931739807 0.26434141397476196 0.13726635514018692
255.6524817943573 0.31989938020706177 0.13726635514018692
256.80295634269714 0.10460089147090912 0.13726635514018692
257.9690451622009 0.5128697752952576 0.13726635514018692
259.1191101074219 0.6766232252120972 0.13726635514018692
260.345050573349 0.22843024134635925 0.13726635514018692
261.50261759757996 0.6346426606178284 0.13726635514018692
262.66055393218994 0.5530685186386108 0.13726635514018692
263.82932782173157 0.4107781648635864 0.13726635514018692
264.98472332954407 0.324868381023407 0.13726635514018692
266.1425271034241 0.2952422797679901 0.13726635514018692
267.2753155231476 0.5383146405220032 0.13726635514018692
268.4289319515228 0.5449935793876648 0.13726635514018692
269.5920412540436 0.25546568632125854 0.13726635514018692
270.75242137908936 0.24071428179740906 0.13726635514018692
271.92134976387024 0.32225048542022705 0.13726635514018692
273.09248518943787 0.6681857109069824 0.13726635514018692
274.2658488750458 0.9514968395233154 0.13726635514018692
275.4182755947113 0.49219948053359985 0.13726635514018692
276.5805311203003 0.5374243855476379 0.13726635514018692
277.7319247722626 0.3858751654624939 0.13726635514018692
278.89984679222107 0.6950670480728149 0.13726635514018692
280.0700032711029 0.5000709295272827 0.13726635514018692
281.2403829097748 0.649361789226532 0.13726635514018692
282.42177271842957 0.34330451488494873 0.13726635514018692
283.58361172676086 0.12747424840927124 0.13726635514018692
284.74666714668274 0.24245458841323853 0.13726635514018692
285.90580892562866 0.4730592370033264 0.13726635514018692
287.0732021331787 0.30267542600631714 0.13726635514018692
288.2381715774536 0.2250375896692276 0.13726635514018692
289.40168738365173 0.32187530398368835 0.13726635514018692
290.5829300880432 0.29375678300857544 0.13726635514018692
291.7576720714569 0.2300182282924652 0.13726635514018692
292.917457818985 0.5020877718925476 0.13726635514018692
294.103244304657 0.32669171690940857 0.13726635514018692
295.28097343444824 0.32482102513313293 0.13726635514018692
296.4494597911835 0.19766397774219513 0.13726635514018692
297.6303572654724 0.4350122809410095 0.13726635514018692
298.7994432449341 0.18925529718399048 0.13726635514018692
299.9584095478058 0.0933946967124939 0.13726635514018692
301.14460492134094 0.329441100358963 0.13726635514018692
302.30466079711914 1.2942698001861572 0.13726635514018692
303.4556827545166 0.3905746042728424 0.13726635514018692
304.618700504303 0.23563367128372192 0.13726635514018692
305.78110361099243 0.32241612672805786 0.13726635514018692
306.9550344944 0.41849571466445923 0.13726635514018692
308.126501083374 0.3227919340133667 0.13726635514018692
309.2950894832611 0.5588777661323547 0.13726635514018692
310.454065322876 0.6951785087585449 0.13726635514018692
311.6036789417267 0.6604411602020264 0.13726635514018692
312.78170943260193 0.4791770577430725 0.13726635514018692
313.9586350917816 0.22812485694885254 0.13726635514018692
315.1294038295746 0.6284719705581665 0.13726635514018692
316.3094103336334 0.30838242173194885 0.13726635514018692
317.49538373947144 0.46635904908180237 0.13726635514018692
318.66526103019714 0.2740785777568817 0.13726635514018692
319.83383798599243 0.31427013874053955 0.13726635514018692
321.00580048561096 0.158584326505661 0.13726635514018692
322.1816244125366 0.42830491065979004 0.13726635514018692
323.3571102619171 0.4306882917881012 0.13726635514018692
324.5245816707611 0.5799363255500793 0.13726635514018692
325.67874360084534 0.2969281077384949 0.13726635514018692
326.8353810310364 0.9668978452682495 0.13726635514018692
327.99382972717285 0.406352162361145 0.13726635514018692
329.16450119018555 0.228142648935318 0.13726635514018692
330.3276159763336 0.2609236538410187 0.13726635514018692
331.5276927947998 0.37472081184387207 0.13726635514018692
332.69415378570557 0.11194288730621338 0.13726635514018692
333.85719180107117 0.3366004228591919 0.13726635514018692
335.032639503479 0.38590526580810547 0.13726635514018692
336.2114670276642 0.6891428232192993 0.13726635514018692
337.4015679359436 0.12839215993881226 0.13726635514018692
338.5600657463074 0.44471612572669983 0.13726635514018692
339.7247042655945 0.4861154854297638 0.13726635514018692
340.87949800491333 0.12114414572715759 0.13726635514018692
342.05189394950867 0.601348876953125 0.13726635514018692
343.2308485507965 0.3310781717300415 0.13726635514018692
344.3876950740814 0.19155451655387878 0.13726635514018692
345.5565688610077 0.43521541357040405 0.13726635514018692
346.7104752063751 0.08879458904266357 0.13726635514018692
347.8779239654541 0.5181307196617126 0.13726635514018692
349.0561554431915 0.12360087037086487 0.13726635514018692
350.2174825668335 0.20423226058483124 0.13726635514018692
351.3880105018616 0.20486629009246826 0.13726635514018692
352.56471514701843 0.16667133569717407 0.13726635514018692
353.7300658226013 0.3815363645553589 0.13726635514018692
354.91115260124207 0.22713294625282288 0.13726635514018692
356.08982610702515 0.6116894483566284 0.13726635514018692
357.26817870140076 0.6266117691993713 0.13726635514018692
358.4497528076172 0.1740846484899521 0.13726635514018692
359.65256237983704 0.3169698715209961 0.13726635514018692
361.0099949836731 0.43186086416244507 0.13726635514018692
362.1815528869629 0.2519231140613556 0.13726635514018692
363.34326219558716 0.31258249282836914 0.13726635514018692
364.5195960998535 0.2330865114927292 0.13726635514018692
365.6981942653656 0.44992485642433167 0.13726635514018692
366.8659555912018 0.5117636322975159 0.13726635514018692
368.049307346344 0.38386109471321106 0.13726635514018692
369.223269701004 0.3655949831008911 0.13726635514018692
370.39799976348877 0.13012318313121796 0.13726635514018692
371.57159185409546 0.08783648908138275 0.13726635514018692
372.75556683540344 0.17083531618118286 0.13726635514018692
373.9192159175873 0.25831350684165955 0.13726635514018692
375.10352325439453 0.18168172240257263 0.13726635514018692
376.2784786224365 0.17154137790203094 0.13726635514018692
377.4392840862274 0.07964944839477539 0.13726635514018692
378.59151816368103 0.45442524552345276 0.13726635514018692
379.7467975616455 0.19553489983081818 0.13726635514018692
380.915664434433 0.06629128754138947 0.13726635514018692
382.0791709423065 0.3315918445587158 0.13726635514018692
383.25356221199036 0.4478205442428589 0.13726635514018692
384.4308145046234 0.4181438088417053 0.13726635514018692
385.6001944541931 0.2322123795747757 0.13726635514018692
386.74676871299744 0.37267833948135376 0.13726635514018692
387.9199571609497 0.2469380646944046 0.13726635514018692
389.07569646835327 0.7438977956771851 0.13726635514018692
390.2335684299469 0.23459160327911377 0.13726635514018692
391.39503383636475 0.0789123997092247 0.13726635514018692
392.5702419281006 0.1764933317899704 0.13726635514018692
393.7250146865845 0.30198830366134644 0.13726635514018692
394.89553236961365 0.17395198345184326 0.13726635514018692
396.0588552951813 0.2807868719100952 0.13726635514018692
397.23085618019104 0.5486226081848145 0.13726635514018692
398.39261865615845 0.28680920600891113 0.13726635514018692
399.5448462963104 0.6567284464836121 0.13726635514018692
400.71328616142273 0.3329920768737793 0.13726635514018692
401.871945142746 0.17270413041114807 0.13726635514018692
403.03487634658813 0.2408929169178009 0.13726635514018692
404.19171500205994 0.0843869149684906 0.13726635514018692
405.3613073825836 0.1953667253255844 0.13726635514018692
406.51548767089844 0.310793936252594 0.13726635514018692
407.6920828819275 0.29500308632850647 0.13726635514018692
408.86308693885803 0.1591114103794098 0.13726635514018692
410.02792096138 0.30530673265457153 0.13726635514018692
411.18101143836975 0.2113659679889679 0.13726635514018692
412.3409893512726 0.2549154758453369 0.13726635514018692
413.4981174468994 0.19271248579025269 0.13726635514018692
414.67004227638245 0.08174246549606323 0.13726635514018692
415.8148798942566 0.23582875728607178 0.13726635514018692
416.9629440307617 0.2927064299583435 0.13726635514018692
418.1153013706207 0.4117125868797302 0.13726635514018692
419.28617453575134 0.2952066659927368 0.13726635514018692
420.4648160934448 0.1757236123085022 0.13726635514018692
421.6529133319855 0.26087135076522827 0.13726635514018692
422.8233902454376 0.07885921001434326 0.13726635514018692
423.9981095790863 0.35020774602890015 0.13726635514018692
425.1680245399475 0.14056459069252014 0.13726635514018692
426.34293603897095 0.18569305539131165 0.13726635514018692
427.511346578598 0.1987004578113556 0.13726635514018692
428.68280577659607 0.42227718234062195 0.13726635514018692
429.8628509044647 0.21345527470111847 0.13726635514018692
431.0437169075012 0.28114089369773865 0.13726635514018692
432.2052597999573 0.42490172386169434 0.13726635514018692
433.41311740875244 0.12289406359195709 0.13726635514018692
434.59187960624695 0.20122256875038147 0.13726635514018692
435.74904108047485 0.4663296937942505 0.13726635514018692
436.92044138908386 0.11999030411243439 0.13726635514018692
438.0791771411896 0.1657576709985733 0.13726635514018692
439.2482120990753 0.27706658840179443 0.13726635514018692
440.4206311702728 0.3035253882408142 0.13726635514018692
441.5910048484802 0.19384737312793732 0.13726635514018692
442.74955892562866 0.18827681243419647 0.13726635514018692
445.13837695121765 0.2891358733177185 0.13726635514018692
446.31162786483765 0.18305596709251404 0.13726635514018692
447.48812675476074 0.3788081705570221 0.13726635514018692
448.64464592933655 0.601434588432312 0.13726635514018692
449.81155943870544 0.43597733974456787 0.13726635514018692
450.98096680641174 0.39419808983802795 0.13726635514018692
452.14419436454773 0.1542869210243225 0.29205607476635514
453.3406801223755 0.20357386767864227 0.29205607476635514
454.48980140686035 0.240337535738945 0.29205607476635514
455.6551401615143 0.15796948969364166 0.29205607476635514
456.8203318119049 0.33284682035446167 0.29205607476635514
457.9720060825348 0.11659413576126099 0.29205607476635514
459.1232821941376 0.29478222131729126 0.29205607476635514
460.28761053085327 0.15808388590812683 0.29205607476635514
461.45593452453613 0.09502503275871277 0.29205607476635514
462.62346601486206 0.5496522784233093 0.29205607476635514
463.7987997531891 0.2352510392665863 0.29205607476635514
464.98107266426086 0.0738392025232315 0.29205607476635514
466.1393823623657 0.655699610710144 0.29205607476635514
467.30652117729187 0.22667598724365234 0.29205607476635514
468.48779034614563 0.47625458240509033 0.29205607476635514
469.63858008384705 0.2546965479850769 0.29205607476635514
470.82908606529236 0.09187567234039307 0.29205607476635514
471.9850447177887 0.23394174873828888 0.29205607476635514
473.13211154937744 0.0908936858177185 0.29205607476635514
474.2803101539612 0.2198852002620697 0.29205607476635514
475.44235372543335 0.3360058665275574 0.29205607476635514
476.60780119895935 0.19100743532180786 0.29205607476635514
477.76181864738464 0.30798590183258057 0.29205607476635514
478.92712330818176 0.39262160658836365 0.29205607476635514
480.0919871330261 0.17084084451198578 0.29205607476635514
481.24365997314453 0.2213880717754364 0.29205607476635514
482.40479469299316 0.3376072943210602 0.29205607476635514
483.56691670417786 0.31880250573158264 0.29205607476635514
484.7442138195038 0.15430445969104767 0.29205607476635514
485.8988974094391 0.1551426202058792 0.29205607476635514
487.06524324417114 0.26607221364974976 0.29205607476635514
488.2289972305298 0.2616865634918213 0.29205607476635514
489.3844714164734 0.2595200538635254 0.29205607476635514
490.54004764556885 0.14115087687969208 0.29205607476635514
491.6885459423065 0.22214163839817047 0.29205607476635514
492.83984899520874 0.5757456421852112 0.29205607476635514
493.9948561191559 0.16990455985069275 0.29205607476635514
495.14307737350464 0.23701144754886627 0.29205607476635514
496.2910478115082 0.2614278197288513 0.29205607476635514
497.45868277549744 0.20739467442035675 0.29205607476635514
498.62547516822815 0.3058902323246002 0.29205607476635514
499.7991280555725 0.37313511967658997 0.29205607476635514
500.9747519493103 0.47723448276519775 0.29205607476635514
502.14066553115845 0.3675476908683777 0.29205607476635514
503.30954790115356 0.3935081362724304 0.29205607476635514
504.4697644710541 0.47155559062957764 0.29205607476635514
505.6445894241333 0.22795474529266357 0.29205607476635514
506.80685925483704 0.3383186459541321 0.29205607476635514
508.1525237560272 0.14435212314128876 0.29205607476635514
509.317599773407 0.14779940247535706 0.29205607476635514
510.4842233657837 0.3685219883918762 0.29205607476635514
511.6442680358887 0.3243226408958435 0.29205607476635514
512.8080852031708 0.7650052905082703 0.29205607476635514
513.9924421310425 0.5228853225708008 0.29205607476635514
515.1672036647797 0.12738627195358276 0.29205607476635514
516.3475787639618 1.0306360721588135 0.29205607476635514
517.5019118785858 0.30627554655075073 0.29205607476635514
518.6598188877106 0.34219080209732056 0.29205607476635514
519.8100452423096 0.5106680989265442 0.29205607476635514
520.9607610702515 0.2771089971065521 0.29205607476635514
522.2574656009674 0.5268957614898682 0.29205607476635514
523.4334030151367 0.26598459482192993 0.29205607476635514
524.6274924278259 0.18164478242397308 0.29205607476635514
525.8072650432587 0.19112445414066315 0.29205607476635514
526.9829196929932 0.3783336281776428 0.29205607476635514
528.1385779380798 0.6608879566192627 0.29205607476635514
529.3335082530975 0.8180129528045654 0.29205607476635514
530.5148224830627 0.2924439311027527 0.29205607476635514
531.7056932449341 0.3472975492477417 0.29205607476635514
532.8887605667114 0.66885906457901 0.29205607476635514
534.0708093643188 0.6081799268722534 0.29205607476635514
535.2415339946747 0.26642706990242004 0.29205607476635514
536.4303889274597 0.4398442804813385 0.29205607476635514
537.6065645217896 0.22074277698993683 0.29205607476635514
538.7816505432129 0.4954984188079834 0.29205607476635514
539.9420454502106 0.5400168895721436 0.29205607476635514
541.0985372066498 0.21771231293678284 0.29205607476635514
542.2565996646881 0.3337579369544983 0.29205607476635514
543.4061043262482 0.25632572174072266 0.29205607476635514
544.5474343299866 0.14128151535987854 0.29205607476635514
545.7143499851227 0.20025479793548584 0.29205607476635514
546.908035993576 0.6631942987442017 0.29205607476635514
548.0776445865631 0.18028035759925842 0.29205607476635514
549.2402944564819 0.38941285014152527 0.29205607476635514
550.4103417396545 0.2683941125869751 0.29205607476635514
551.5815761089325 0.36021095514297485 0.29205607476635514
552.7510538101196 0.2578846514225006 0.29205607476635514
553.9225361347198 0.39096421003341675 0.29205607476635514
555.0858902931213 0.49736592173576355 0.29205607476635514
556.2499907016754 0.5421593189239502 0.29205607476635514
557.4077987670898 0.2415175437927246 0.29205607476635514
558.5779564380646 0.3480878472328186 0.29205607476635514
559.7523999214172 1.3582484722137451 0.29205607476635514
560.9297308921814 0.17058278620243073 0.29205607476635514
562.0988764762878 0.33343201875686646 0.29205607476635514
563.2565925121307 0.22395558655261993 0.29205607476635514
564.4156198501587 0.7315675616264343 0.29205607476635514
565.5855870246887 0.14871300756931305 0.29205607476635514
566.750794172287 0.10408328473567963 0.29205607476635514
567.908539056778 0.701977014541626 0.29205607476635514
569.075254201889 0.09915348887443542 0.29205607476635514
570.2473323345184 0.7110227942466736 0.29205607476635514
571.4142897129059 0.18304026126861572 0.29205607476635514
572.6006805896759 0.23214608430862427 0.29205607476635514
573.765435218811 0.8276288509368896 0.29205607476635514
574.9264571666718 0.35360535979270935 0.29205607476635514
576.0987496376038 0.48236846923828125 0.29205607476635514
577.2627372741699 0.5518021583557129 0.29205607476635514
578.4267325401306 0.6349396109580994 0.29205607476635514
579.5889229774475 0.6519789099693298 0.29205607476635514
580.7699592113495 0.2701738476753235 0.29205607476635514
581.9430871009827 0.11573871225118637 0.29205607476635514
583.1444520950317 1.38283371925354 0.29205607476635514
584.3035168647766 0.48865845799446106 0.29205607476635514
585.4809279441833 0.3756794035434723 0.29205607476635514
586.6427369117737 0.18679475784301758 0.29205607476635514
587.8153681755066 0.4192119836807251 0.29205607476635514
588.9991929531097 0.5995193719863892 0.29205607476635514
590.1667342185974 0.5199371576309204 0.29205607476635514
591.364652633667 0.257790207862854 0.29205607476635514
592.7214543819427 0.1902715265750885 0.29205607476635514
593.8939990997314 0.205573171377182 0.29205607476635514
595.0649020671844 0.7099063992500305 0.29205607476635514
596.2457520961761 0.3434031903743744 0.29205607476635514
597.4070425033569 0.6211887001991272 0.29205607476635514
598.5732266902924 0.22983863949775696 0.29205607476635514
599.7350811958313 0.7515363693237305 0.29205607476635514
600.8893296718597 0.3024345636367798 0.29205607476635514
602.0748996734619 0.37180840969085693 0.29205607476635514
603.2485682964325 0.21247662603855133 0.29205607476635514
604.4147236347198 0.2338467240333557 0.29205607476635514
605.5683691501617 0.13899964094161987 0.29205607476635514
606.7301959991455 0.16230551898479462 0.29205607476635514
607.8826847076416 0.1526261419057846 0.29205607476635514
609.0491769313812 0.24097919464111328 0.29205607476635514
610.2112412452698 0.2019980549812317 0.29205607476635514
611.3764359951019 0.2099909633398056 0.29205607476635514
612.553254365921 0.1785908043384552 0.29205607476635514
613.7252695560455 0.14710044860839844 0.29205607476635514
614.9059631824493 0.16725333034992218 0.29205607476635514
616.0789113044739 0.16889043152332306 0.29205607476635514
617.2701539993286 0.40649306774139404 0.29205607476635514
618.4449653625488 0.30454519391059875 0.29205607476635514
619.621059179306 0.2763670086860657 0.29205607476635514
620.8079581260681 0.161199152469635 0.29205607476635514
621.9889273643494 0.1766563504934311 0.29205607476635514
623.1632180213928 0.0947083979845047 0.29205607476635514
624.3313114643097 0.1781407743692398 0.29205607476635514
625.5021443367004 0.25041329860687256 0.29205607476635514
626.6823275089264 0.1836903840303421 0.29205607476635514
627.8701157569885 0.10497605800628662 0.29205607476635514
629.0389473438263 0.35899078845977783 0.29205607476635514
630.2069046497345 0.16127358376979828 0.29205607476635514
631.3986084461212 0.1391867846250534 0.29205607476635514
632.5603456497192 0.28515341877937317 0.29205607476635514
633.7340986728668 0.271949827671051 0.29205607476635514
634.9092094898224 0.10436590760946274 0.29205607476635514
636.0857219696045 0.6335896849632263 0.29205607476635514
637.2743921279907 0.30115655064582825 0.29205607476635514
638.4643766880035 0.12519001960754395 0.29205607476635514
639.6420800685883 0.1796141415834427 0.29205607476635514
640.8166725635529 0.12641647458076477 0.29205607476635514
641.9696190357208 0.4072273075580597 0.29205607476635514
643.1483640670776 0.22700686752796173 0.29205607476635514
644.3077881336212 0.1819387525320053 0.29205607476635514
645.4680373668671 0.26674145460128784 0.29205607476635514
646.6281979084015 0.6110967993736267 0.29205607476635514
647.7931671142578 0.2764323353767395 0.29205607476635514
648.9545834064484 0.14883151650428772 0.29205607476635514
650.1288058757782 0.1915419101715088 0.29205607476635514
651.3092560768127 0.3503958582878113 0.29205607476635514
652.4731509685516 0.11380262672901154 0.29205607476635514
653.6399142742157 0.16320809721946716 0.29205607476635514
654.8159282207489 0.29941898584365845 0.29205607476635514
655.9910662174225 0.1263410747051239 0.29205607476635514
657.1656806468964 0.7977026104927063 0.29205607476635514
658.3322112560272 0.30219972133636475 0.29205607476635514
659.5074911117554 0.690870463848114 0.29205607476635514
660.6800255775452 0.211309015750885 0.29205607476635514
661.8617632389069 0.3267509937286377 0.29205607476635514
663.0349051952362 0.2431076467037201 0.29205607476635514
664.2004992961884 0.10009598731994629 0.29205607476635514
665.3637933731079 0.33362406492233276 0.29205607476635514
666.5314123630524 0.18967923521995544 0.29205607476635514
667.6791889667511 0.14810174703598022 0.29205607476635514
668.8545734882355 0.11862979829311371 0.29205607476635514
670.0055725574493 0.5943893194198608 0.29205607476635514
671.1794621944427 0.07172788679599762 0.29205607476635514
672.334386587143 0.35047447681427 0.29205607476635514
673.5021367073059 0.42814549803733826 0.29205607476635514
674.6717958450317 0.2223651260137558 0.29205607476635514
675.845947265625 0.3082539439201355 0.29205607476635514
677.0093202590942 0.2875713109970093 0.29205607476635514
678.1566426753998 0.18257515132427216 0.29205607476635514
679.318407535553 0.2705167233943939 0.29205607476635514
680.4872951507568 0.21969760954380035 0.29205607476635514
681.6401648521423 0.378862589597702 0.29205607476635514
682.7842607498169 0.23593784868717194 0.29205607476635514
683.9366970062256 0.34483465552330017 0.29205607476635514
685.1194117069244 0.35658586025238037 0.29205607476635514
686.2991828918457 0.15124580264091492 0.29205607476635514
687.4695436954498 0.39692482352256775 0.29205607476635514
688.6192390918732 0.4099523425102234 0.29205607476635514
689.7935457229614 0.4278731346130371 0.29205607476635514
690.9639465808868 0.12656936049461365 0.29205607476635514
692.1446645259857 0.13365666568279266 0.29205607476635514
693.3111896514893 0.15555770695209503 0.29205607476635514
694.4824163913727 0.21890009939670563 0.29205607476635514
695.630473613739 0.08968046307563782 0.29205607476635514
696.788825750351 0.2877730131149292 0.29205607476635514
697.9536504745483 0.5290083289146423 0.29205607476635514
699.1145782470703 0.28761258721351624 0.29205607476635514
700.2718963623047 0.6387223601341248 0.29205607476635514
701.4376127719879 0.48095703125 0.29205607476635514
702.5908572673798 0.16275611519813538 0.29205607476635514
703.7410478591919 0.16707031428813934 0.29205607476635514
704.9139859676361 0.19389432668685913 0.29205607476635514
706.0594129562378 0.3083965480327606 0.29205607476635514
707.2217841148376 0.27362582087516785 0.29205607476635514
708.3820414543152 0.37232938408851624 0.29205607476635514
709.5612659454346 0.21932871639728546 0.29205607476635514
710.7338213920593 0.2856076657772064 0.29205607476635514
711.9164803028107 0.344284325838089 0.29205607476635514
713.0864872932434 0.7666530609130859 0.29205607476635514
714.2496020793915 0.20191791653633118 0.29205607476635514
715.4317622184753 0.6682190299034119 0.29205607476635514
716.6008017063141 0.1440267413854599 0.29205607476635514
717.7704663276672 0.6502717733383179 0.29205607476635514
718.9471769332886 0.3473673462867737 0.29205607476635514
720.0980229377747 0.29305559396743774 0.29205607476635514
721.2761113643646 0.324173241853714 0.29205607476635514
722.4691607952118 0.07758422195911407 0.29205607476635514
723.68612241745 0.052317798137664795 0.29205607476635514
724.8596394062042 0.4719552993774414 0.29205607476635514
726.0368266105652 0.09191301465034485 0.29205607476635514
727.2084765434265 0.08202847838401794 0.29205607476635514
728.3866198062897 0.12783055007457733 0.29205607476635514
729.550594329834 0.0930493026971817 0.29205607476635514
730.718966960907 0.040078140795230865 0.29205607476635514
731.8737297058105 0.16033287346363068 0.29205607476635514
733.0546653270721 0.12305746972560883 0.29205607476635514
734.2327356338501 0.1696159690618515 0.29205607476635514
735.410876750946 0.06570498645305634 0.29205607476635514
736.590291261673 0.056924186646938324 0.29205607476635514
737.7700290679932 0.1424536108970642 0.29205607476635514
739.1406557559967 0.07437871396541595 0.29205607476635514
740.3180778026581 0.09578096121549606 0.29205607476635514
741.5077533721924 0.3385675549507141 0.29205607476635514
742.6829936504364 0.03440389409661293 0.29205607476635514
743.8714609146118 0.25869008898735046 0.29205607476635514
745.0451564788818 0.22089049220085144 0.29205607476635514
746.2330136299133 0.2982998490333557 0.29205607476635514
747.4241065979004 0.14268139004707336 0.29205607476635514
748.5878019332886 0.17702297866344452 0.29205607476635514
749.7724180221558 0.23390720784664154 0.29205607476635514
750.9475381374359 0.27917560935020447 0.29205607476635514
752.1183667182922 0.24142198264598846 0.29205607476635514
753.3064975738525 0.3988269567489624 0.29205607476635514
754.4785871505737 0.6359560489654541 0.29205607476635514
755.639838218689 0.20665743947029114 0.29205607476635514
756.8246853351593 0.17939241230487823 0.29205607476635514
758.0085098743439 0.20098891854286194 0.29205607476635514
759.1798160076141 0.22677657008171082 0.29205607476635514
760.346105337143 0.11339119076728821 0.29205607476635514
761.5209112167358 0.21431002020835876 0.29205607476635514
762.6913757324219 0.23393823206424713 0.29205607476635514
763.8641946315765 0.08480799943208694 0.29205607476635514
765.0272445678711 0.24821420013904572 0.29205607476635514
766.2020988464355 0.5261033773422241 0.29205607476635514
767.3744149208069 0.2845609784126282 0.29205607476635514
768.5330593585968 0.3546355068683624 0.29205607476635514
769.6960520744324 0.10348585247993469 0.29205607476635514
770.8685920238495 0.3428793251514435 0.29205607476635514
772.0274729728699 0.040885042399168015 0.29205607476635514
773.1851100921631 0.1473720222711563 0.29205607476635514
774.3505635261536 0.15355707705020905 0.29205607476635514
775.504346370697 0.3504616320133209 0.29205607476635514
776.6826255321503 0.20901021361351013 0.29205607476635514
777.8508882522583 0.28374409675598145 0.29205607476635514
779.0213809013367 0.20251257717609406 0.29205607476635514
780.188206911087 0.1459713578224182 0.29205607476635514
781.3592395782471 0.4702529311180115 0.29205607476635514
782.5325696468353 0.06958277523517609 0.29205607476635514
783.7034449577332 0.08862288296222687 0.29205607476635514
784.8603427410126 0.21229767799377441 0.29205607476635514
786.0160629749298 0.15799419581890106 0.29205607476635514
787.1779172420502 0.6506751179695129 0.29205607476635514
788.3409197330475 0.0601297989487648 0.29205607476635514
789.5265276432037 0.10924765467643738 0.29205607476635514
790.7031402587891 0.12858080863952637 0.29205607476635514
791.8835906982422 0.09365779906511307 0.29205607476635514
793.0595901012421 0.1507696509361267 0.29205607476635514
794.2337810993195 0.14143837988376617 0.29205607476635514
795.4250841140747 0.4607054591178894 0.29205607476635514
796.5882389545441 0.3243630528450012 0.29205607476635514
797.7500925064087 0.17534136772155762 0.29205607476635514
798.9166822433472 0.10164960473775864 0.29205607476635514
800.0700840950012 0.06463045626878738 0.29205607476635514
801.2457520961761 0.13043801486492157 0.29205607476635514
802.4200830459595 0.23870038986206055 0.29205607476635514
803.599128484726 0.17984327673912048 0.29205607476635514
804.7626595497131 0.37574976682662964 0.29205607476635514
805.9404406547546 0.42988142371177673 0.29205607476635514
807.1227352619171 0.4053560197353363 0.29205607476635514
808.2948160171509 0.3171180188655853 0.29205607476635514
809.4549763202667 0.06437090039253235 0.29205607476635514
810.6160793304443 0.1780858188867569 0.29205607476635514
811.7775685787201 0.27938729524612427 0.29205607476635514
812.944082736969 0.18889178335666656 0.29205607476635514
814.1242752075195 0.14238686859607697 0.29205607476635514
815.3070719242096 0.3475271165370941 0.29205607476635514
816.4682905673981 0.26066333055496216 0.29205607476635514
817.6369075775146 0.5531741380691528 0.29205607476635514
818.8029520511627 0.0953366681933403 0.29205607476635514
819.9721088409424 0.14427463710308075 0.29205607476635514
821.1328399181366 0.21117380261421204 0.29205607476635514
822.2847561836243 0.4308752715587616 0.29205607476635514
823.447616815567 0.27771085500717163 0.29205607476635514
824.6328799724579 0.17695777118206024 0.29205607476635514
825.8248627185822 0.38598233461380005 0.29205607476635514
827.0033264160156 0.16728447377681732 0.29205607476635514
828.1732997894287 0.38064467906951904 0.29205607476635514
829.3463203907013 0.2770799398422241 0.29205607476635514
830.4954888820648 0.06895078718662262 0.29205607476635514
831.6628341674805 0.09140591323375702 0.29205607476635514
832.8140275478363 0.3274090886116028 0.29205607476635514
833.9787967205048 0.286529004573822 0.29205607476635514
835.1478745937347 0.1469254493713379 0.29205607476635514
836.3352913856506 0.425688773393631 0.29205607476635514
837.5222685337067 0.1911982297897339 0.29205607476635514
838.7162449359894 0.6303662657737732 0.29205607476635514
839.875809431076 0.4238131046295166 0.29205607476635514
841.0305926799774 0.09418649971485138 0.29205607476635514
842.1924929618835 0.07371428608894348 0.29205607476635514
843.3658654689789 0.07567723095417023 0.29205607476635514
844.5313651561737 0.13025927543640137 0.29205607476635514
845.6932942867279 0.1405804306268692 0.29205607476635514
846.8570971488953 0.13270767033100128 0.29205607476635514
848.0225684642792 0.08755475282669067 0.29205607476635514
849.2175378799438 0.22430947422981262 0.29205607476635514
850.4118044376373 0.17348161339759827 0.29205607476635514
851.5877685546875 0.2363503873348236 0.29205607476635514
852.7599337100983 0.11803487688302994 0.29205607476635514
853.9255974292755 0.050019554793834686 0.29205607476635514
855.0960466861725 0.19158253073692322 0.29205607476635514
856.2573099136353 0.1775290071964264 0.29205607476635514
857.4175450801849 0.11255921423435211 0.29205607476635514
858.5681509971619 0.3108826279640198 0.29205607476635514
859.7158815860748 0.15464085340499878 0.29205607476635514
860.8753714561462 0.10582859814167023 0.29205607476635514
862.0495676994324 0.09345132112503052 0.29205607476635514
863.2297911643982 0.19388043880462646 0.29205607476635514
864.4038882255554 0.17604605853557587 0.29205607476635514
865.5690364837646 0.2960657477378845 0.29205607476635514
866.7461273670197 0.07047253102064133 0.29205607476635514
867.9280865192413 0.2505062222480774 0.29205607476635514
869.0875465869904 0.03310912102460861 0.29205607476635514
870.247082233429 0.1972496211528778 0.29205607476635514
871.4177477359772 0.10077157616615295 0.29205607476635514
872.5799477100372 0.05167020112276077 0.29205607476635514
873.7300207614899 0.11732888221740723 0.29205607476635514
874.8964684009552 0.4073962867259979 0.29205607476635514
876.0598425865173 0.22478681802749634 0.29205607476635514
877.235132932663 0.12092025578022003 0.29205607476635514
878.4185211658478 0.2598266303539276 0.29205607476635514
879.5754427909851 0.13070738315582275 0.29205607476635514
880.7318572998047 0.11027952283620834 0.29205607476635514
881.900796175003 0.2050667405128479 0.29205607476635514
883.0434200763702 0.2679018974304199 0.29205607476635514
884.2184014320374 0.13053461909294128 0.29205607476635514
885.4028117656708 0.2505190968513489 0.29205607476635514
886.5898187160492 0.5252686142921448 0.29205607476635514
887.7551112174988 0.2768101692199707 0.29205607476635514
888.9204070568085 0.264232337474823 0.29205607476635514
890.0968992710114 0.10949162393808365 0.29205607476635514
891.2581553459167 0.15872031450271606 0.29205607476635514
892.428055524826 0.13612063229084015 0.29205607476635514
893.5920391082764 0.05771658569574356 0.29205607476635514
894.757319688797 0.22410675883293152 0.29205607476635514
895.9272773265839 0.06679392606019974 0.29205607476635514
897.118768453598 0.25111356377601624 0.29205607476635514
898.2776689529419 0.1857374757528305 0.29205607476635514
899.4442493915558 0.07595236599445343 0.29205607476635514
900.5928852558136 0.3623450994491577 0.29205607476635514
901.7466351985931 0.12181536108255386 0.29205607476635514
902.9096701145172 0.09846672415733337 0.29205607476635514
904.0895590782166 0.509521484375 0.29205607476635514
905.2680764198303 0.18218296766281128 0.29205607476635514
906.4249517917633 0.3383246660232544 0.29205607476635514
907.6008851528168 0.10690818727016449 0.29205607476635514
908.7848784923553 0.02078850381076336 0.29205607476635514
909.9612033367157 0.11326076835393906 0.29205607476635514
911.1110465526581 0.10354690253734589 0.29205607476635514
912.2562682628632 0.20043176412582397 0.29205607476635514
913.4059097766876 0.1635800004005432 0.29205607476635514
914.5780181884766 0.15415607392787933 0.29205607476635514
915.7283957004547 0.13262376189231873 0.29205607476635514
916.9115345478058 0.2965545356273651 0.29205607476635514
918.0617363452911 0.10506526380777359 0.29205607476635514
919.2291975021362 0.14471375942230225 0.29205607476635514
920.3943164348602 0.12490054219961166 0.29205607476635514
921.5542922019958 0.09920111298561096 0.29205607476635514
922.7222151756287 0.03964010626077652 0.29205607476635514
923.8833105564117 0.09898345172405243 0.29205607476635514
925.0280616283417 0.1595773845911026 0.29205607476635514
926.1700572967529 0.17798858880996704 0.29205607476635514
927.3299036026001 0.06877462565898895 0.29205607476635514
928.517110824585 0.09382591396570206 0.29205607476635514
929.7013273239136 0.47111475467681885 0.29205607476635514
930.8745129108429 0.20373162627220154 0.29205607476635514
932.0553157329559 0.07344741374254227 0.29205607476635514
933.2254993915558 0.02897861786186695 0.29205607476635514
934.3995223045349 0.15710490942001343 0.29205607476635514
935.5775535106659 0.18182788789272308 0.29205607476635514
936.7615172863007 0.30681028962135315 0.29205607476635514
937.9255406856537 0.47186383605003357 0.29205607476635514
939.0990791320801 0.029334351420402527 0.29205607476635514
940.2936751842499 0.3766622543334961 0.29205607476635514
941.4880380630493 0.3796943426132202 0.29205607476635514
942.6783983707428 0.5729981064796448 0.29205607476635514
943.868848323822 0.07760605216026306 0.29205607476635514
945.0493495464325 0.04637513309717178 0.29205607476635514
946.2242522239685 0.04122620448470116 0.29205607476635514
947.3997578620911 0.06494975090026855 0.29205607476635514
948.5678834915161 0.04619207978248596 0.29205607476635514
949.7434177398682 0.26400256156921387 0.29205607476635514
950.9089210033417 0.17087753117084503 0.29205607476635514
952.103945016861 0.032497819513082504 0.29205607476635514
953.283998966217 0.06895698606967926 0.29205607476635514
954.4525306224823 0.3848658800125122 0.29205607476635514
955.6276597976685 0.2274070382118225 0.29205607476635514
956.8001041412354 0.11957954615354538 0.29205607476635514
957.9833781719208 0.25045642256736755 0.29205607476635514
959.1682269573212 0.0769909918308258 0.29205607476635514
960.3379895687103 0.4457545876502991 0.29205607476635514
961.5112957954407 0.22448021173477173 0.29205607476635514
962.6908733844757 0.18488964438438416 0.29205607476635514
963.881726026535 0.23330610990524292 0.29205607476635514
965.0615153312683 0.2818450927734375 0.29205607476635514
966.2282857894897 0.13477323949337006 0.29205607476635514
967.3918323516846 0.2762097120285034 0.29205607476635514
968.5480840206146 0.07326576113700867 0.29205607476635514
969.713761806488 0.32655173540115356 0.29205607476635514
970.9049174785614 0.373960942029953 0.29205607476635514
972.0953996181488 0.2970045208930969 0.29205607476635514
973.2456119060516 0.16277331113815308 0.29205607476635514
974.3941380977631 0.19546659290790558 0.29205607476635514
975.5512382984161 0.18836979568004608 0.29205607476635514
976.7455084323883 0.1292661875486374 0.29205607476635514
977.9297137260437 0.6653017997741699 0.29205607476635514
979.1022582054138 0.37160181999206543 0.29205607476635514
980.2801208496094 0.20487749576568604 0.29205607476635514
981.4533090591431 0.28510022163391113 0.29205607476635514
982.6021268367767 0.09595634043216705 0.29205607476635514
983.761965751648 0.1259145736694336 0.29205607476635514
984.9461472034454 0.3726821541786194 0.29205607476635514
986.121523141861 0.056492824107408524 0.29205607476635514
987.295197725296 0.05277809873223305 0.29205607476635514
988.4828686714172 0.16488295793533325 0.29205607476635514
989.6419019699097 0.2566215395927429 0.29205607476635514
990.7975354194641 0.2624908983707428 0.29205607476635514
991.9730021953583 0.3853302001953125 0.29205607476635514
993.1425251960754 0.2419656366109848 0.29205607476635514
994.305933713913 0.5258179306983948 0.29205607476635514
995.4804310798645 0.09918524324893951 0.29205607476635514
996.6554639339447 0.1767929345369339 0.29205607476635514
997.8222768306732 0.2595043182373047 0.29205607476635514
998.991753578186 0.0415300577878952 0.29205607476635514
1000.1613447666168 0.15920162200927734 0.29205607476635514
1001.3137860298157 0.09518809616565704 0.29205607476635514
1002.471873998642 0.428268164396286 0.29205607476635514
1003.644969701767 0.16594311594963074 0.29205607476635514
1004.8065404891968 0.22743454575538635 0.29205607476635514
1005.977157831192 0.12713435292243958 0.29205607476635514
1007.1439468860626 0.26675379276275635 0.29205607476635514
1008.3157949447632 0.5061439275741577 0.29205607476635514
1009.4831552505493 0.12769709527492523 0.29205607476635514
1010.6590802669525 0.07527461647987366 0.29205607476635514
1011.8247861862183 0.490234911441803 0.29205607476635514
1012.9799437522888 0.25442445278167725 0.29205607476635514
1014.1520862579346 0.37975162267684937 0.29205607476635514
1015.3033275604248 0.4040094017982483 0.29205607476635514
1016.4632897377014 0.36721640825271606 0.29205607476635514
1017.6274306774139 0.4116092920303345 0.29205607476635514
1018.7983675003052 0.09581246972084045 0.29205607476635514
1019.9606947898865 0.09336993843317032 0.29205607476635514
1021.118424654007 1.0495799779891968 0.29205607476635514
1022.2649512290955 0.17255383729934692 0.29205607476635514
1023.4290761947632 0.1557798832654953 0.29205607476635514
1024.5978252887726 0.15539787709712982 0.29205607476635514
1025.7667727470398 0.18055899441242218 0.29205607476635514
1026.927652835846 0.24722129106521606 0.29205607476635514
1028.0774991512299 0.3932594358921051 0.29205607476635514
1029.4163827896118 0.14313122630119324 0.29205607476635514
1030.5812349319458 0.2554611265659332 0.29205607476635514
1031.73868227005 0.19449467957019806 0.29205607476635514
1032.894956111908 0.360106885433197 0.29205607476635514
1034.0385756492615 0.5565832257270813 0.29205607476635514
1035.1781919002533 0.15747736394405365 0.29205607476635514
1036.3631150722504 0.06462548673152924 0.29205607476635514
1037.5494120121002 0.47278550267219543 0.29205607476635514
1038.7384164333344 0.12659507989883423 0.29205607476635514
1039.9008824825287 0.1869170367717743 0.29205607476635514
1041.05903506279 0.18547698855400085 0.29205607476635514
1042.2273364067078 0.19939261674880981 0.29205607476635514
1043.396832227707 0.08715542405843735 0.29205607476635514
1044.8070976734161 0.04333438724279404 0.29205607476635514
1045.9894511699677 0.16224239766597748 0.29205607476635514
1047.1570739746094 0.14020493626594543 0.29205607476635514
1048.3386011123657 0.22997865080833435 0.29205607476635514
1049.509946346283 0.20534726977348328 0.29205607476635514
1050.671421289444 0.13897570967674255 0.29205607476635514
1051.8399646282196 0.17059405148029327 0.29205607476635514
1052.9881126880646 0.1287282407283783 0.29205607476635514
1054.15065407753 0.10352376848459244 0.29205607476635514
1055.320833683014 0.25970789790153503 0.29205607476635514
1056.4895181655884 0.19821205735206604 0.29205607476635514
1057.6393995285034 0.29083704948425293 0.29205607476635514
1058.7971277236938 0.08412831276655197 0.29205607476635514
1059.9664855003357 0.22678178548812866 0.29205607476635514
1061.1251935958862 0.041399724781513214 0.29205607476635514
1062.2992534637451 0.2802819609642029 0.29205607476635514
1063.459520816803 0.15859968960285187 0.29205607476635514
1064.6203458309174 0.2619478106498718 0.29205607476635514
1065.7863264083862 0.07399900257587433 0.29205607476635514
1066.9599866867065 0.2760717570781708 0.29205607476635514
1068.1277673244476 0.1469358205795288 0.29205607476635514
1069.2978615760803 0.19887708127498627 0.29205607476635514
1070.4601154327393 0.3804881274700165 0.29205607476635514
1071.6302700042725 0.24026885628700256 0.29205607476635514
1072.7873685359955 0.033413976430892944 0.29205607476635514
1073.959240436554 0.2649812400341034 0.29205607476635514
1075.1332364082336 0.19417878985404968 0.29205607476635514
1076.3070163726807 0.11648710072040558 0.29205607476635514
1077.4496581554413 0.12951287627220154 0.29205607476635514
1078.6179640293121 0.20424655079841614 0.29205607476635514
1079.788206577301 0.2757450044155121 0.29205607476635514
1080.9370894432068 0.2085971087217331 0.29205607476635514
1082.0886571407318 0.13843724131584167 0.29205607476635514
1083.236718416214 0.1740953028202057 0.29205607476635514
1084.400645017624 0.37703296542167664 0.29205607476635514
1085.5588471889496 0.3863346576690674 0.29205607476635514
1086.705076932907 0.08507009595632553 0.29205607476635514
1087.8721277713776 0.13816270232200623 0.29205607476635514
1089.032841682434 0.2445812225341797 0.29205607476635514
1090.1967098712921 0.09009356051683426 0.29205607476635514
1091.35840177536 0.3123122453689575 0.29205607476635514
1092.54034948349 0.320404589176178 0.29205607476635514
1093.6993815898895 0.14264796674251556 0.29205607476635514
1094.843989610672 0.6062054634094238 0.29205607476635514
1096.0065619945526 0.18179164826869965 0.29205607476635514
1097.1569130420685 0.3503878712654114 0.29205607476635514
1098.3060433864594 0.09208039939403534 0.29205607476635514
1099.4681568145752 0.2196318656206131 0.29205607476635514
1100.6329274177551 0.21448403596878052 0.29205607476635514
1101.7896692752838 0.09477053582668304 0.29205607476635514
1102.960193157196 0.09410054981708527 0.29205607476635514
1104.1342494487762 0.06626908481121063 0.29205607476635514
1105.287083864212 0.1653265506029129 0.29205607476635514
1106.4499394893646 0.06812889128923416 0.29205607476635514
1107.619773864746 0.33696454763412476 0.29205607476635514
1108.7882480621338 0.018824949860572815 0.29205607476635514
1109.961621761322 0.23139964044094086 0.29205607476635514
1111.120420217514 0.2605645954608917 0.29205607476635514
1112.271686553955 0.32440364360809326 0.29205607476635514
1113.4333214759827 0.31490588188171387 0.29205607476635514
1114.6189279556274 0.45837435126304626 0.29205607476635514
1115.791567325592 0.22353258728981018 0.29205607476635514
1116.976361989975 0.11161693930625916 0.29205607476635514
1118.1277995109558 0.1445968598127365 0.29205607476635514
1119.2728641033173 0.42314016819000244 0.29205607476635514
1120.4251761436462 0.05452124401926994 0.29205607476635514
1121.586375951767 0.30726945400238037 0.29205607476635514
1122.7547488212585 0.14829808473587036 0.29205607476635514
1123.916657924652 0.07284347712993622 0.29205607476635514
1125.0735864639282 0.3170605003833771 0.29205607476635514
1126.247719526291 0.26393571496009827 0.29205607476635514
1127.4322679042816 0.29369598627090454 0.29205607476635514
1128.635261774063 0.05468199402093887 0.29205607476635514
1129.790720462799 0.08416848629713058 0.29205607476635514
1130.960208415985 0.1245250254869461 0.29205607476635514
1132.1258919239044 0.32910311222076416 0.29205607476635514
1133.271716594696 0.0633128434419632 0.29205607476635514
1134.4287133216858 0.23540738224983215 0.29205607476635514
1135.586902141571 0.3846919536590576 0.29205607476635514
1136.7566132545471 0.2144506871700287 0.29205607476635514
1137.9419395923615 0.6295462846755981 0.29205607476635514
1139.1167631149292 0.5490453243255615 0.29205607476635514
1140.2985064983368 0.2599385976791382 0.29205607476635514
1141.4631407260895 0.12538225948810577 0.29205607476635514
1142.6237783432007 0.1887555718421936 0.29205607476635514
1143.7979273796082 0.06754651665687561 0.29205607476635514
1144.9601981639862 0.15475623309612274 0.29205607476635514
1146.1247012615204 0.1764858365058899 0.29205607476635514
1147.2911794185638 0.19009144604206085 0.29205607476635514
1148.4435729980469 0.29008397459983826 0.29205607476635514
1149.612449169159 0.07967482507228851 0.29205607476635514
1150.7761030197144 0.5308133959770203 0.29205607476635514
1151.9519574642181 0.11406892538070679 0.29205607476635514
1153.1107771396637 0.2717934548854828 0.29205607476635514
1154.2711703777313 0.10672542452812195 0.29205607476635514
1155.430830001831 0.5594781041145325 0.29205607476635514
1156.5765709877014 0.14363305270671844 0.29205607476635514
1157.733803987503 0.23786310851573944 0.29205607476635514
1158.9024353027344 0.20808735489845276 0.29205607476635514
1160.0737438201904 0.06499616801738739 0.29205607476635514
1161.2361588478088 0.08123061060905457 0.29205607476635514
1162.3963816165924 0.20241449773311615 0.29205607476635514
1163.5693266391754 0.10847695916891098 0.29205607476635514
1164.74729013443 0.033620256930589676 0.29205607476635514
1165.9276945590973 0.07725097239017487 0.29205607476635514
1167.0833685398102 0.08695545792579651 0.29205607476635514
1168.2458000183105 0.04186134412884712 0.29205607476635514
1169.4103639125824 0.29881009459495544 0.29205607476635514
1170.5657811164856 0.04684443026781082 0.29205607476635514
1171.727611064911 0.20871664583683014 0.29205607476635514
1172.9039940834045 0.08331014215946198 0.29205607476635514
1174.0686280727386 0.06477182358503342 0.29205607476635514
1175.4297189712524 0.04283050820231438 0.29205607476635514
1176.5914933681488 0.04513121396303177 0.29205607476635514
1177.7645835876465 0.11573393642902374 0.29205607476635514
1178.9248733520508 0.18797524273395538 0.29205607476635514
1180.0855932235718 0.0724586620926857 0.29205607476635514
1181.2541313171387 0.13509905338287354 0.29205607476635514
1182.415133714676 0.11836704611778259 0.29205607476635514
1183.5597217082977 0.09637759625911713 0.29205607476635514
1184.7275695800781 0.06423120945692062 0.29205607476635514
1185.8966434001923 0.18556909263134003 0.29205607476635514
1187.0520610809326 0.20406264066696167 0.29205607476635514
1188.2068855762482 0.23123446106910706 0.29205607476635514
1189.358285188675 0.2279389649629593 0.29205607476635514
1190.5209023952484 0.3723503351211548 0.29205607476635514
1191.6973361968994 0.4760800004005432 0.29205607476635514
1192.8395102024078 0.10233500599861145 0.29205607476635514
1193.9984557628632 0.08888975530862808 0.29205607476635514
1195.16890001297 0.15562346577644348 0.29205607476635514
1196.3399243354797 0.26029738783836365 0.29205607476635514
1197.5130133628845 0.06339629739522934 0.29205607476635514
1198.7167801856995 0.18024398386478424 0.29205607476635514
1199.9021792411804 0.4609663784503937 0.29205607476635514
1201.0818231105804 0.1210462674498558 0.29205607476635514
1202.2444477081299 0.2461622953414917 0.29205607476635514
1203.3935656547546 0.4362175464630127 0.29205607476635514
1204.5579340457916 0.15642088651657104 0.29205607476635514
1205.7157001495361 0.3713434636592865 0.29205607476635514
1206.8794512748718 0.1077621728181839 0.29205607476635514
1208.0332477092743 0.30679452419281006 0.29205607476635514
1209.1891021728516 0.039114054292440414 0.29205607476635514
1210.3615670204163 0.033179473131895065 0.29205607476635514
1211.525188446045 0.025747034698724747 0.29205607476635514
1212.6861608028412 0.12858550250530243 0.29205607476635514
1213.8485963344574 0.1070389598608017 0.29205607476635514
1215.023003578186 0.1562095284461975 0.29205607476635514
1216.1876604557037 0.0716918557882309 0.29205607476635514
1217.3605456352234 0.0707949697971344 0.29205607476635514
1218.5282084941864 0.4075024724006653 0.29205607476635514
1219.6920251846313 0.051157645881175995 0.29205607476635514
1220.8496072292328 0.03264901414513588 0.29205607476635514
1222.0281615257263 0.12764869630336761 0.29205607476635514
1223.1892285346985 0.1252240091562271 0.29205607476635514
1224.3593406677246 0.10578378289937973 0.29205607476635514
1225.521746635437 0.0937512218952179 0.29205607476635514
1226.6865012645721 0.07215563207864761 0.29205607476635514
1227.8401930332184 0.07360909134149551 0.29205607476635514
1229.0174131393433 0.030755665153265 0.29205607476635514
1230.1824028491974 0.23998335003852844 0.29205607476635514
1231.3574135303497 0.10297219455242157 0.29205607476635514
1232.526804447174 0.8287600874900818 0.29205607476635514
1233.6942636966705 0.411905974149704 0.29205607476635514
1234.857382774353 0.1866609752178192 0.29205607476635514
1236.0243084430695 0.34176620841026306 0.29205607476635514
1237.1771295070648 0.09173242002725601 0.29205607476635514
1238.3363490104675 0.03593577444553375 0.29205607476635514
1239.5052988529205 0.139550119638443 0.29205607476635514
1240.6731572151184 0.11434492468833923 0.29205607476635514
1241.8346467018127 0.30108970403671265 0.29205607476635514
1243.0444514751434 0.29261428117752075 0.29205607476635514
1244.225163936615 0.2276008427143097 0.29205607476635514
1245.3954243659973 0.17059513926506042 0.29205607476635514
1246.5630431175232 0.03421225771307945 0.29205607476635514
1247.731765985489 0.067270427942276 0.29205607476635514
1248.902837753296 0.1941232532262802 0.29205607476635514
1250.0622491836548 0.15439239144325256 0.29205607476635514
1251.2143771648407 0.15546125173568726 0.29205607476635514
1252.3678951263428 0.17981702089309692 0.29205607476635514
1253.52396774292 0.32091763615608215 0.29205607476635514
1254.68913936615 0.4977447986602783 0.29205607476635514
1255.8462009429932 0.030851274728775024 0.29205607476635514
1257.0130021572113 0.1066475436091423 0.29205607476635514
1258.174037694931 0.2329252064228058 0.29205607476635514
1259.33433675766 0.27095827460289 0.29205607476635514
1260.4909958839417 0.2151700109243393 0.29205607476635514
1261.643134355545 0.13073109090328217 0.29205607476635514
1262.8053579330444 0.3252594470977783 0.29205607476635514
1263.9591207504272 0.07213953137397766 0.29205607476635514
1265.1300325393677 0.27293622493743896 0.29205607476635514
1266.3034934997559 0.31564438343048096 0.29205607476635514
1267.4786903858185 0.08457335084676743 0.29205607476635514
1268.6447823047638 0.047684796154499054 0.29205607476635514
1269.804826259613 0.2954276204109192 0.29205607476635514
1270.9626457691193 0.07725922018289566 0.29205607476635514
1272.1194441318512 0.02456323429942131 0.29205607476635514
1273.287058353424 0.3217598497867584 0.29205607476635514
1274.4479794502258 0.14176690578460693 0.29205607476635514
1275.6144618988037 0.6685476899147034 0.29205607476635514
1276.786013841629 0.15638616681098938 0.29205607476635514
1277.9682593345642 0.09764524549245834 0.29205607476635514
1279.1445307731628 0.06572502851486206 0.29205607476635514
1280.310801744461 0.0491752065718174 0.29205607476635514
1281.4708347320557 0.09107071906328201 0.29205607476635514
1282.6493699550629 0.12371478974819183 0.29205607476635514
1283.8165955543518 0.06549299508333206 0.29205607476635514
1285.0015845298767 0.12775152921676636 0.29205607476635514
1286.1811685562134 0.09484991431236267 0.29205607476635514
1287.349529504776 0.05657034367322922 0.29205607476635514
1288.532324552536 0.08710098266601562 0.29205607476635514
1289.7240340709686 0.047397129237651825 0.29205607476635514
1290.895988702774 0.020198993384838104 0.29205607476635514
1292.058218717575 0.18323050439357758 0.29205607476635514
1293.216847896576 0.13651688396930695 0.29205607476635514
1294.3884971141815 0.08787452429533005 0.29205607476635514
1295.5510675907135 0.3234817385673523 0.29205607476635514
1296.6977541446686 0.07015590369701385 0.29205607476635514
1297.852787733078 0.13676384091377258 0.29205607476635514
1299.0068452358246 0.025860536843538284 0.29205607476635514
1300.1636543273926 0.08588726073503494 0.29205607476635514
1301.3163821697235 0.15044358372688293 0.29205607476635514
1302.4999673366547 0.14335918426513672 0.29205607476635514
1303.6677205562592 0.042319126427173615 0.29205607476635514
1304.8254520893097 0.24297863245010376 0.29205607476635514
1305.9842097759247 0.05375577136874199 0.29205607476635514
1307.1293618679047 0.1571110188961029 0.29205607476635514
1308.298947095871 0.02716325968503952 0.29205607476635514
1309.454182624817 0.05019421502947807 0.29205607476635514
1310.6127474308014 0.028838805854320526 0.29205607476635514
1311.7669098377228 0.3321951925754547 0.29205607476635514
1312.9341604709625 0.10502706468105316 0.29205607476635514
1314.092973947525 0.07508675009012222 0.29205607476635514
1315.2684016227722 0.11716123670339584 0.29205607476635514
1316.425894498825 0.057790596038103104 0.29205607476635514
1317.5793330669403 0.0376669242978096 0.29205607476635514
1318.7378656864166 0.21018913388252258 0.29205607476635514
1319.8626263141632 0.31025850772857666 0.29205607476635514
1321.0066752433777 0.09309468418359756 0.29205607476635514
1322.15207695961 0.08757733553647995 0.29205607476635514
1323.3130836486816 0.23025260865688324 0.29205607476635514
1324.4718964099884 0.17343378067016602 0.29205607476635514
1325.632733821869 0.19526079297065735 0.29205607476635514
1326.7990958690643 0.03116554394364357 0.29205607476635514
1327.9605927467346 0.16802369058132172 0.29205607476635514
1329.1141707897186 0.06628264486789703 0.29205607476635514
1330.2757859230042 0.018773330375552177 0.29205607476635514
1331.4370164871216 0.18394431471824646 0.29205607476635514
1332.614223241806 0.04884479567408562 0.29205607476635514
1333.7845287322998 0.0674365982413292 0.29205607476635514
1334.949820280075 0.12088394910097122 0.29205607476635514
1336.1035239696503 0.035336483269929886 0.29205607476635514
1337.2540662288666 0.32561731338500977 0.29205607476635514
1338.4530291557312 0.1476493924856186 0.29205607476635514
1339.6488461494446 0.056256722658872604 0.29205607476635514
1340.8199446201324 0.23621392250061035 0.29205607476635514
1341.9847548007965 0.1043521910905838 0.29205607476635514
1343.1459610462189 0.4734569191932678 0.29205607476635514
1344.3178741931915 0.17380507290363312 0.29205607476635514
1345.4903671741486 0.03473617881536484 0.29205607476635514
1346.6446228027344 0.056526318192481995 0.29205607476635514
1347.806116104126 0.062022335827350616 0.29205607476635514
1348.970385313034 0.11584790050983429 0.29205607476635514
1350.1297273635864 0.17370672523975372 0.29205607476635514
1351.2796649932861 0.05961597338318825 0.29205607476635514
1352.4227242469788 0.15384890139102936 0.29205607476635514
1353.5981919765472 0.43905109167099 0.29205607476635514
1354.7453639507294 0.2777567207813263 0.29205607476635514
1355.9090185165405 0.18283776938915253 0.29205607476635514
1357.0832569599152 0.1619286984205246 0.29205607476635514
1358.2609758377075 0.10002696514129639 0.29205607476635514
1359.4459631443024 0.0934751108288765 0.29205607476635514
1360.6228394508362 0.05752362683415413 0.29205607476635514
1361.7840456962585 0.025027405470609665 0.29205607476635514
1362.9625215530396 0.07561942934989929 0.29205607476635514
1364.1322305202484 0.1845589280128479 0.29205607476635514
1365.2895684242249 0.12860827147960663 0.29205607476635514
1366.4630086421967 0.24116741120815277 0.29205607476635514
1367.6448509693146 0.10699143260717392 0.29205607476635514
1368.8139321804047 0.07094167917966843 0.29205607476635514
1369.9736742973328 0.11873256415128708 0.29205607476635514
1371.1373031139374 0.06838082522153854 0.29205607476635514
1372.3193933963776 0.1265234500169754 0.29205607476635514
1373.4909563064575 0.2058577686548233 0.29205607476635514
1374.6605689525604 0.35319483280181885 0.29205607476635514
1375.8392531871796 0.03561639040708542 0.29205607476635514
1377.0162725448608 0.26136577129364014 0.29205607476635514
1378.1915621757507 0.1723010390996933 0.29205607476635514
1379.3650510311127 0.2494508922100067 0.29205607476635514
1380.545002937317 0.08489704132080078 0.29205607476635514
1381.7368700504303 0.08369004726409912 0.29205607476635514
1382.9117767810822 0.0350831113755703 0.29205607476635514
1384.0781042575836 0.05663574859499931 0.29205607476635514
1385.2483818531036 0.039995670318603516 0.29205607476635514
1386.4117045402527 0.16857700049877167 0.29205607476635514
1387.5902118682861 0.06902767717838287 0.29205607476635514
1388.7604351043701 0.023898353800177574 0.29205607476635514
1389.9219117164612 0.17438244819641113 0.29205607476635514
1391.1081330776215 0.295465886592865 0.29205607476635514
1392.3034148216248 0.19273598492145538 0.29205607476635514
1393.4924230575562 0.2611297070980072 0.29205607476635514
1394.6754779815674 0.15178164839744568 0.29205607476635514
1395.815450668335 0.07479462027549744 0.29205607476635514
1396.9700682163239 0.038956016302108765 0.29205607476635514
1398.1218848228455 0.1298363357782364 0.29205607476635514
1399.2946412563324 0.01915055885910988 0.29205607476635514
1400.4720268249512 0.1492452621459961 0.29205607476635514
1401.6375060081482 0.18786558508872986 0.29205607476635514
1402.800802230835 0.3230341970920563 0.29205607476635514
1403.9558401107788 0.2797084450721741 0.29205607476635514
1405.1308970451355 0.02252795547246933 0.29205607476635514
1406.3131959438324 0.14718778431415558 0.29205607476635514
1407.4751830101013 0.3963603973388672 0.29205607476635514
1408.644840478897 0.29318705201148987 0.29205607476635514
1409.8266804218292 0.37227845191955566 0.29205607476635514
1410.9972777366638 0.15784263610839844 0.29205607476635514
1412.15372300148 0.2665202021598816 0.29205607476635514
1413.32603931427 0.16250570118427277 0.29205607476635514
1414.4730095863342 0.21403199434280396 0.29205607476635514
1415.6327843666077 0.23448395729064941 0.29205607476635514
1416.7828373908997 0.14969833195209503 0.29205607476635514
1417.958685874939 0.19728116691112518 0.29205607476635514
1419.116738319397 0.11606469750404358 0.29205607476635514
1420.264226436615 0.04508049786090851 0.29205607476635514
1421.4096183776855 0.5022776126861572 0.29205607476635514
1422.575411081314 0.010987917892634869 0.29205607476635514
1423.7318603992462 0.18355564773082733 0.29205607476635514
1424.8900175094604 0.19269579648971558 0.29205607476635514
1426.0712974071503 0.0964948832988739 0.29205607476635514
1427.2517628669739 0.14711794257164001 0.29205607476635514
1428.4306757450104 0.2892598509788513 0.29205607476635514
1429.5874586105347 0.24813337624073029 0.29205607476635514
1430.7931666374207 0.22561031579971313 0.29205607476635514
1431.95454788208 0.02649061568081379 0.29205607476635514
1433.1280217170715 0.14090442657470703 0.29205607476635514
1434.2748594284058 0.28000715374946594 0.29205607476635514
1435.45867562294 0.03913084790110588 0.29205607476635514
1436.6172306537628 0.08582157641649246 0.29205607476635514
1437.7889795303345 0.08653721958398819 0.29205607476635514
1438.9544281959534 0.32552093267440796 0.29205607476635514
1440.1151669025421 0.12800578773021698 0.29205607476635514
1441.2835097312927 0.05725453048944473 0.29205607476635514
1442.4524631500244 0.043223366141319275 0.29205607476635514
1443.624971151352 0.22310833632946014 0.29205607476635514
1444.7819800376892 0.4010929763317108 0.29205607476635514
1445.9489679336548 0.06999234855175018 0.29205607476635514
1447.1329517364502 0.010484404861927032 0.29205607476635514
1448.3007125854492 0.4429149329662323 0.29205607476635514
1449.4625461101532 0.3606635332107544 0.29205607476635514
1450.621675491333 0.5820067524909973 0.29205607476635514
1451.7775666713715 0.5609700083732605 0.29205607476635514
1452.9437510967255 0.4056437313556671 0.29205607476635514
1454.1140520572662 0.11656460165977478 0.29205607476635514
1455.2910192012787 0.05356519669294357 0.29205607476635514
1456.478235244751 0.11550236493349075 0.29205607476635514
1457.6476321220398 0.8557046055793762 0.29205607476635514
1458.817051410675 0.10436331480741501 0.29205607476635514
1459.9849774837494 0.14220312237739563 0.29205607476635514
1461.1568095684052 0.1941068023443222 0.29205607476635514
1462.3258850574493 0.10165180265903473 0.29205607476635514
1463.4944891929626 0.12966488301753998 0.29205607476635514
1464.8509838581085 0.28543972969055176 0.29205607476635514
1466.0329115390778 0.18219846487045288 0.29205607476635514
1467.2213118076324 0.2559499740600586 0.29205607476635514
1468.402592420578 0.17168396711349487 0.29205607476635514
1469.5786335468292 0.21832239627838135 0.29205607476635514
1470.7414243221283 0.38068220019340515 0.29205607476635514
1471.9070432186127 0.0916178971529007 0.29205607476635514
1473.072905778885 0.10717764496803284 0.29205607476635514
1474.250881433487 0.2325136959552765 0.29205607476635514
1475.4180874824524 0.03895242512226105 0.29205607476635514
1476.573468208313 0.16957727074623108 0.29205607476635514
1477.7516667842865 0.07178687304258347 0.29205607476635514
1478.9239337444305 0.24183867871761322 0.29205607476635514
1480.0925765037537 0.12746649980545044 0.29205607476635514
1481.249204158783 0.014236846938729286 0.29205607476635514
1482.3989129066467 0.04968089237809181 0.29205607476635514
1483.556477546692 0.16485804319381714 0.29205607476635514
1484.7154092788696 0.12738725543022156 0.29205607476635514
1485.8696694374084 0.12461623549461365 0.29205607476635514
1487.0321862697601 0.06072647124528885 0.29205607476635514
1488.1931881904602 0.10569696873426437 0.29205607476635514
1489.3789250850677 0.040790922939777374 0.29205607476635514
1490.5795450210571 0.11998870968818665 0.29205607476635514
1491.7412378787994 0.27643129229545593 0.29205607476635514
1492.894677400589 0.21157051622867584 0.29205607476635514
1494.0476746559143 0.18004074692726135 0.29205607476635514
1495.193656206131 0.05230265110731125 0.29205607476635514
1496.3409559726715 0.26543623208999634 0.29205607476635514
1497.4987707138062 0.06754763424396515 0.29205607476635514
1498.671908378601 0.1372288018465042 0.29205607476635514
1499.8348348140717 0.03704984486103058 0.29205607476635514
1501.0186812877655 0.24873743951320648 0.29205607476635514
1502.1527934074402 0.0152073223143816 0.29205607476635514
1503.2982563972473 0.2589985728263855 0.29205607476635514
1504.450900554657 0.24598249793052673 0.29205607476635514
1505.6227722167969 0.06362061947584152 0.29205607476635514
1506.7876076698303 0.1368846744298935 0.29205607476635514
1507.9670102596283 0.22044795751571655 0.29205607476635514
1509.1468217372894 0.020696651190519333 0.29205607476635514
1510.314859867096 0.17768888175487518 0.29205607476635514
1511.4824981689453 0.16340753436088562 0.29205607476635514
1512.6496217250824 0.037886932492256165 0.29205607476635514
1513.8239016532898 0.04100339487195015 0.29205607476635514
1514.9899590015411 0.11153607070446014 0.29205607476635514
1516.1593759059906 0.2381875067949295 0.29205607476635514
1517.318972826004 0.24298949539661407 0.29205607476635514
1518.4993319511414 0.15008622407913208 0.29205607476635514
1519.6729385852814 0.12977267801761627 0.29205607476635514
1520.8537485599518 0.234210804104805 0.29205607476635514
1522.0084307193756 0.1577761173248291 0.29205607476635514
1523.1549007892609 0.03226885199546814 0.29205607476635514
1524.3112015724182 0.16451145708560944 0.29205607476635514
1525.477664232254 0.2050655335187912 0.29205607476635514
1526.640762090683 0.05170169845223427 0.29205607476635514
1527.812935590744 0.3274499475955963 0.29205607476635514
1528.9696443080902 0.09668976068496704 0.29205607476635514
1530.1369774341583 0.09133872389793396 0.29205607476635514
1531.3109848499298 0.4753956198692322 0.29205607476635514
1532.4808330535889 0.09892277419567108 0.29205607476635514
1533.6659543514252 0.2849879264831543 0.29205607476635514
1534.8231873512268 0.07629433274269104 0.29205607476635514
1535.9863381385803 0.2702386677265167 0.29205607476635514
1537.1456351280212 0.1752849668264389 0.29205607476635514
1538.3092575073242 0.033237285912036896 0.29205607476635514
1539.471277475357 0.11187580972909927 0.29205607476635514
1540.6345264911652 0.03531535714864731 0.29205607476635514
1541.796573638916 0.15941381454467773 0.29205607476635514
1542.9516971111298 0.06280318647623062 0.29205607476635514
1544.1084971427917 0.3040538430213928 0.29205607476635514
1545.2689571380615 0.004561467096209526 0.29205607476635514
1546.4319314956665 0.1724647432565689 0.29205607476635514
1547.5947139263153 0.2631646990776062 0.29205607476635514
1548.75257229805 0.19921375811100006 0.29205607476635514
1549.9067764282227 0.03127172961831093 0.29205607476635514
1551.0654163360596 0.2814728319644928 0.29205607476635514
1552.2249352931976 0.07932479679584503 0.29205607476635514
1553.392480134964 0.19577479362487793 0.29205607476635514
1554.5423974990845 0.20126426219940186 0.29205607476635514
1555.694561958313 0.3216553330421448 0.29205607476635514
1556.874663591385 0.06439534574747086 0.29205607476635514
1558.0461995601654 0.03492462635040283 0.29205607476635514
1559.2222344875336 0.07179178297519684 0.29205607476635514
1560.3927998542786 0.012066139839589596 0.29205607476635514
1561.567552804947 0.35838133096694946 0.29205607476635514
1562.740063905716 0.12202809005975723 0.29205607476635514
1563.904488325119 0.3476666808128357 0.29205607476635514
1565.0760207176208 0.08958800137042999 0.29205607476635514
1566.2328803539276 0.0817922055721283 0.29205607476635514
1567.4162323474884 0.15894676744937897 0.29205607476635514
1568.573427438736 0.04803834110498428 0.29205607476635514
1569.7494013309479 0.05790317803621292 0.29205607476635514
1570.9187548160553 0.10749320685863495 0.29205607476635514
1572.0797686576843 0.24635049700737 0.29205607476635514
1573.249259710312 0.12318427115678787 0.29205607476635514
1574.4191854000092 0.3656301498413086 0.29205607476635514
1575.5791521072388 0.5007098913192749 0.29205607476635514
1576.730946779251 0.12563417851924896 0.29205607476635514
1577.8866839408875 0.13075940310955048 0.29205607476635514
1579.048858165741 0.12645499408245087 0.29205607476635514
1580.2238693237305 0.02882465347647667 0.29205607476635514
1581.3895955085754 0.07072824239730835 0.29205607476635514
1582.5505278110504 0.151753768324852 0.29205607476635514
1583.6960999965668 0.06451050192117691 0.29205607476635514
1584.8358836174011 0.1886877864599228 0.29205607476635514
1585.985967874527 0.03149271011352539 0.29205607476635514
1587.1393702030182 0.5307459831237793 0.29205607476635514
1588.2803354263306 0.08767271786928177 0.29205607476635514
1589.4093749523163 0.3119533360004425 0.29205607476635514
1590.540773153305 0.1389961987733841 0.29205607476635514
1591.688942193985 0.5949342250823975 0.29205607476635514
1592.865508556366 0.1549656093120575 0.29205607476635514
1594.031509399414 0.13958902657032013 0.29205607476635514
1595.1777777671814 0.12245536595582962 0.29205607476635514
1596.3236351013184 0.1173660010099411 0.29205607476635514
1597.4705312252045 0.2029142677783966 0.29205607476635514
1598.6228020191193 0.09655191004276276 0.29205607476635514
1599.7816908359528 0.10679920017719269 0.29205607476635514
1600.9499959945679 0.016250774264335632 0.29205607476635514
1602.1043219566345 0.11023356765508652 0.29205607476635514
1603.2620649337769 0.058118365705013275 0.29205607476635514
1604.4148569107056 0.01644805446267128 0.29205607476635514
1605.582678079605 0.4943625330924988 0.29205607476635514
1606.7489120960236 0.031387150287628174 0.29205607476635514
1607.9028515815735 0.04859897866845131 0.29205607476635514
1609.06835770607 0.17675910890102386 0.29205607476635514
1610.4167625904083 0.07602252811193466 0.29205607476635514
1611.5683107376099 0.02485855296254158 0.29205607476635514
1612.7421672344208 0.04382508248090744 0.29205607476635514
1613.9116892814636 0.05440057814121246 0.29205607476635514
1615.065348625183 0.900876522064209 0.29205607476635514
1616.2336938381195 0.14391164481639862 0.29205607476635514
1617.4155850410461 0.0509444996714592 0.29205607476635514
1618.5952324867249 0.09035197645425797 0.29205607476635514
1619.7637009620667 0.07788973301649094 0.29205607476635514
1620.9192225933075 0.18124714493751526 0.29205607476635514
1622.1149988174438 0.1718820184469223 0.29205607476635514
1623.272652387619 0.2295624315738678 0.29205607476635514
1624.436442375183 0.15256603062152863 0.29205607476635514
1625.594430923462 0.13733437657356262 0.29205607476635514
1626.7511909008026 0.40813860297203064 0.29205607476635514
1627.9136519432068 0.31638556718826294 0.29205607476635514
1629.0874531269073 0.08598968386650085 0.29205607476635514
1630.2479946613312 0.07657051086425781 0.29205607476635514
1631.4130229949951 0.12011493742465973 0.29205607476635514
1632.582708120346 0.11785570532083511 0.29205607476635514
1633.7430293560028 0.027856066823005676 0.29205607476635514
1634.9141018390656 0.10968975722789764 0.29205607476635514
1636.07283949852 0.32257261872291565 0.29205607476635514
1637.2425785064697 0.056000966578722 0.29205607476635514
1638.4004826545715 0.24568206071853638 0.29205607476635514
1639.5547745227814 0.3987067639827728 0.29205607476635514
1640.7197749614716 0.17753109335899353 0.29205607476635514
1641.9032866954803 0.24438714981079102 0.29205607476635514
1643.0795378684998 0.09130259603261948 0.29205607476635514
1644.255381822586 0.2880495488643646 0.29205607476635514
1645.4332299232483 0.026746222749352455 0.29205607476635514
1646.6272451877594 0.02383146807551384 0.29205607476635514
1647.7887046337128 0.02732749469578266 0.29205607476635514
1648.9564201831818 0.14195279777050018 0.29205607476635514
1650.1211211681366 0.045150864869356155 0.29205607476635514
1651.2695107460022 0.24937978386878967 0.29205607476635514
1652.4194390773773 0.03328092023730278 0.29205607476635514
1653.58016872406 0.08003813028335571 0.29205607476635514
1654.7415778636932 0.2397044450044632 0.29205607476635514
1655.8957755565643 0.02094389870762825 0.29205607476635514
1657.0674057006836 0.02341287024319172 0.29205607476635514
1658.2489519119263 0.14261169731616974 0.29205607476635514
1659.4182443618774 0.17132657766342163 0.29205607476635514
1660.5921244621277 0.11112687736749649 0.29205607476635514
1661.757910490036 0.13410374522209167 0.29205607476635514
1662.926015138626 0.038692206144332886 0.29205607476635514
1664.1028656959534 0.05522358417510986 0.29205607476635514
1665.2636497020721 0.031162111088633537 0.29205607476635514
1666.4199876785278 0.11285840719938278 0.29205607476635514
1667.583267211914 0.08076588809490204 0.29205607476635514
1668.738109588623 0.5170080065727234 0.29205607476635514
1669.8966574668884 0.29438838362693787 0.29205607476635514
1671.0710933208466 0.15994702279567719 0.29205607476635514
1672.2338829040527 0.28502020239830017 0.29205607476635514
1673.3779203891754 0.08781681954860687 0.29205607476635514
1674.549020767212 0.07405227422714233 0.29205607476635514
1675.7228167057037 0.1176113486289978 0.29205607476635514
1676.9084932804108 0.12999477982521057 0.29205607476635514
1678.0916101932526 0.20589303970336914 0.29205607476635514
1679.278255224228 0.1272096037864685 0.29205607476635514
1680.443455696106 0.11528818309307098 0.29205607476635514
1681.6153228282928 0.2534264326095581 0.29205607476635514
1682.7809426784515 0.049387723207473755 0.29205607476635514
1683.9669823646545 0.0560760498046875 0.29205607476635514
1685.140897512436 0.2767525911331177 0.29205607476635514
1686.308209657669 0.170118510723114 0.29205607476635514
1687.4697992801666 0.11189351975917816 0.29205607476635514
1688.6287763118744 0.07187765836715698 0.29205607476635514
1689.7795572280884 0.15228427946567535 0.29205607476635514
1690.934418439865 0.3871123194694519 0.29205607476635514
1692.0937654972076 0.028161045163869858 0.29205607476635514
1693.2387228012085 0.05314759910106659 0.29205607476635514
1694.408567905426 0.09690035879611969 0.29205607476635514
1695.5791137218475 0.39414334297180176 0.29205607476635514
1696.7600419521332 0.2859129309654236 0.29205607476635514
1697.9159634113312 0.15723277628421783 0.29205607476635514
1699.0899307727814 0.28882819414138794 0.29205607476635514
1700.2495276927948 0.11268226057291031 0.29205607476635514
1701.4075772762299 0.22360843420028687 0.29205607476635514
1702.5623557567596 0.39176756143569946 0.29205607476635514
1703.7165248394012 0.08453220874071121 0.29205607476635514
1704.9083352088928 0.15695098042488098 0.29205607476635514
1706.0803213119507 0.18179044127464294 0.29205607476635514
1707.2408244609833 0.13185419142246246 0.29205607476635514
1708.4129111766815 0.08020675927400589 0.29205607476635514
1709.5689017772675 0.4131428897380829 0.29205607476635514
1710.7297687530518 0.11586148291826248 0.29205607476635514
1711.8887932300568 0.853423535823822 0.29205607476635514
1713.0474290847778 0.1839984953403473 0.29205607476635514
1714.1919004917145 0.09264841675758362 0.29205607476635514
1715.3475704193115 0.019233420491218567 0.29205607476635514
1716.501933336258 0.052652452141046524 0.29205607476635514
1717.6471796035767 0.06006580963730812 0.29205607476635514
1718.808235168457 0.09628763794898987 0.29205607476635514
1719.9787664413452 0.023287851363420486 0.29205607476635514
1721.146558046341 0.15606169402599335 0.29205607476635514
1722.308147907257 0.13505154848098755 0.29205607476635514
1723.460749387741 0.04891582578420639 0.29205607476635514
1724.6082899570465 0.1469092071056366 0.29205607476635514
1725.7585656642914 0.01260873768478632 0.29205607476635514
1726.909017086029 0.01831982657313347 0.29205607476635514
1728.0652868747711 0.14402203261852264 0.29205607476635514
1729.2186250686646 0.08744281530380249 0.29205607476635514
1730.37495803833 0.07724028080701828 0.29205607476635514
1731.5650823116302 0.1381877362728119 0.29205607476635514
1732.7454946041107 0.050081588327884674 0.29205607476635514
1733.9297614097595 0.032953809946775436 0.29205607476635514
1735.103996515274 0.017154403030872345 0.29205607476635514
1736.2703702449799 0.03494097292423248 0.29205607476635514
1737.435732126236 0.15296941995620728 0.29205607476635514
1738.614284992218 0.083245187997818 0.29205607476635514
1739.8003799915314 0.0715915784239769 0.29205607476635514
1740.9680759906769 0.15214677155017853 0.29205607476635514
1742.1492385864258 0.01343733910471201 0.29205607476635514
1743.336127281189 0.1581253856420517 0.29205607476635514
1744.507976770401 0.018923358991742134 0.29205607476635514
1745.6764426231384 0.12032702565193176 0.29205607476635514
1746.8471920490265 0.022123493254184723 0.29205607476635514
1748.0073347091675 0.2195950448513031 0.29205607476635514
1749.173691034317 0.04523693397641182 0.29205607476635514
1750.343698501587 0.09691016376018524 0.29205607476635514
1751.517821073532 0.08989989012479782 0.29205607476635514
1752.6844263076782 0.06179540604352951 0.29205607476635514
1753.8637137413025 0.03917698934674263 0.29205607476635514
1755.0430347919464 0.15635833144187927 0.29205607476635514
1756.1971940994263 0.25536710023880005 0.29205607476635514
1757.373204946518 0.020387396216392517 0.29205607476635514
1758.5314753055573 0.06307179480791092 0.29205607476635514
1759.6873490810394 0.1919582337141037 0.29205607476635514
1760.8458349704742 0.09142313152551651 0.29205607476635514
1762.0188434123993 0.1604168713092804 0.29205607476635514
1763.1903467178345 0.019442737102508545 0.29205607476635514
1764.3594710826874 0.17946100234985352 0.29205607476635514
1765.5248560905457 0.06505763530731201 0.29205607476635514
1766.6951575279236 0.04126916080713272 0.29205607476635514
1767.87157869339 0.12484630197286606 0.29205607476635514
1769.0556762218475 0.060519155114889145 0.29205607476635514
1770.2232327461243 0.32553771138191223 0.29205607476635514
1771.3847253322601 0.010667207650840282 0.29205607476635514
1772.5574071407318 0.08476395905017853 0.29205607476635514
1773.7250337600708 0.13868054747581482 0.29205607476635514
1774.8883368968964 0.08428600430488586 0.29205607476635514
1776.0549478530884 0.11375690996646881 0.29205607476635514
1777.2229552268982 0.15822210907936096 0.29205607476635514
1778.3851563930511 0.12649643421173096 0.29205607476635514
1779.556918144226 0.10970721393823624 0.29205607476635514
1780.713167667389 0.12383155524730682 0.29205607476635514
1781.8640940189362 0.05035527050495148 0.29205607476635514
1783.0352783203125 0.06424952298402786 0.29205607476635514
1784.198971748352 0.047249685972929 0.29205607476635514
1785.3582577705383 0.077630415558815 0.29205607476635514
1786.5166184902191 0.23807629942893982 0.29205607476635514
1787.6571717262268 0.04251398146152496 0.29205607476635514
1788.8176522254944 0.04999864846467972 0.29205607476635514
1789.9625344276428 0.17309708893299103 0.29205607476635514
1791.13175034523 0.0661267414689064 0.29205607476635514
1792.3288855552673 0.06575396656990051 0.29205607476635514
1793.4918355941772 0.16587775945663452 0.29205607476635514
1794.6518330574036 0.09242300689220428 0.29205607476635514
1795.8243520259857 0.02956544980406761 0.29205607476635514
1796.997502565384 0.07784489542245865 0.29205607476635514
1798.1633682250977 0.09991538524627686 0.29205607476635514
1799.3265714645386 0.08098870515823364 0.29205607476635514
1800.4831550121307 0.0495443269610405 0.29205607476635514
1801.659500837326 0.08136619627475739 0.29205607476635514
1802.8254253864288 0.2526838183403015 0.29205607476635514
1803.9824707508087 0.15988418459892273 0.29205607476635514
1805.1529033184052 0.05921477451920509 0.29205607476635514
1806.3254714012146 0.08609285950660706 0.29205607476635514
1807.5101685523987 0.04692342132329941 0.29205607476635514
1808.6733419895172 0.04325838387012482 0.29205607476635514
1809.8392088413239 0.11024700850248337 0.29205607476635514
1811.0311942100525 0.30166658759117126 0.29205607476635514
1812.1849040985107 0.026438314467668533 0.29205607476635514
1813.34321475029 0.2005148082971573 0.29205607476635514
1814.5036046504974 0.03486180305480957 0.29205607476635514
1815.674588918686 0.14818143844604492 0.29205607476635514
1816.8586769104004 0.03566654771566391 0.29205607476635514
1818.0190262794495 0.05704643949866295 0.29205607476635514
1819.1804504394531 0.015296200290322304 0.29205607476635514
1820.328589439392 0.04158443212509155 0.29205607476635514
1821.502063035965 0.017474748194217682 0.29205607476635514
1822.660033941269 0.11545377224683762 0.29205607476635514
1823.8374373912811 0.1991984248161316 0.29205607476635514
1824.9969980716705 0.028552807867527008 0.29205607476635514
1826.1602301597595 0.10089896619319916 0.29205607476635514
1827.3359110355377 0.12049755454063416 0.29205607476635514
1828.4912655353546 0.18163543939590454 0.29205607476635514
1829.6513917446136 0.21186193823814392 0.29205607476635514
1830.806456565857 0.267828106880188 0.29205607476635514
1831.9754774570465 0.09086223691701889 0.29205607476635514
1833.1405310630798 0.08640247583389282 0.29205607476635514
1834.3701527118683 0.030513903126120567 0.29205607476635514
1835.5648746490479 0.03785319626331329 0.29205607476635514
1836.7379581928253 0.18226251006126404 0.29205607476635514
1837.9249975681305 0.17182330787181854 0.29205607476635514
1839.0945959091187 0.16024744510650635 0.29205607476635514
1840.2626717090607 0.12246277928352356 0.29205607476635514
1841.4267840385437 0.013466130010783672 0.29205607476635514
1842.6001148223877 0.1931547224521637 0.29205607476635514
1843.7676117420197 0.3790677487850189 0.29205607476635514
1844.9377756118774 0.2865881621837616 0.29205607476635514
1846.1061902046204 0.13454799354076385 0.29205607476635514
1847.2937152385712 0.04803163558244705 0.29205607476635514
1848.4521811008453 0.10713689774274826 0.29205607476635514
1849.615490436554 0.04201192408800125 0.29205607476635514
1850.7899827957153 0.49627119302749634 0.29205607476635514
1851.9545698165894 0.08123588562011719 0.29205607476635514
1853.1321408748627 0.16225537657737732 0.29205607476635514
1854.2870128154755 0.26484689116477966 0.29205607476635514
1855.4529180526733 0.046645984053611755 0.29205607476635514
1856.6201479434967 0.12792211771011353 0.29205607476635514
1857.8119416236877 0.20535153150558472 0.29205607476635514
1858.9758257865906 0.004381733015179634 0.29205607476635514
1860.1336102485657 0.1121230274438858 0.29205607476635514
1861.2927367687225 0.15103746950626373 0.29205607476635514
1862.4588584899902 0.19434337317943573 0.29205607476635514
1863.6258146762848 0.21910297870635986 0.29205607476635514
1864.789983510971 0.2541031241416931 0.29205607476635514
1865.9560611248016 0.15507085621356964 0.29205607476635514
1867.1159312725067 0.2940169870853424 0.29205607476635514
1868.294142961502 0.037851084023714066 0.29205607476635514
1869.4912962913513 0.05789290741086006 0.29205607476635514
1870.6873650550842 0.2840997874736786 0.29205607476635514
1871.9002468585968 0.04962752386927605 0.29205607476635514
1873.053971529007 0.11226274818181992 0.29205607476635514
1874.2195925712585 0.05503728985786438 0.29205607476635514
1875.3946409225464 0.15475046634674072 0.29205607476635514
1876.5623097419739 0.12073569744825363 0.29205607476635514
1877.7263894081116 0.2616909444332123 0.29205607476635514
1878.8772740364075 0.411921888589859 0.29205607476635514
1880.0450937747955 0.09668871760368347 0.29205607476635514
1881.2152972221375 0.20465584099292755 0.29205607476635514
1882.4006457328796 0.17368602752685547 0.29205607476635514
1883.6076436042786 0.06040263548493385 0.29205607476635514
1884.7698764801025 0.23727676272392273 0.29205607476635514
1885.933048248291 0.10129726678133011 0.29205607476635514
1887.097130060196 0.6601296663284302 0.29205607476635514
1888.2678391933441 0.39022350311279297 0.29205607476635514
1889.4240193367004 0.21514779329299927 0.29205607476635514
1890.569836139679 0.21001268923282623 0.29205607476635514
1891.7311828136444 0.13473311066627502 0.29205607476635514
1892.8914864063263 0.19328096508979797 0.29205607476635514
1894.0424132347107 1.0360333919525146 0.29205607476635514
1895.2265305519104 0.16484549641609192 0.29205607476635514
1896.3908932209015 0.09597846865653992 0.29205607476635514
1897.5573587417603 0.1879192590713501 0.29205607476635514
1898.7116606235504 0.1758660078048706 0.29205607476635514
1900.0654532909393 0.21428264677524567 0.29205607476635514
