150.05298948287964 0.1372663527727127 0.9523888826370239 0.9523888826370239
300.7446138858795 0.322429895401001 0.4430493712425232 0.4430493712425232
450.3971748352051 0.6343457698822021 0.32334578037261963 0.32334578037261963
600.1809005737305 0.6343457698822021 0.30704838037490845 0.30704838037490845
750.733883857727 0.6343457698822021 0.25073525309562683 0.25073525309562683
901.0814187526703 0.6343457698822021 0.22536984086036682 0.22536984086036682
1050.648728609085 0.702102780342102 0.20828551054000854 0.20828551054000854
1200.3237793445587 0.702102780342102 0.1989915519952774 0.1989915519952774
1350.4480628967285 0.702102780342102 0.1989915519952774 0.21515679359436035
1500.0184938907623 0.702102780342102 0.1989915519952774 0.22064298391342163
1650.6691226959229 0.702102780342102 0.17896097898483276 0.17896097898483276
1801.1063108444214 0.9158878326416016 0.11653857678174973 0.11653857678174973
1950.3738949298859 0.9158878326416016 0.11653857678174973 0.13174141943454742
2100.686916589737 0.9158878326416016 0.11653857678174973 0.15887588262557983
2251.0798671245575 0.9158878326416016 0.11503337323665619 0.11503337323665619
2401.1245470046997 0.9158878326416016 0.11503337323665619 0.19337934255599976
2550.1340556144714 0.9158878326416016 0.11503337323665619 0.152562215924263
2700.4763581752777 0.9158878326416016 0.11503337323665619 0.12410267442464828
2850.7951147556305 0.9158878326416016 0.08215080946683884 0.08215080946683884
3000.4017708301544 0.9158878326416016 0.06215575337409973 0.06215575337409973
3150.878724336624 0.9158878326416016 0.04647979512810707 0.04647979512810707
3301.100734233856 0.9158878326416016 0.04647979512810707 0.06190004199743271
3450.323024749756 0.9158878326416016 0.04401141032576561 0.04401141032576561
3600.6118109226227 0.9158878326416016 0.03456036001443863 0.03456036001443863
3750.5443875789642 0.9158878326416016 0.03456036001443863 0.060854461044073105
3900.9456117153168 0.9433411359786987 0.03319422900676727 0.03319422900676727
4050.134279727936 0.9433411359786987 0.03319422900676727 0.03553101792931557
4200.114419221878 0.961448609828949 0.03319422900676727 0.037078168243169785
4350.30967092514 0.9748831987380981 0.027950862422585487 0.027950862422585487
4500.02888584137 0.9748831987380981 0.027950862422585487 0.06350567191839218
4650.629305124283 0.9748831987380981 0.027950862422585487 0.040967658162117004
4800.39434170723 0.9748831987380981 0.027950862422585487 0.0375504232943058
4950.9476227760315 0.9748831987380981 0.027950862422585487 0.02911553345620632
5100.380332708359 0.9748831987380981 0.021100662648677826 0.021100662648677826
5250.2316262722015 0.9748831987380981 0.01496887393295765 0.01496887393295765
5400.207479476929 0.9748831987380981 0.01496887393295765 0.01845812238752842
5550.804513931274 0.9778037667274475 0.009096221067011356 0.009096221067011356
5701.066120862961 0.9778037667274475 0.005912662949413061 0.005912662949413061
5850.471265554428 0.985397219657898 0.005912662949413061 0.006977442651987076
6000.396933555603 0.985397219657898 0.004465323407202959 0.004465323407202959
6150.513056278229 0.985397219657898 0.004465323407202959 0.009098400361835957
6300.370836734772 0.985397219657898 0.004465323407202959 0.007955190725624561
6450.122797727585 0.985397219657898 0.004465323407202959 0.006525860633701086
6600.357357263565 0.985397219657898 0.004465323407202959 0.004501102492213249
6750.592177391052 0.9865654110908508 0.0032393941655755043 0.0032393941655755043
6900.8690621852875 0.9865654110908508 0.0020848459098488092 0.0020848459098488092
7051.146795988083 0.9877336621284485 0.0014036517823114991 0.0014036517823114991
7200.182804584503 0.9877336621284485 0.0012508351355791092 0.0012508351355791092
