150.03594398498535 0.20794392523364486 1.626203179359436 1.626203179359436
300.0946218967438 0.2675233644859813 1.3982346057891846 1.3982346057891846
450.2514612674713 0.4602803738317757 1.2459248304367065 1.2459248304367065
600.0368995666504 0.758177570093458 1.138189435005188 1.138189435005188
750.3101556301117 0.764018691588785 1.0447609424591064 1.0447609424591064
900.2725040912628 0.7657710280373832 1.0256730318069458 1.0256730318069458
1050.3438625335693 0.7657710280373832 0.9815680980682373 0.9815680980682373
1200.3224453926086 0.7657710280373832 0.9532754421234131 0.9532754421234131
1350.008020401001 0.7657710280373832 0.9224528670310974 0.9224528670310974
1500.2364084720612 0.7657710280373832 0.9136404395103455 0.9136404395103455
1650.0760071277618 0.7657710280373832 0.8683969378471375 0.8683969378471375
1800.0397231578827 0.9164719626168224 0.8683969378471375 0.87106853723526
1950.3673939704895 0.9164719626168224 0.8523595333099365 0.8523595333099365
2100.321215867996 0.9164719626168224 0.8523595333099365 0.8575761914253235
2250.1958169937134 0.9164719626168224 0.8276053071022034 0.8276053071022034
2400.039014339447 0.9164719626168224 0.8165270686149597 0.8165270686149597
2550.2936317920685 0.9164719626168224 0.8103063702583313 0.8103063702583313
2700.369364976883 0.9164719626168224 0.8103063702583313 0.8211386203765869
2850.3344848155975 0.9164719626168224 0.8028843402862549 0.8028843402862549
3000.222380876541 0.9164719626168224 0.7985348105430603 0.7985348105430603
3150.123787164688 0.9164719626168224 0.7724151015281677 0.7724151015281677
3300.3361473083496 0.9164719626168224 0.7690775990486145 0.7690775990486145
3450.226369857788 0.9164719626168224 0.7623412609100342 0.7623412609100342
3600.0328962802887 0.9164719626168224 0.7498777508735657 0.7498777508735657
3750.363128423691 0.9164719626168224 0.7471718192100525 0.7471718192100525
3900.162276029587 0.9164719626168224 0.7471718192100525 0.752479612827301
4050.137049674988 0.9480140186915887 0.7471718192100525 0.7531265616416931
4200.117971897125 0.9480140186915887 0.7298271656036377 0.7298271656036377
4350.120495080948 0.9480140186915887 0.7298271656036377 0.7362207174301147
4500.302414655685 0.9480140186915887 0.7298271656036377 0.7343870401382446
4650.31053519249 0.9480140186915887 0.7238990664482117 0.7238990664482117
4800.185255765915 0.9480140186915887 0.7137751579284668 0.7137751579284668
4950.0822966098785 0.9480140186915887 0.7051118612289429 0.7051118612289429
5100.262462377548 0.9480140186915887 0.6949476003646851 0.6949476003646851
5250.027972698212 0.9480140186915887 0.6949476003646851 0.7025628089904785
5400.014818429947 0.951518691588785 0.6949476003646851 0.6951304078102112
5550.2457847595215 0.951518691588785 0.6949476003646851 0.6997471451759338
5700.262171506882 0.951518691588785 0.6481596231460571 0.6481596231460571
5850.293865442276 0.951518691588785 0.6252320408821106 0.6252320408821106
6000.229882478714 0.9620327102803738 0.6191315054893494 0.6191315054893494
6150.226004600525 0.9620327102803738 0.6191315054893494 0.6377200484275818
6300.071107387543 0.9632009345794392 0.6174395680427551 0.6174395680427551
6450.125729799271 0.9632009345794392 0.6174395680427551 0.6285482048988342
6600.242895126343 0.9655373831775701 0.6071136593818665 0.6071136593818665
6750.115135192871 0.9655373831775701 0.6065906882286072 0.6065906882286072
6900.086478948593 0.9690420560747663 0.5993179082870483 0.5993179082870483
7050.345964431763 0.9690420560747663 0.5871109962463379 0.5871109962463379
7200.304220199585 0.9690420560747663 0.5871109962463379 0.5983383655548096
