150.55005884170532 0.19684579439252337 1.8040412664413452 1.8040412664413452
300.60422587394714 0.19684579439252337 1.6334182024002075 1.6334182024002075
450.304728269577 0.6209112149532711 1.4789528846740723 1.4789528846740723
600.3681020736694 0.6209112149532711 1.419209361076355 1.419209361076355
750.3224279880524 0.6209112149532711 1.3196091651916504 1.3196091651916504
900.1828861236572 0.794392523364486 1.2751193046569824 1.2751193046569824
1050.0780909061432 0.794392523364486 1.2211591005325317 1.2211591005325317
1200.169329881668 0.8311915887850467 1.1576365232467651 1.1576365232467651
1350.1188762187958 0.8311915887850467 1.126514196395874 1.126514196395874
1500.4921169281006 0.8311915887850467 1.1044589281082153 1.1044589281082153
1650.5433423519135 0.8311915887850467 1.1032357215881348 1.1032357215881348
1800.6413731575012 0.8311915887850467 1.0762656927108765 1.0762656927108765
1950.426953792572 0.8311915887850467 1.0583387613296509 1.0583387613296509
2100.4138090610504 0.8557242990654206 1.0202970504760742 1.0202970504760742
2250.3086750507355 0.8557242990654206 1.0202970504760742 1.023107647895813
2400.4307975769043 0.8557242990654206 0.9891871809959412 0.9891871809959412
2550.6559007167816 0.8557242990654206 0.9891871809959412 0.9968443512916565
2700.409889936447 0.8557242990654206 0.9749556183815002 0.9749556183815002
2850.1225621700287 0.8557242990654206 0.9341467022895813 0.9341467022895813
3000.370194196701 0.8557242990654206 0.9341467022895813 0.9576557278633118
3150.0541157722473 0.8557242990654206 0.9341467022895813 0.960482656955719
3300.513973712921 0.8557242990654206 0.9341467022895813 0.9558255076408386
3450.110109806061 0.905373831775701 0.868039608001709 0.868039608001709
3600.4283900260925 0.9375 0.868039608001709 0.8707355856895447
3750.135554075241 0.9375 0.868039608001709 0.8730640411376953
3900.2493448257446 0.9375 0.846193253993988 0.846193253993988
4050.198965072632 0.9375 0.846193253993988 0.8562272787094116
4200.370875120163 0.9375 0.8291275501251221 0.8291275501251221
4350.142109155655 0.9375 0.8291275501251221 0.848103940486908
4500.545758008957 0.9375 0.817279577255249 0.817279577255249
4650.575750350952 0.9375 0.80776447057724 0.80776447057724
4800.185090303421 0.9375 0.80776447057724 0.8282517790794373
4950.043428897858 0.9375 0.80776447057724 0.8286939263343811
5100.131706237793 0.9468457943925234 0.8060286045074463 0.8060286045074463
5250.213471889496 0.9468457943925234 0.8060286045074463 0.8448703289031982
5400.56746840477 0.9468457943925234 0.8060286045074463 0.8171994090080261
5550.046181440353 0.9468457943925234 0.8060286045074463 0.8129886984825134
5700.041996002197 0.9544392523364486 0.7870113849639893 0.7870113849639893
5850.632246494293 0.9544392523364486 0.776039183139801 0.776039183139801
6000.445909738541 0.9544392523364486 0.7564347982406616 0.7564347982406616
6150.103003740311 0.9550233644859814 0.7564347982406616 0.7598932385444641
6300.561342954636 0.9550233644859814 0.7467957139015198 0.7467957139015198
6450.3349022865295 0.9550233644859814 0.7467957139015198 0.7546999454498291
6600.037202596664 0.9550233644859814 0.7374172210693359 0.7374172210693359
6750.096143960953 0.9550233644859814 0.7374172210693359 0.7449585795402527
6900.181555271149 0.9550233644859814 0.7323201298713684 0.7323201298713684
7050.5685505867 0.9550233644859814 0.7323201298713684 0.7616828680038452
7200.023478507996 0.9550233644859814 0.7323201298713684 0.7384174466133118
