150.92713141441345 0.1372663527727127 1.2466706037521362 1.2466706037521362
300.55082964897156 0.4824766218662262 0.6391010880470276 0.6391010880470276
450.25977206230164 0.4824766218662262 0.46949318051338196 0.46949318051338196
600.1774926185608 0.4824766218662262 0.3652198612689972 0.3652198612689972
750.3562183380127 0.4824766218662262 0.3315969407558441 0.3315969407558441
900.6855163574219 0.6839953064918518 0.276667982339859 0.276667982339859
1050.6342153549194 0.6839953064918518 0.23732468485832214 0.23732468485832214
1200.7797391414642 0.8913551568984985 0.23732468485832214 0.2399127334356308
1350.699675321579 0.8913551568984985 0.20078524947166443 0.20078524947166443
1500.8755750656128 0.8913551568984985 0.17555445432662964 0.17555445432662964
1650.5202782154083 0.8913551568984985 0.17555445432662964 0.22900031507015228
1800.9292812347412 0.8913551568984985 0.1592053771018982 0.1592053771018982
1951.0973072052002 0.8913551568984985 0.13492748141288757 0.13492748141288757
2101.149744749069 0.8913551568984985 0.13492748141288757 0.15231817960739136
2250.9177198410034 0.8913551568984985 0.12538205087184906 0.12538205087184906
2400.497236251831 0.8913551568984985 0.10865356773138046 0.10865356773138046
2550.4139297008514 0.8913551568984985 0.10865356773138046 0.12365308403968811
2700.3343720436096 0.8913551568984985 0.10699248313903809 0.10699248313903809
2850.6747994422913 0.8913551568984985 0.09125974774360657 0.09125974774360657
3000.0343549251556 0.9199766516685486 0.09125974774360657 0.12003802508115768
3150.297582387924 0.9199766516685486 0.09125974774360657 0.0915488749742508
3300.5101165771484 0.9199766516685486 0.061290986835956573 0.061290986835956573
3450.6785321235657 0.9199766516685486 0.061290986835956573 0.1117003858089447
3600.5216250419617 0.9199766516685486 0.061290986835956573 0.07477698475122452
3750.2104964256287 0.9199766516685486 0.061290986835956573 0.06847410649061203
3900.6055779457092 0.9199766516685486 0.05801985785365105 0.05801985785365105
4050.088394880295 0.9199766516685486 0.039926592260599136 0.039926592260599136
4200.35423541069 0.9462617039680481 0.027761781588196754 0.027761781588196754
4350.819842100143 0.9462617039680481 0.027761781588196754 0.03603120520710945
4500.510592222214 0.952102780342102 0.023086585104465485 0.023086585104465485
4650.918309926987 0.9678738117218018 0.018178660422563553 0.018178660422563553
4800.206114768982 0.9678738117218018 0.018178660422563553 0.022018419578671455
4950.781689405441 0.9678738117218018 0.016744447872042656 0.016744447872042656
5100.078830480576 0.9678738117218018 0.016744447872042656 0.020891312509775162
5250.37637758255 0.9678738117218018 0.016744447872042656 0.029048068448901176
5400.39607334137 0.9678738117218018 0.016744447872042656 0.02180858515202999
5550.043476104736 0.9795560836791992 0.010317366570234299 0.010317366570234299
5700.688551664352 0.9795560836791992 0.006668726913630962 0.006668726913630962
5850.153744459152 0.9795560836791992 0.005575854796916246 0.005575854796916246
6000.63158082962 0.9818925261497498 0.003820334328338504 0.003820334328338504
6151.010709762573 0.9818925261497498 0.0017454701010137796 0.0017454701010137796
6300.703306674957 0.9842289686203003 0.0017454701010137796 0.0020698977168649435
6450.661211967468 0.9842289686203003 0.0009157350286841393 0.0009157350286841393
6600.838546991348 0.9842289686203003 0.0005541872815228999 0.0005541872815228999
6750.6091940402985 0.985397219657898 0.0005541872815228999 0.0011526510352268815
6901.093388795853 0.985397219657898 0.0005541872815228999 0.0006039595464244485
7050.120024681091 0.9871495366096497 0.0003059428127016872 0.0003059428127016872
7200.892426967621 0.9871495366096497 0.0003059428127016872 0.0009362729033455253
