150.49464678764343 0.1822429895401001 1.3291475772857666 1.3291475772857666
300.92167377471924 0.22780373692512512 0.6765046119689941 0.6765046119689941
450.0696201324463 0.2762850522994995 0.5568175315856934 0.5568175315856934
600.9543182849884 0.2762850522994995 0.3873470723628998 0.3873470723628998
750.7272891998291 0.2762850522994995 0.3450501263141632 0.3450501263141632
901.2258694171906 0.2762850522994995 0.29085415601730347 0.29085415601730347
1051.3113923072815 0.8119158744812012 0.2615286111831665 0.2615286111831665
1200.2919714450836 0.8341121673583984 0.23396316170692444 0.23396316170692444
1350.9717388153076 0.8341121673583984 0.23396316170692444 0.23590491712093353
1500.832060098648 0.8341121673583984 0.23396316170692444 0.2692553997039795
1651.4544851779938 0.8341121673583984 0.20953617990016937 0.20953617990016937
1800.3835644721985 0.9042056202888489 0.18579597771167755 0.18579597771167755
1950.0103561878204 0.9193925261497498 0.1751934289932251 0.1751934289932251
2100.2125160694122 0.9193925261497498 0.17213742434978485 0.17213742434978485
2251.347508907318 0.9193925261497498 0.1500379741191864 0.1500379741191864
2401.016525745392 0.9193925261497498 0.14533063769340515 0.14533063769340515
2550.785331249237 0.9193925261497498 0.1434265673160553 0.1434265673160553
2701.0868866443634 0.9193925261497498 0.14037726819515228 0.14037726819515228
2850.614175796509 0.9193925261497498 0.13381850719451904 0.13381850719451904
3000.1578850746155 0.9193925261497498 0.12841293215751648 0.12841293215751648
3150.1028006076813 0.9357476830482483 0.12841293215751648 0.13568156957626343
3301.0905435085297 0.9357476830482483 0.1140579804778099 0.1140579804778099
3451.46342921257 0.9637850522994995 0.0879247784614563 0.0879247784614563
3601.2774164676666 0.9637850522994995 0.0879247784614563 0.1024702861905098
3750.8648986816406 0.9637850522994995 0.0879247784614563 0.09532544761896133
3901.2922570705414 0.9637850522994995 0.0879247784614563 0.10451234132051468
4051.248930454254 0.9637850522994995 0.05907314643263817 0.05907314643263817
4201.387072086334 0.9637850522994995 0.05907314643263817 0.06862848997116089
4350.492978096008 0.9637850522994995 0.051997002214193344 0.051997002214193344
4501.300502538681 0.9637850522994995 0.051894742995500565 0.051894742995500565
4650.195636749268 0.9637850522994995 0.04136558622121811 0.04136558622121811
4800.37114238739 0.9637850522994995 0.04136558622121811 0.04622124880552292
4951.200825452805 0.9637850522994995 0.03988891467452049 0.03988891467452049
5101.229200363159 0.9637850522994995 0.027109595015645027 0.027109595015645027
5250.605929613113 0.9637850522994995 0.027109595015645027 0.03404831886291504
5400.335826635361 0.9637850522994995 0.027109595015645027 0.05636351928114891
5550.46088886261 0.9637850522994995 0.027109595015645027 0.03929271548986435
5701.291705131531 0.9725467562675476 0.02457566373050213 0.02457566373050213
5850.324878454208 0.9725467562675476 0.022207681089639664 0.022207681089639664
6001.17306470871 0.9754672646522522 0.022207681089639664 0.02295018918812275
6150.395747900009 0.9778037667274475 0.014185965992510319 0.014185965992510319
6300.474308013916 0.9778037667274475 0.011805310845375061 0.011805310845375061
6451.398550987244 0.9778037667274475 0.008632555603981018 0.008632555603981018
6600.095246315002 0.9795560836791992 0.008632555603981018 0.009738173335790634
6750.552795648575 0.9795560836791992 0.005236621480435133 0.005236621480435133
6900.8503205776215 0.9795560836791992 0.004402536898851395 0.004402536898851395
7050.060963392258 0.985397219657898 0.004402536898851395 0.004575982689857483
7201.630367040634 0.985397219657898 0.004402536898851395 0.004677470773458481
