152.61060452461243 0.1372663527727127 1.6852798461914062 1.6852798461914062
302.3932931423187 0.1822429895401001 1.4603554010391235 1.4603554010391235
450.0752625465393 0.1857476681470871 1.1476165056228638 1.1476165056228638
600.4522953033447 0.1857476681470871 0.8313093781471252 0.8313093781471252
752.5591995716095 0.1857476681470871 0.6314148306846619 0.6314148306846619
901.9872760772705 0.5443925261497498 0.6119071841239929 0.6119071841239929
1050.9403264522552 0.7891355156898499 0.5076782703399658 0.5076782703399658
1202.0266568660736 0.7955607771873474 0.47962087392807007 0.47962087392807007
1351.0328884124756 0.7955607771873474 0.386914998292923 0.386914998292923
1500.0608417987823 0.7955607771873474 0.37568002939224243 0.37568002939224243
1651.1008100509644 0.7955607771873474 0.37568002939224243 0.5039656162261963
1801.8661043643951 0.7955607771873474 0.37568002939224243 0.42748355865478516
1951.4941465854645 0.8241822719573975 0.37568002939224243 0.422969788312912
2101.221752643585 0.8241822719573975 0.29786086082458496 0.29786086082458496
2251.389118909836 0.917640209197998 0.29786086082458496 0.33711808919906616
2401.467613697052 0.917640209197998 0.29786086082458496 0.36574968695640564
2550.5979635715485 0.917640209197998 0.29786086082458496 0.4372815489768982
2702.0729818344116 0.952102780342102 0.22090663015842438 0.22090663015842438
2850.4261004924774 0.952102780342102 0.20908184349536896 0.20908184349536896
3002.4070847034454 0.9567757248878479 0.20904481410980225 0.20904481410980225
3151.750685930252 0.9567757248878479 0.1586039811372757 0.1586039811372757
3300.3071258068085 0.9567757248878479 0.1586039811372757 0.16703543066978455
3450.456195831299 0.9567757248878479 0.1586039811372757 0.17127498984336853
3600.6083409786224 0.9567757248878479 0.1586039811372757 0.17053712904453278
3750.2410218715668 0.9620327353477478 0.14857815206050873 0.14857815206050873
3902.5235192775726 0.9620327353477478 0.1378221958875656 0.1378221958875656
4052.49250459671 0.9620327353477478 0.1378221958875656 0.14015811681747437
4202.294451475143 0.9620327353477478 0.09658579528331757 0.09658579528331757
4350.147532224655 0.9620327353477478 0.09658579528331757 0.14326217770576477
4500.037104606628 0.9620327353477478 0.09420256316661835 0.09420256316661835
4652.8587992191315 0.9620327353477478 0.09420256316661835 0.12547476589679718
4802.113909244537 0.9620327353477478 0.09420256316661835 0.10279057174921036
4950.161509275436 0.9620327353477478 0.09420256316661835 0.14706014096736908
5102.024546384811 0.9655373692512512 0.09420256316661835 0.11571679264307022
5252.852193117142 0.9655373692512512 0.09420256316661835 0.1017303317785263
5400.004202365875 0.9655373692512512 0.09420256316661835 0.09990601986646652
5550.232562541962 0.9678738117218018 0.08941632509231567 0.08941632509231567
5702.264475107193 0.9707943797111511 0.08846984058618546 0.08846984058618546
5852.461338758469 0.9707943797111511 0.07427452504634857 0.07427452504634857
6000.717031002045 0.9707943797111511 0.07427452504634857 0.08887513726949692
6150.027288198471 0.9707943797111511 0.059548698365688324 0.059548698365688324
6300.098719120026 0.9707943797111511 0.059548698365688324 0.08133378624916077
6452.526247739792 0.9707943797111511 0.059548698365688324 0.07139983773231506
6602.5675365924835 0.9707943797111511 0.059548698365688324 0.0852549821138382
6751.582791805267 0.9707943797111511 0.059548698365688324 0.0681496262550354
6902.511274576187 0.9707943797111511 0.059548698365688324 0.0712641030550003
7051.7550637722015 0.9707943797111511 0.059548698365688324 0.06588951498270035
7202.073630809784 0.9707943797111511 0.059548698365688324 0.0650222897529602
