150.3275511264801 0.1372663527727127 0.9886775612831116 0.9886775612831116
300.4182734489441 0.1372663527727127 0.48766762018203735 0.48766762018203735
450.0321304798126 0.759929895401001 0.3775516748428345 0.3775516748428345
600.5432870388031 0.759929895401001 0.2603929042816162 0.2603929042816162
750.1004526615143 0.8621495366096497 0.17491723597049713 0.17491723597049713
900.2126135826111 0.9112149477005005 0.1496400386095047 0.1496400386095047
1050.3286020755768 0.9112149477005005 0.13196098804473877 0.13196098804473877
1200.5035390853882 0.9112149477005005 0.10640726238489151 0.10640726238489151
1350.4962615966797 0.9450934529304504 0.08167032152414322 0.08167032152414322
1500.071837902069 0.9450934529304504 0.08167032152414322 0.09366259723901749
1650.211104631424 0.9450934529304504 0.06317614763975143 0.06317614763975143
1800.5013716220856 0.9450934529304504 0.06317614763975143 0.07118280977010727
1950.2415385246277 0.9450934529304504 0.06303836405277252 0.06303836405277252
2100.438103199005 0.9450934529304504 0.06303836405277252 0.07305798679590225
2250.4836723804474 0.9450934529304504 0.06303836405277252 0.06445803493261337
2400.2933764457703 0.9450934529304504 0.04962403327226639 0.04962403327226639
2550.3215415477753 0.9450934529304504 0.04238218441605568 0.04238218441605568
2700.5596101284027 0.9526869058609009 0.03993716835975647 0.03993716835975647
2850.580371618271 0.9526869058609009 0.03993716835975647 0.05034599080681801
3000.4645142555237 0.9608644843101501 0.03993716835975647 0.04064418002963066
3150.5612025260925 0.9608644843101501 0.029448391869664192 0.029448391869664192
3300.562591791153 0.9608644843101501 0.029448391869664192 0.038741059601306915
3450.3596065044403 0.9608644843101501 0.029448391869664192 0.03465063497424126
3600.5455441474915 0.9608644843101501 0.029448391869664192 0.04911741614341736
3750.123966693878 0.9818925261497498 0.011602381244301796 0.011602381244301796
3900.2729222774506 0.9818925261497498 0.0037354803644120693 0.0037354803644120693
4050.225385904312 0.985397219657898 0.0009159941109828651 0.0009159941109828651
4200.247393608093 0.985397219657898 0.00045115654938854277 0.00045115654938854277
4350.047243833542 0.985397219657898 0.00024067587219178677 0.00024067587219178677
4500.317670345306 0.985981285572052 0.00016849841631483287 0.00016849841631483287
4650.472985267639 0.985981285572052 0.00014600192662328482 0.00014600192662328482
4800.237129688263 0.985981285572052 0.0001255017559742555 0.0001255017559742555
4950.123042583466 0.985981285572052 0.00010043008660431951 0.00010043008660431951
5100.0493013858795 0.985981285572052 9.0905545221176e-05 9.0905545221176e-05
5250.046725273132 0.985981285572052 8.098172838799655e-05 8.098172838799655e-05
5400.252981185913 0.985981285572052 6.571346602868289e-05 6.571346602868289e-05
5550.511920452118 0.985981285572052 5.9778558352263644e-05 5.9778558352263644e-05
5700.3365705013275 0.985981285572052 5.4356329201254994e-05 5.4356329201254994e-05
5850.352508068085 0.985981285572052 4.387207081890665e-05 4.387207081890665e-05
6000.199305772781 0.985981285572052 4.0590002754470333e-05 4.0590002754470333e-05
6150.010724306107 0.985981285572052 3.734950223588385e-05 3.734950223588385e-05
6300.238016366959 0.985981285572052 2.970114837808069e-05 2.970114837808069e-05
6450.027609825134 0.985981285572052 2.795179170789197e-05 2.795179170789197e-05
6600.02162861824 0.985981285572052 2.53942944254959e-05 2.53942944254959e-05
6750.162756443024 0.985981285572052 2.0526133084786125e-05 2.0526133084786125e-05
6900.474982261658 0.985981285572052 1.91883955267258e-05 1.91883955267258e-05
7050.1335508823395 0.985981285572052 1.7280461179325357e-05 1.7280461179325357e-05
7200.432706356049 0.985981285572052 1.396508923789952e-05 1.396508923789952e-05
