150.55486416816711 0.1372663527727127 1.255305528640747 1.255305528640747
300.0461344718933 0.8720794320106506 0.3901265859603882 0.3901265859603882
450.12010622024536 0.8720794320106506 0.2700050175189972 0.2700050175189972
600.233969449997 0.8720794320106506 0.21076571941375732 0.21076571941375732
750.4494073390961 0.8720794320106506 0.15852075815200806 0.15852075815200806
900.3405318260193 0.8720794320106506 0.14038090407848358 0.14038090407848358
1050.3427937030792 0.9339953064918518 0.1189710944890976 0.1189710944890976
1200.4581272602081 0.9339953064918518 0.11264833062887192 0.11264833062887192
1350.0087654590607 0.9339953064918518 0.08837141841650009 0.08837141841650009
1500.520878314972 0.9339953064918518 0.08210115134716034 0.08210115134716034
1650.0731749534607 0.9339953064918518 0.08210115134716034 0.09164383262395859
1800.461894273758 0.9339953064918518 0.08210115134716034 0.09088298678398132
1950.5554666519165 0.9468457698822021 0.06157444044947624 0.06157444044947624
2100.51047539711 0.9468457698822021 0.06157444044947624 0.06391151994466782
2250.1711597442627 0.9468457698822021 0.06157444044947624 0.06703808158636093
2400.5648970603943 0.9468457698822021 0.06157444044947624 0.06759066879749298
2550.4713683128357 0.9672897458076477 0.04047529026865959 0.04047529026865959
2700.0686585903168 0.9672897458076477 0.0181709136813879 0.0181709136813879
2850.573471069336 0.9818925261497498 0.005071528255939484 0.005071528255939484
3000.5036883354187 0.9818925261497498 0.0020472765900194645 0.0020472765900194645
3150.4979796409607 0.9818925261497498 0.0007142538670450449 0.0007142538670450449
3300.3442182540894 0.9818925261497498 0.00037544287624768913 0.00037544287624768913
3450.420125722885 0.9818925261497498 0.00027524444158189 0.00027524444158189
3600.4726338386536 0.9818925261497498 0.0002373149327468127 0.0002373149327468127
3750.02973484993 0.9818925261497498 0.0001833755086408928 0.0001833755086408928
3900.0731184482574 0.9818925261497498 0.00015648049884475768 0.00015648049884475768
4050.4821162223816 0.9818925261497498 0.00013748736819252372 0.00013748736819252372
4200.047142505646 0.9818925261497498 0.00011243714106967673 0.00011243714106967673
4350.279753684998 0.9818925261497498 0.00010347787610953674 0.00010347787610953674
4500.1878180503845 0.9818925261497498 8.850369340507314e-05 8.850369340507314e-05
4650.291086435318 0.9818925261497498 7.540827209595591e-05 7.540827209595591e-05
4800.524339437485 0.9818925261497498 6.741522520314902e-05 6.741522520314902e-05
4950.4888026714325 0.9818925261497498 5.7822384405881166e-05 5.7822384405881166e-05
5100.428939819336 0.9818925261497498 5.056924783275463e-05 5.056924783275463e-05
5250.220501899719 0.9818925261497498 4.626120789907873e-05 4.626120789907873e-05
5400.207527399063 0.9818925261497498 3.953088526031934e-05 3.953088526031934e-05
5550.116863489151 0.9818925261497498 3.4956854506162927e-05 3.4956854506162927e-05
5700.390379667282 0.9818925261497498 3.0799048545304686e-05 3.0799048545304686e-05
5850.070449113846 0.9818925261497498 2.6632193112163804e-05 2.6632193112163804e-05
6000.055780410767 0.9818925261497498 2.4612951165181585e-05 2.4612951165181585e-05
6150.484364271164 0.9818925261497498 2.1323721739463508e-05 2.1323721739463508e-05
6300.579539775848 0.9818925261497498 1.860999509517569e-05 1.860999509517569e-05
6450.303996324539 0.9818925261497498 1.652429455134552e-05 1.652429455134552e-05
6600.308705806732 0.9818925261497498 1.4502888916467782e-05 1.4502888916467782e-05
6750.5548305511475 0.9818925261497498 1.2845421224483289e-05 1.2845421224483289e-05
6900.433678865433 0.9818925261497498 1.1459213965281378e-05 1.1459213965281378e-05
7050.487872600555 0.9818925261497498 1.0071702490677126e-05 1.0071702490677126e-05
7200.404496431351 0.9818925261497498 8.86193538462976e-06 8.86193538462976e-06
