150.72825002670288 0.1372663527727127 1.5193517208099365 1.5193517208099365
300.39400839805603 0.5917056202888489 0.7237896919250488 0.7237896919250488
450.8252041339874 0.7418224215507507 0.44638127088546753 0.44638127088546753
600.5585844516754 0.8627336621284485 0.38818928599357605 0.38818928599357605
750.594482421875 0.898948609828949 0.339417964220047 0.339417964220047
900.6458761692047 0.898948609828949 0.2886695861816406 0.2886695861816406
1050.920066356659 0.898948609828949 0.2515629827976227 0.2515629827976227
1201.076134443283 0.898948609828949 0.23059579730033875 0.23059579730033875
1350.1325335502625 0.898948609828949 0.18929089605808258 0.18929089605808258
1500.4320149421692 0.898948609828949 0.18666376173496246 0.18666376173496246
1650.4526286125183 0.898948609828949 0.1687891036272049 0.1687891036272049
1800.5983805656433 0.898948609828949 0.1458025872707367 0.1458025872707367
1950.9602794647217 0.898948609828949 0.13624611496925354 0.13624611496925354
2100.9212024211884 0.898948609828949 0.13361237943172455 0.13361237943172455
2251.030768632889 0.9357476830482483 0.12002131342887878 0.12002131342887878
2400.983868122101 0.9410046935081482 0.11922696232795715 0.11922696232795715
2550.770709514618 0.9410046935081482 0.10941161960363388 0.10941161960363388
2700.4762241840363 0.9445093274116516 0.09016361832618713 0.09016361832618713
2850.859940290451 0.9445093274116516 0.07600916922092438 0.07600916922092438
3000.5145149230957 0.9445093274116516 0.07600916922092438 0.08223003149032593
3150.536355495453 0.9445093274116516 0.07600916922092438 0.09116151928901672
3300.869742155075 0.9445093274116516 0.07600916922092438 0.09587547928094864
3450.4954917430878 0.9702102541923523 0.06893786787986755 0.06893786787986755
3601.0300586223602 0.9742990732192993 0.04116247221827507 0.04116247221827507
3750.492586374283 0.9742990732192993 0.028609957545995712 0.028609957545995712
3900.7139852046967 0.9742990732192993 0.014810221269726753 0.014810221269726753
4050.7130098342896 0.9824766516685486 0.008497473783791065 0.008497473783791065
4200.123612642288 0.9824766516685486 0.004631510470062494 0.004631510470062494
4350.966289997101 0.9824766516685486 0.0028003407642245293 0.0028003407642245293
4500.18236041069 0.9824766516685486 0.00117971608415246 0.00117971608415246
4650.653530597687 0.9824766516685486 0.0008969975751824677 0.0008969975751824677
4800.929004192352 0.9824766516685486 0.0006262431852519512 0.0006262431852519512
4950.475594758987 0.9824766516685486 0.000461309653474018 0.000461309653474018
5100.768400192261 0.9824766516685486 0.0004432939749676734 0.0004432939749676734
5250.389043331146 0.9824766516685486 0.0003457302809692919 0.0003457302809692919
5400.4216158390045 0.9824766516685486 0.00031183575629256666 0.00031183575629256666
5550.181426763535 0.9824766516685486 0.0002947379252873361 0.0002947379252873361
5700.966166973114 0.9824766516685486 0.00023978040553629398 0.00023978040553629398
5850.356462240219 0.9824766516685486 0.00023436042829416692 0.00023436042829416692
6001.033851146698 0.9824766516685486 0.00021060797735117376 0.00021060797735117376
6150.089048862457 0.9824766516685486 0.0001816582662286237 0.0001816582662286237
6300.5063281059265 0.9824766516685486 0.00017710054817143828 0.00017710054817143828
6451.0300035476685 0.9824766516685486 0.00015700959193054587 0.00015700959193054587
6600.515347480774 0.9824766516685486 0.00014172709779813886 0.00014172709779813886
6750.445071697235 0.9824766516685486 0.00013801742170471698 0.00013801742170471698
6900.699041128159 0.9824766516685486 0.00011617889686021954 0.00011617889686021954
7050.014335870743 0.9824766516685486 0.00011437830107752234 0.00011437830107752234
7200.279995441437 0.9824766516685486 0.00010696832032408565 0.00010696832032408565
