8.064230680465698 2.3416829109191895 0
9.336720705032349 2.2450010776519775 0
10.615160942077637 2.1388325691223145 0
11.923741817474365 2.118618965148926 0
13.218305349349976 2.1986050605773926 0
14.50112271308899 2.1163594722747803 0
15.78577446937561 2.2424044609069824 0
17.071033239364624 2.0557310581207275 0
18.352866411209106 2.409320831298828 0
19.630584478378296 2.2618093490600586 0
20.907748222351074 2.272857189178467 0
22.19586491584778 2.1056363582611084 0
23.495057106018066 2.241123676300049 0
24.783274173736572 2.200014352798462 0
26.060011863708496 2.175304889678955 0
27.331939220428467 2.185929775238037 0
28.60365605354309 2.2986156940460205 0
29.867432355880737 2.1896777153015137 0
31.151899337768555 2.085554838180542 0
32.42352914810181 2.177823781967163 0
33.705296993255615 2.0878710746765137 0
34.98896551132202 2.1384642124176025 0
36.279325008392334 2.2538132667541504 0
37.578516244888306 2.1653144359588623 0
38.85446119308472 2.2194747924804688 0
40.13433790206909 2.032743453979492 0
41.414634227752686 2.2272210121154785 0
42.6796658039093 2.0451927185058594 0
43.922253131866455 2.232264280319214 0
45.17604422569275 2.11551570892334 0
46.43914794921875 2.0784332752227783 0
47.70607662200928 2.154442310333252 0
48.976507902145386 2.26263427734375 0
50.253092527389526 2.076181411743164 0
51.51541495323181 2.0321571826934814 0
52.78349542617798 2.0042052268981934 0
54.052727937698364 2.294538974761963 0
55.334022760391235 2.2884745597839355 0
56.59379506111145 2.0340709686279297 0
57.86229133605957 2.356569290161133 0
59.131102323532104 2.100572109222412 0
60.40438890457153 2.1843619346618652 0
61.66763997077942 2.215756893157959 0
63.11472678184509 2.0924384593963623 0
64.38453102111816 2.0793838500976562 0
65.66396594047546 2.3723244667053223 0
66.93526411056519 2.0386605262756348 0
68.20941805839539 2.141115665435791 0
69.48279213905334 2.1745901107788086 0
70.75399923324585 2.269479751586914 0
72.04298734664917 2.2304277420043945 0
73.36070966720581 2.295351505279541 0
74.62598419189453 2.1961636543273926 0
75.89230442047119 2.041154384613037 0
77.16252493858337 2.265970230102539 0
78.41970777511597 2.3737545013427734 0
79.68602204322815 2.1728925704956055 0
80.93893051147461 2.1174557209014893 0
82.2059051990509 2.2184863090515137 0
83.47266793251038 2.299699068069458 0
84.74012351036072 2.192793846130371 0
86.02383375167847 2.2194840908050537 0
87.29446005821228 2.2110846042633057 0
88.56647801399231 2.1777989864349365 0
89.8363881111145 2.1798787117004395 0
91.1088707447052 2.3707480430603027 0
92.37702012062073 2.1928000450134277 0
93.64439392089844 2.22475004196167 0
94.90532207489014 2.2158076763153076 0
96.1755108833313 2.2091879844665527 0
97.46450901031494 2.068305253982544 0
98.74125218391418 2.22220516204834 0
100.01927495002747 2.2236993312835693 0
101.29834389686584 2.158250331878662 0
102.56019306182861 2.140306234359741 0
103.8283429145813 2.161545753479004 0
105.09195804595947 2.0804481506347656 0
106.35261344909668 2.1361072063446045 0
107.61519622802734 2.316593885421753 0
108.89724612236023 2.1568408012390137 0
110.17170143127441 2.3088042736053467 0
111.4263174533844 2.17675518989563 0
112.67915916442871 2.2845826148986816 0
113.94441723823547 2.2108917236328125 0
115.21212220191956 2.1938910484313965 0
116.4819221496582 2.3094263076782227 0
117.7440574169159 2.102203369140625 0
119.00992465019226 2.1348073482513428 0
120.30129599571228 2.335686683654785 0
121.57820987701416 2.1459574699401855 0
122.83969569206238 2.205167531967163 0
124.11194658279419 2.2677829265594482 0
125.37912631034851 2.150921583175659 0
126.64465498924255 2.214388608932495 0
127.91429162025452 2.1654043197631836 0
129.1777458190918 2.0290470123291016 0
130.44328808784485 2.452129364013672 0
131.71187615394592 2.3084144592285156 0
132.9802393913269 2.3851141929626465 0
134.25025272369385 2.2413768768310547 0
135.52660489082336 2.1321330070495605 0
136.7929334640503 1.8949334621429443 0
138.0525507926941 2.3049731254577637 0
139.30078983306885 2.2446839809417725 0
140.5613272190094 2.2356812953948975 0
141.82651686668396 2.075739622116089 0
143.09120392799377 2.2009358406066895 0
144.36991572380066 2.1245381832122803 0
145.6425929069519 2.1252875328063965 0
146.91066694259644 2.2377824783325195 0
148.17787957191467 2.245835304260254 0
149.4466004371643 2.446430206298828 0
150.70994925498962 2.090301275253296 0
151.97616481781006 2.3186235427856445 0.16939252614974976
153.24480986595154 2.205932378768921 0.16939252614974976
154.50957012176514 2.20888614654541 0.16939252614974976
155.77539348602295 2.219175100326538 0.16939252614974976
157.040611743927 2.1075735092163086 0.16939252614974976
158.32030391693115 2.2904796600341797 0.16939252614974976
159.58812499046326 1.9910484552383423 0.16939252614974976
161.04106450080872 2.2246789932250977 0.16939252614974976
162.29880905151367 2.2941272258758545 0.16939252614974976
163.56581258773804 2.1948256492614746 0.16939252614974976
164.82904195785522 2.1305439472198486 0.16939252614974976
166.0852029323578 2.1427297592163086 0.16939252614974976
167.33919143676758 2.15017032623291 0.16939252614974976
168.61147379875183 2.1495790481567383 0.16939252614974976
169.87429404258728 2.2558889389038086 0.16939252614974976
171.14689445495605 2.2973761558532715 0.16939252614974976
172.41334652900696 2.164412021636963 0.16939252614974976
173.68390607833862 2.2070400714874268 0.16939252614974976
174.94216561317444 2.1836390495300293 0.16939252614974976
176.20886778831482 2.136909246444702 0.16939252614974976
177.4806945323944 2.0702505111694336 0.16939252614974976
178.75300097465515 2.0952866077423096 0.16939252614974976
180.0325264930725 2.081226348876953 0.16939252614974976
181.30539774894714 2.152742385864258 0.16939252614974976
182.57220578193665 2.2549188137054443 0.16939252614974976
183.83235025405884 2.2817749977111816 0.16939252614974976
185.0968039035797 2.194524049758911 0.16939252614974976
186.36706399917603 2.0819852352142334 0.16939252614974976
187.62883591651917 2.3010945320129395 0.16939252614974976
188.89330387115479 2.0146093368530273 0.16939252614974976
190.15218305587769 2.309661865234375 0.16939252614974976
191.41576433181763 2.2631750106811523 0.16939252614974976
192.68695187568665 2.3533289432525635 0.16939252614974976
193.9912977218628 2.134320020675659 0.16939252614974976
195.25716495513916 2.1538524627685547 0.16939252614974976
196.52518248558044 2.2043166160583496 0.16939252614974976
197.7772569656372 2.2179460525512695 0.16939252614974976
199.0316469669342 2.222127914428711 0.16939252614974976
200.28908491134644 2.274704933166504 0.16939252614974976
201.54808926582336 2.1681528091430664 0.16939252614974976
202.8084843158722 2.1440341472625732 0.16939252614974976
204.07912397384644 2.31144642829895 0.16939252614974976
205.36018300056458 2.2752039432525635 0.16939252614974976
206.62971091270447 2.1034750938415527 0.16939252614974976
207.89318084716797 2.4701051712036133 0.16939252614974976
209.15871167182922 2.063084363937378 0.16939252614974976
210.4289333820343 2.1887598037719727 0.16939252614974976
211.69850039482117 2.1305675506591797 0.16939252614974976
212.9482443332672 2.1894338130950928 0.16939252614974976
214.20823407173157 2.0965147018432617 0.16939252614974976
215.47010731697083 2.3483071327209473 0.16939252614974976
216.7269685268402 2.1886203289031982 0.16939252614974976
217.9838228225708 2.212948799133301 0.16939252614974976
219.2390923500061 2.050525426864624 0.16939252614974976
220.5044720172882 2.2703371047973633 0.16939252614974976
221.77200889587402 2.257056713104248 0.16939252614974976
223.03297758102417 2.4362447261810303 0.16939252614974976
224.28793692588806 2.427051067352295 0.16939252614974976
225.54614758491516 2.104008197784424 0.16939252614974976
226.8065149784088 2.020857334136963 0.16939252614974976
228.08057284355164 2.1908724308013916 0.16939252614974976
229.34797954559326 2.296844720840454 0.16939252614974976
230.627432346344 2.1888177394866943 0.16939252614974976
231.89673948287964 2.224849224090576 0.16939252614974976
233.1582477092743 2.057105541229248 0.16939252614974976
234.4171588420868 2.1773877143859863 0.16939252614974976
235.67975091934204 2.2765586376190186 0.16939252614974976
236.93873691558838 2.0107736587524414 0.16939252614974976
238.2114863395691 2.3325977325439453 0.16939252614974976
239.4772891998291 2.325778007507324 0.16939252614974976
240.77192902565002 2.107360363006592 0.16939252614974976
242.05477786064148 2.1210989952087402 0.16939252614974976
243.32317471504211 2.2430028915405273 0.16939252614974976
244.60419845581055 2.1941943168640137 0.16939252614974976
245.8696095943451 2.1215121746063232 0.16939252614974976
247.14295411109924 2.219992160797119 0.16939252614974976
248.39726734161377 2.0617222785949707 0.16939252614974976
249.6733615398407 2.2862396240234375 0.16939252614974976
250.94573211669922 2.2441022396087646 0.16939252614974976
252.22324633598328 2.338514566421509 0.16939252614974976
253.49836659431458 2.2417244911193848 0.16939252614974976
254.766037940979 2.165296792984009 0.16939252614974976
256.0316424369812 2.1583237648010254 0.16939252614974976
257.2989640235901 2.209090232849121 0.16939252614974976
258.5544693470001 2.0691747665405273 0.16939252614974976
260.00537395477295 2.0874266624450684 0.16939252614974976
261.2724723815918 2.150269031524658 0.16939252614974976
262.5358819961548 2.04866099357605 0.16939252614974976
263.8125765323639 2.1151890754699707 0.16939252614974976
265.0930287837982 2.0722460746765137 0.16939252614974976
266.3531994819641 2.2137022018432617 0.16939252614974976
267.6105041503906 2.075476884841919 0.16939252614974976
268.8735704421997 1.9422383308410645 0.16939252614974976
270.1353590488434 2.34592342376709 0.16939252614974976
271.406720161438 2.285623788833618 0.16939252614974976
272.6842234134674 2.283709764480591 0.16939252614974976
273.95035696029663 2.3429436683654785 0.16939252614974976
275.22289061546326 2.2055256366729736 0.16939252614974976
276.4974274635315 2.2248823642730713 0.16939252614974976
277.7997181415558 2.2297182083129883 0.16939252614974976
279.09061193466187 2.2935843467712402 0.16939252614974976
280.35781240463257 2.2498247623443604 0.16939252614974976
281.6104950904846 2.1395323276519775 0.16939252614974976
282.8832128047943 2.116931200027466 0.16939252614974976
284.15268301963806 2.1136670112609863 0.16939252614974976
285.4263324737549 2.013788938522339 0.16939252614974976
286.7006974220276 2.110473155975342 0.16939252614974976
287.9538655281067 2.240490436553955 0.16939252614974976
289.2586076259613 2.181293487548828 0.16939252614974976
290.53142523765564 2.075671672821045 0.16939252614974976
291.8018879890442 2.2090916633605957 0.16939252614974976
293.072726726532 2.1773087978363037 0.16939252614974976
294.3428258895874 2.187321662902832 0.16939252614974976
295.6088376045227 2.359654664993286 0.16939252614974976
296.871502161026 2.070225715637207 0.16939252614974976
298.1383385658264 2.2587380409240723 0.16939252614974976
299.407817363739 2.1324658393859863 0.16939252614974976
300.68739795684814 2.196795701980591 0.16939252614974976
301.9546813964844 2.307236671447754 0.16939252614974976
303.222359418869 2.135742664337158 0.16939252614974976
304.4887886047363 2.0341038703918457 0.16939252614974976
305.7463834285736 2.398655891418457 0.16939252614974976
307.00924277305603 2.1584553718566895 0.16939252614974976
308.2752287387848 2.3331077098846436 0.16939252614974976
309.5422685146332 2.0732874870300293 0.16939252614974976
310.80674600601196 2.1591286659240723 0.16939252614974976
312.0757007598877 2.1097052097320557 0.16939252614974976
313.34283208847046 2.1625914573669434 0.16939252614974976
314.6265597343445 2.1223809719085693 0.16939252614974976
315.90998792648315 2.1463284492492676 0.16939252614974976
317.185667514801 2.1985583305358887 0.16939252614974976
318.45813179016113 2.244783878326416 0.16939252614974976
319.7213635444641 2.2609751224517822 0.16939252614974976
320.9874622821808 2.1239280700683594 0.16939252614974976
322.25736117362976 2.0934784412384033 0.16939252614974976
323.5254421234131 2.1049461364746094 0.16939252614974976
324.7924904823303 2.1497814655303955 0.16939252614974976
326.0801179409027 2.210224151611328 0.16939252614974976
327.34406566619873 2.24035906791687 0.16939252614974976
328.6122798919678 2.1754817962646484 0.16939252614974976
329.87991523742676 1.9667484760284424 0.16939252614974976
331.15089297294617 2.0831398963928223 0.16939252614974976
332.42716431617737 2.2620368003845215 0.16939252614974976
333.6935739517212 2.102890968322754 0.16939252614974976
334.951637506485 2.1365175247192383 0.16939252614974976
336.2166666984558 2.2829136848449707 0.16939252614974976
337.498286485672 2.141529083251953 0.16939252614974976
338.76394152641296 2.1874160766601562 0.16939252614974976
340.03990483283997 2.260056734085083 0.16939252614974976
341.29579043388367 2.3982038497924805 0.16939252614974976
342.5527195930481 2.1282148361206055 0.16939252614974976
343.8122515678406 2.108444929122925 0.16939252614974976
345.07293725013733 2.293062448501587 0.16939252614974976
346.3362829685211 2.2166764736175537 0.16939252614974976
347.6011211872101 2.233661651611328 0.16939252614974976
348.8611364364624 2.304798126220703 0.16939252614974976
350.1566617488861 2.0973894596099854 0.16939252614974976
351.4330565929413 2.083979368209839 0.16939252614974976
352.7008533477783 2.1126856803894043 0.16939252614974976
353.9584708213806 2.0204734802246094 0.16939252614974976
355.22018694877625 2.3682684898376465 0.16939252614974976
356.48413729667664 2.2940731048583984 0.16939252614974976
357.7514748573303 2.2744240760803223 0.16939252614974976
359.00846552848816 2.2864513397216797 0.16939252614974976
360.2827489376068 2.3072805404663086 0.16939252614974976
361.55165243148804 2.1689157485961914 0.16939252614974976
362.99990582466125 2.1823675632476807 0.16939252614974976
364.2685196399689 2.370079517364502 0.16939252614974976
365.52776980400085 2.104569911956787 0.16939252614974976
366.7881016731262 2.098126173019409 0.16939252614974976
368.0451214313507 2.0723493099212646 0.16939252614974976
369.29732608795166 2.1786692142486572 0.16939252614974976
370.5550928115845 2.2228336334228516 0.16939252614974976
371.8152778148651 2.0646238327026367 0.16939252614974976
373.088751077652 2.210404872894287 0.16939252614974976
374.38374280929565 2.0085813999176025 0.16939252614974976
375.6668782234192 2.1945409774780273 0.16939252614974976
376.93373346328735 2.2252867221832275 0.16939252614974976
378.2030155658722 2.0525031089782715 0.16939252614974976
379.4717493057251 2.0563712120056152 0.16939252614974976
380.74205255508423 2.1355044841766357 0.16939252614974976
382.0161461830139 2.191401481628418 0.16939252614974976
383.2684235572815 2.2067580223083496 0.16939252614974976
384.5397250652313 2.2083208560943604 0.16939252614974976
385.83320927619934 2.017092227935791 0.16939252614974976
387.12681126594543 2.2972450256347656 0.16939252614974976
388.3997585773468 2.398726463317871 0.16939252614974976
389.6562988758087 2.232167959213257 0.16939252614974976
390.92209482192993 2.1888375282287598 0.16939252614974976
392.1835877895355 2.1755292415618896 0.16939252614974976
393.45283484458923 2.248863697052002 0.16939252614974976
394.71770310401917 2.0444211959838867 0.16939252614974976
395.9875214099884 2.125429391860962 0.16939252614974976
397.25667333602905 2.2175052165985107 0.16939252614974976
398.56452655792236 2.0815224647521973 0.16939252614974976
399.8434352874756 2.1963114738464355 0.16939252614974976
401.10508918762207 2.1637961864471436 0.16939252614974976
402.36650347709656 2.300478935241699 0.16939252614974976
403.6243076324463 2.192748785018921 0.16939252614974976
404.87972378730774 2.096087694168091 0.16939252614974976
406.1303377151489 2.27980899810791 0.16939252614974976
407.3932144641876 2.1918187141418457 0.16939252614974976
408.6559851169586 2.215306282043457 0.16939252614974976
409.9213628768921 2.082554817199707 0.16939252614974976
411.1784155368805 2.2090682983398438 0.16939252614974976
412.4382574558258 2.2275238037109375 0.16939252614974976
413.7044839859009 2.1150121688842773 0.16939252614974976
414.9705927371979 2.1577248573303223 0.16939252614974976
416.24109649658203 2.149059295654297 0.16939252614974976
417.50669503211975 2.047480344772339 0.16939252614974976
418.77517676353455 2.222285747528076 0.16939252614974976
420.05714678764343 2.2254364490509033 0.16939252614974976
421.32148146629333 2.227107286453247 0.16939252614974976
422.58559465408325 2.118959426879883 0.16939252614974976
423.844571352005 2.383800506591797 0.16939252614974976
425.1048278808594 2.2302515506744385 0.16939252614974976
426.3726427555084 2.1438207626342773 0.16939252614974976
427.61892080307007 2.238955020904541 0.16939252614974976
428.8799443244934 2.3634486198425293 0.16939252614974976
430.13698840141296 2.104158401489258 0.16939252614974976
431.39603209495544 2.103607654571533 0.16939252614974976
432.6568932533264 2.164968729019165 0.16939252614974976
433.93661761283875 2.0457923412323 0.16939252614974976
435.22413659095764 2.1257736682891846 0.16939252614974976
436.4913046360016 2.1427996158599854 0.16939252614974976
437.76409792900085 2.0852599143981934 0.16939252614974976
439.0309703350067 2.143799304962158 0.16939252614974976
440.30013728141785 2.2561464309692383 0.16939252614974976
441.56444215774536 2.263854742050171 0.16939252614974976
442.8228108882904 2.3548526763916016 0.16939252614974976
444.097149848938 2.1384615898132324 0.16939252614974976
445.3694043159485 2.108367443084717 0.16939252614974976
446.66781306266785 2.301849365234375 0.16939252614974976
447.9580512046814 2.166612148284912 0.16939252614974976
449.2367913722992 2.238210678100586 0.16939252614974976
450.51414251327515 2.23822021484375 0.16939252614974976
451.77885913848877 2.0650179386138916 0.16939252614974976
453.0354964733124 2.4018115997314453 0.16939252614974976
454.2990221977234 2.2009334564208984 0.16939252614974976
455.54807329177856 2.15682315826416 0.16939252614974976
456.81175565719604 2.166923761367798 0.16939252614974976
458.0718102455139 2.1948330402374268 0.16939252614974976
459.32336258888245 2.380680799484253 0.16939252614974976
460.59639501571655 2.06015682220459 0.16939252614974976
461.85333251953125 2.1938414573669434 0.16939252614974976
463.11959409713745 2.2181925773620605 0.16939252614974976
464.564884185791 2.2267003059387207 0.16939252614974976
465.84409523010254 2.2013204097747803 0.16939252614974976
467.11363339424133 2.1853890419006348 0.16939252614974976
468.3796968460083 2.3698019981384277 0.16939252614974976
469.63845562934875 2.166118621826172 0.16939252614974976
470.90982604026794 2.2420949935913086 0.16939252614974976
472.1973388195038 2.1696078777313232 0.16939252614974976
473.46955728530884 1.9674351215362549 0.16939252614974976
474.72546219825745 2.1207165718078613 0.16939252614974976
475.9829647541046 2.268906593322754 0.16939252614974976
477.24871587753296 2.3355507850646973 0.16939252614974976
478.526495218277 2.1930136680603027 0.16939252614974976
479.79867911338806 2.1095499992370605 0.16939252614974976
481.0700273513794 2.054872512817383 0.16939252614974976
483.9989516735077 1.9841511249542236 0.16939252614974976
485.3349311351776 2.3416829109191895 0.16939252614974976
486.61362409591675 2.2450010776519775 0.16939252614974976
487.88958406448364 2.1388325691223145 0.16939252614974976
489.16832208633423 2.118618965148926 0.16939252614974976
490.44366550445557 2.1986050605773926 0.16939252614974976
491.724294424057 2.1163594722747803 0.16939252614974976
493.00005650520325 2.2424044609069824 0.16939252614974976
494.2703938484192 2.0557310581207275 0.16939252614974976
495.5374538898468 2.409320831298828 0.16939252614974976
496.82272148132324 2.2618093490600586 0.16939252614974976
498.0906698703766 2.272857189178467 0.16939252614974976
499.36351561546326 2.1056363582611084 0.16939252614974976
500.6307451725006 2.241123676300049 0.16939252614974976
501.8903534412384 2.200014352798462 0.16939252614974976
503.14765214920044 2.175304889678955 0.16939252614974976
504.4094166755676 2.185929775238037 0.16939252614974976
505.6627597808838 2.2986156940460205 0.16939252614974976
506.9226794242859 2.1896777153015137 0.16939252614974976
508.22446060180664 2.085554838180542 0.16939252614974976
509.4865231513977 2.177823781967163 0.16939252614974976
510.75537061691284 2.0878710746765137 0.16939252614974976
512.014622926712 2.1384642124176025 0.16939252614974976
513.2738289833069 2.2538132667541504 0.16939252614974976
514.532399892807 2.1653144359588623 0.16939252614974976
515.7928311824799 2.2194747924804688 0.16939252614974976
517.0553486347198 2.032743453979492 0.16939252614974976
518.3250486850739 2.2272210121154785 0.16939252614974976
519.6097354888916 2.0451927185058594 0.16939252614974976
520.9103627204895 2.232264280319214 0.16939252614974976
522.1669135093689 2.11551570892334 0.16939252614974976
523.424623966217 2.0784332752227783 0.16939252614974976
524.6832530498505 2.154442310333252 0.16939252614974976
525.9577615261078 2.26263427734375 0.16939252614974976
527.2271010875702 2.076181411743164 0.16939252614974976
528.4932684898376 2.0321571826934814 0.16939252614974976
529.7506787776947 2.0042052268981934 0.16939252614974976
531.013608455658 2.294538974761963 0.16939252614974976
532.275936126709 2.2884745597839355 0.16939252614974976
533.5391881465912 2.0340709686279297 0.16939252614974976
534.8044228553772 2.356569290161133 0.16939252614974976
536.0697824954987 2.100572109222412 0.16939252614974976
537.3176355361938 2.1843619346618652 0.16939252614974976
538.5764122009277 2.215756893157959 0.16939252614974976
539.8295509815216 2.0924384593963623 0.16939252614974976
541.0798828601837 2.0793838500976562 0.16939252614974976
542.34823346138 2.3723244667053223 0.16939252614974976
543.622716665268 2.0386605262756348 0.16939252614974976
544.8945496082306 2.141115665435791 0.16939252614974976
546.1605334281921 2.1745901107788086 0.16939252614974976
547.4313824176788 2.269479751586914 0.16939252614974976
548.6993000507355 2.2304277420043945 0.16939252614974976
549.9923648834229 2.295351505279541 0.16939252614974976
551.2577979564667 2.1961636543273926 0.16939252614974976
552.5230858325958 2.041154384613037 0.16939252614974976
553.7936975955963 2.265970230102539 0.16939252614974976
555.0700974464417 2.3737545013427734 0.16939252614974976
556.3464646339417 2.1728925704956055 0.16939252614974976
557.607358455658 2.1174557209014893 0.16939252614974976
558.8600876331329 2.2184863090515137 0.16939252614974976
560.1270577907562 2.299699068069458 0.16939252614974976
561.3881945610046 2.192793846130371 0.16939252614974976
562.6518757343292 2.2194840908050537 0.16939252614974976
563.9111506938934 2.2110846042633057 0.16939252614974976
565.1680700778961 2.1777989864349365 0.16939252614974976
566.6229701042175 2.1798787117004395 0.16939252614974976
567.9086036682129 2.3707480430603027 0.16939252614974976
569.1701149940491 2.1928000450134277 0.16939252614974976
570.430831193924 2.22475004196167 0.16939252614974976
571.697169303894 2.2158076763153076 0.16939252614974976
572.9602527618408 2.2091879844665527 0.16939252614974976
574.2234444618225 2.068305253982544 0.16939252614974976
575.4869022369385 2.22220516204834 0.16939252614974976
576.7516343593597 2.2236993312835693 0.16939252614974976
578.0068621635437 2.158250331878662 0.16939252614974976
579.265958070755 2.140306234359741 0.16939252614974976
580.5322206020355 2.161545753479004 0.16939252614974976
581.792403459549 2.0804481506347656 0.16939252614974976
583.0508818626404 2.1361072063446045 0.16939252614974976
584.3137285709381 2.316593885421753 0.16939252614974976
585.5820879936218 2.1568408012390137 0.16939252614974976
586.8506877422333 2.3088042736053467 0.16939252614974976
588.1156415939331 2.17675518989563 0.16939252614974976
589.3807821273804 2.2845826148986816 0.16939252614974976
590.6511142253876 2.2108917236328125 0.16939252614974976
591.9224977493286 2.1938910484313965 0.16939252614974976
593.1957728862762 2.3094263076782227 0.16939252614974976
594.4616768360138 2.102203369140625 0.16939252614974976
595.7262687683105 2.1348073482513428 0.16939252614974976
596.9927353858948 2.335686683654785 0.16939252614974976
598.2576024532318 2.1459574699401855 0.16939252614974976
599.518221616745 2.205167531967163 0.16939252614974976
600.775787115097 2.2677829265594482 0.16939252614974976
602.041345834732 2.150921583175659 0.16939252614974976
603.3008201122284 2.214388608932495 0.16939252614974976
604.5904202461243 2.1654043197631836 0.16939252614974976
605.8703372478485 2.0290470123291016 0.16939252614974976
607.1438503265381 2.452129364013672 0.16939252614974976
608.4062373638153 2.3084144592285156 0.16939252614974976
609.6755764484406 2.3851141929626465 0.16939252614974976
610.935777425766 2.2413768768310547 0.16939252614974976
612.1830117702484 2.1321330070495605 0.16939252614974976
613.4484062194824 1.8949334621429443 0.16939252614974976
614.7175250053406 2.3049731254577637 0.16939252614974976
616.0172343254089 2.2446839809417725 0.16939252614974976
617.297280550003 2.2356812953948975 0.16939252614974976
618.5672152042389 2.075739622116089 0.16939252614974976
619.8322865962982 2.2009358406066895 0.16939252614974976
621.1017673015594 2.1245381832122803 0.16939252614974976
622.3704736232758 2.1252875328063965 0.16939252614974976
623.6382639408112 2.2377824783325195 0.16939252614974976
624.9064955711365 2.245835304260254 0.16939252614974976
626.1693470478058 2.446430206298828 0.16939252614974976
627.4507694244385 2.090301275253296 0.16939252614974976
628.759299993515 2.3186235427856445 0.16939252614974976
630.0262274742126 2.205932378768921 0.16939252614974976
631.2992162704468 2.20888614654541 0.16939252614974976
632.5788943767548 2.219175100326538 0.16939252614974976
633.8560326099396 2.1075735092163086 0.16939252614974976
635.1388778686523 2.2904796600341797 0.16939252614974976
636.4114711284637 1.9910484552383423 0.16939252614974976
637.6789729595184 2.2246789932250977 0.16939252614974976
638.9652969837189 2.2941272258758545 0.16939252614974976
640.2770998477936 2.1948256492614746 0.16939252614974976
641.5797927379608 2.1305439472198486 0.16939252614974976
642.8528823852539 2.1427297592163086 0.16939252614974976
644.1210443973541 2.15017032623291 0.16939252614974976
645.387006521225 2.1495790481567383 0.16939252614974976
646.6340138912201 2.2558889389038086 0.16939252614974976
647.8963644504547 2.2973761558532715 0.16939252614974976
649.1597588062286 2.164412021636963 0.16939252614974976
650.4353132247925 2.2070400714874268 0.16939252614974976
651.7261326313019 2.1836390495300293 0.16939252614974976
653.0217299461365 2.136909246444702 0.16939252614974976
654.2918529510498 2.0702505111694336 0.16939252614974976
655.560469865799 2.0952866077423096 0.16939252614974976
656.8232977390289 2.081226348876953 0.16939252614974976
658.0978403091431 2.152742385864258 0.16939252614974976
659.3973364830017 2.2549188137054443 0.16939252614974976
660.6652750968933 2.2817749977111816 0.16939252614974976
661.9300734996796 2.194524049758911 0.16939252614974976
663.2203757762909 2.0819852352142334 0.16939252614974976
664.5095148086548 2.3010945320129395 0.16939252614974976
665.7774782180786 2.0146093368530273 0.16939252614974976
667.0312275886536 2.309661865234375 0.16939252614974976
668.2969567775726 2.2631750106811523 0.16939252614974976
669.7375419139862 2.3533289432525635 0.16939252614974976
671.0037686824799 2.134320020675659 0.16939252614974976
672.2700214385986 2.1538524627685547 0.16939252614974976
673.5323536396027 2.2043166160583496 0.16939252614974976
674.7851881980896 2.2179460525512695 0.16939252614974976
676.0615911483765 2.222127914428711 0.16939252614974976
677.3359351158142 2.274704933166504 0.16939252614974976
678.5958542823792 2.1681528091430664 0.16939252614974976
679.8570935726166 2.1440341472625732 0.16939252614974976
681.1181638240814 2.31144642829895 0.16939252614974976
682.3642814159393 2.2752039432525635 0.16939252614974976
683.6116049289703 2.1034750938415527 0.16939252614974976
684.8570792675018 2.4701051712036133 0.16939252614974976
686.1168737411499 2.063084363937378 0.16939252614974976
687.3885042667389 2.1887598037719727 0.16939252614974976
688.6460375785828 2.1305675506591797 0.16939252614974976
689.8970024585724 2.1894338130950928 0.16939252614974976
691.1415810585022 2.0965147018432617 0.16939252614974976
692.3941493034363 2.3483071327209473 0.16939252614974976
693.6540071964264 2.1886203289031982 0.16939252614974976
694.9182014465332 2.212948799133301 0.16939252614974976
696.1794316768646 2.050525426864624 0.16939252614974976
697.4418671131134 2.2703371047973633 0.16939252614974976
698.7080903053284 2.257056713104248 0.16939252614974976
699.9883418083191 2.4362447261810303 0.16939252614974976
701.2677836418152 2.427051067352295 0.16939252614974976
702.5309693813324 2.104008197784424 0.16939252614974976
703.7950286865234 2.020857334136963 0.16939252614974976
705.063868522644 2.1908724308013916 0.16939252614974976
706.3300151824951 2.296844720840454 0.16939252614974976
707.5910749435425 2.1888177394866943 0.16939252614974976
708.8541321754456 2.224849224090576 0.16939252614974976
710.119868516922 2.057105541229248 0.16939252614974976
711.3875997066498 2.1773877143859863 0.16939252614974976
712.6734135150909 2.2765586376190186 0.16939252614974976
713.926593542099 2.0107736587524414 0.16939252614974976
715.1738440990448 2.3325977325439453 0.16939252614974976
716.4439470767975 2.325778007507324 0.16939252614974976
717.7165327072144 2.107360363006592 0.16939252614974976
718.9765908718109 2.1210989952087402 0.16939252614974976
720.2485349178314 2.2430028915405273 0.16939252614974976
721.5241706371307 2.1941943168640137 0.16939252614974976
722.794412612915 2.1215121746063232 0.16939252614974976
724.0903315544128 2.219992160797119 0.16939252614974976
725.3767750263214 2.0617222785949707 0.16939252614974976
726.6482291221619 2.2862396240234375 0.16939252614974976
727.9314317703247 2.2441022396087646 0.16939252614974976
729.2085087299347 2.338514566421509 0.16939252614974976
730.4846987724304 2.2417244911193848 0.16939252614974976
731.7586379051208 2.165296792984009 0.16939252614974976
733.0181965827942 2.1583237648010254 0.16939252614974976
734.272182226181 2.209090232849121 0.16939252614974976
735.5331618785858 2.0691747665405273 0.16939252614974976
736.7899832725525 2.0874266624450684 0.16939252614974976
738.0855042934418 2.150269031524658 0.16939252614974976
739.3501942157745 2.04866099357605 0.16939252614974976
740.6144075393677 2.1151890754699707 0.16939252614974976
741.8805320262909 2.0722460746765137 0.16939252614974976
743.1386065483093 2.2137022018432617 0.16939252614974976
744.3923509120941 2.075476884841919 0.16939252614974976
745.6492810249329 1.9422383308410645 0.16939252614974976
746.9060125350952 2.34592342376709 0.16939252614974976
748.173181772232 2.285623788833618 0.16939252614974976
749.4431173801422 2.283709764480591 0.16939252614974976
750.6933896541595 2.3429436683654785 0.16939252614974976
751.9639246463776 2.2055256366729736 0.16939252614974976
753.2332277297974 2.2248823642730713 0.16939252614974976
754.4911472797394 2.2297182083129883 0.16939252614974976
755.7587230205536 2.2935843467712402 0.16939252614974976
757.0182023048401 2.2498247623443604 0.16939252614974976
758.267434835434 2.1395323276519775 0.16939252614974976
759.5342717170715 2.116931200027466 0.16939252614974976
760.816663980484 2.1136670112609863 0.16939252614974976
762.0916752815247 2.013788938522339 0.16939252614974976
763.3689677715302 2.110473155975342 0.16939252614974976
764.6351187229156 2.240490436553955 0.16939252614974976
765.8983588218689 2.181293487548828 0.16939252614974976
767.1661562919617 2.075671672821045 0.16939252614974976
768.6118936538696 2.2090916633605957 0.16939252614974976
769.8781425952911 2.1773087978363037 0.16939252614974976
771.1287853717804 2.187321662902832 0.16939252614974976
772.3923754692078 2.359654664993286 0.16939252614974976
773.6781435012817 2.070225715637207 0.16939252614974976
774.9666726589203 2.2587380409240723 0.16939252614974976
776.2417938709259 2.1324658393859863 0.16939252614974976
777.5098285675049 2.196795701980591 0.16939252614974976
778.76970744133 2.307236671447754 0.16939252614974976
780.0273132324219 2.135742664337158 0.16939252614974976
781.2886390686035 2.0341038703918457 0.16939252614974976
782.55242228508 2.398655891418457 0.16939252614974976
783.8176214694977 2.1584553718566895 0.16939252614974976
785.0899815559387 2.3331077098846436 0.16939252614974976
786.3527235984802 2.0732874870300293 0.16939252614974976
787.6199588775635 2.1591286659240723 0.16939252614974976
788.8988282680511 2.1097052097320557 0.16939252614974976
790.1553575992584 2.1625914573669434 0.16939252614974976
791.4148409366608 2.1223809719085693 0.16939252614974976
792.6890106201172 2.1463284492492676 0.16939252614974976
793.9404520988464 2.1985583305358887 0.16939252614974976
795.1934313774109 2.244783878326416 0.16939252614974976
796.464278459549 2.2609751224517822 0.16939252614974976
797.7413926124573 2.1239280700683594 0.16939252614974976
799.0160086154938 2.0934784412384033 0.16939252614974976
800.2815959453583 2.1049461364746094 0.16939252614974976
801.5479502677917 2.1497814655303955 0.16939252614974976
802.8210082054138 2.210224151611328 0.16939252614974976
804.0880615711212 2.24035906791687 0.16939252614974976
805.35706615448 2.1754817962646484 0.16939252614974976
806.6276092529297 1.9667484760284424 0.16939252614974976
807.906594991684 2.0831398963928223 0.16939252614974976
809.1921203136444 2.2620368003845215 0.16939252614974976
810.4660265445709 2.102890968322754 0.16939252614974976
811.7356245517731 2.1365175247192383 0.16939252614974976
813.0018966197968 2.2829136848449707 0.16939252614974976
814.2735996246338 2.141529083251953 0.16939252614974976
815.5417473316193 2.1874160766601562 0.16939252614974976
816.8113994598389 2.260056734085083 0.16939252614974976
818.0746433734894 2.3982038497924805 0.16939252614974976
819.3392436504364 2.1282148361206055 0.16939252614974976
820.6096732616425 2.108444929122925 0.16939252614974976
