4.308390378952026 2.250843048095703 0
5.0026021003723145 2.0746524333953857 0
5.700865983963013 1.8159563541412354 0
6.395853757858276 2.106677293777466 0
7.0737855434417725 1.7540454864501953 0
7.751777172088623 1.7898502349853516 0
8.424815654754639 1.5690279006958008 0
9.110768795013428 2.0092883110046387 0
9.803297996520996 1.6976051330566406 0
10.486027002334595 1.615511178970337 0
11.167653560638428 1.5469088554382324 0
11.869171142578125 1.4309558868408203 0
12.552249431610107 1.5774586200714111 0
13.23082184791565 1.4408069849014282 0
13.914119958877563 1.719508171081543 0
14.5935378074646 1.6285215616226196 0
15.26836371421814 1.3265318870544434 0
15.943352222442627 1.6566071510314941 0
16.617401599884033 1.7898097038269043 0
17.303357124328613 1.4594347476959229 0
17.984602212905884 1.6192436218261719 0
18.66023278236389 1.224689245223999 0
19.33703875541687 1.6487388610839844 0
20.018799781799316 1.4686393737792969 0
20.69349455833435 1.4222080707550049 0
21.374878406524658 1.2729743719100952 0
22.062285900115967 1.4027425050735474 0
22.747211933135986 1.3409459590911865 0
23.43326234817505 1.3720250129699707 0
24.105288982391357 1.573974609375 0
24.774778604507446 1.8574199676513672 0
25.460050582885742 1.2134122848510742 0
26.136542558670044 1.5132900476455688 0
26.8106472492218 1.627875804901123 0
27.48749041557312 1.5328891277313232 0
28.166674375534058 1.4085211753845215 0
28.85351037979126 1.3485417366027832 0
29.53507685661316 1.601523756980896 0
30.214879274368286 1.4622595310211182 0
30.894574880599976 1.883183240890503 0
31.566368103027344 1.3122280836105347 0
32.25256323814392 1.352524757385254 0
32.944363594055176 1.432019591331482 0
33.62277293205261 1.299961805343628 0
34.30174160003662 1.4001432657241821 0
35.00579857826233 1.0663554668426514 0
35.6933171749115 1.5722250938415527 0
36.375988245010376 1.035428762435913 0
37.05728340148926 1.2603819370269775 0
37.735305070877075 1.1021616458892822 0
38.426464557647705 1.2205274105072021 0
39.10722851753235 1.0978517532348633 0
39.79516649246216 1.5157647132873535 0
40.46948838233948 1.4669536352157593 0
41.1496479511261 1.416056513786316 0
41.82196378707886 1.072455883026123 0
42.49764370918274 1.3201990127563477 0
43.18011236190796 1.295511245727539 0
43.86282825469971 1.2852048873901367 0
44.539145708084106 1.072343111038208 0
45.23000192642212 1.5909377336502075 0
45.917158365249634 1.1311947107315063 0
46.594990253448486 0.9990657567977905 0
47.28872489929199 1.7091550827026367 0
47.96740102767944 1.3754695653915405 0
48.652167081832886 1.2071365118026733 0
49.33477520942688 1.212367057800293 0
50.01659679412842 1.3817253112792969 0
50.692134618759155 1.1807527542114258 0
51.36937713623047 1.2629594802856445 0
52.055838108062744 1.282541036605835 0
52.72537636756897 1.4194276332855225 0
53.4022376537323 1.0978167057037354 0
54.09470772743225 1.2052013874053955 0
54.75936031341553 1.5531325340270996 0
55.43431830406189 1.1950743198394775 0
56.11064648628235 1.0824854373931885 0
56.79421544075012 1.221802830696106 0
57.481290340423584 1.085381269454956 0
58.15343618392944 1.0420880317687988 0
58.842119216918945 1.3270983695983887 0
59.53374218940735 1.2636781930923462 0
60.24116539955139 1.4092358350753784 0
60.946423053741455 1.4640910625457764 0
61.667959451675415 1.0266094207763672 0
62.364524602890015 1.3038887977600098 0
63.076600551605225 1.3189821243286133 0
63.766159534454346 0.8687561750411987 0
64.46118927001953 1.4590874910354614 0
65.1400511264801 1.3291950225830078 0
65.81800556182861 1.2751116752624512 0
66.49446368217468 1.284891128540039 0
67.1727647781372 1.468145489692688 0
67.8493800163269 1.4492948055267334 0
68.51740860939026 1.4286261796951294 0
69.18984866142273 1.0959208011627197 0
69.8804247379303 1.0756962299346924 0
70.56531810760498 0.9510550498962402 0
71.26027417182922 1.0013281106948853 0
71.92729210853577 1.1327426433563232 0
72.58876705169678 1.2953006029129028 0
73.2575831413269 1.3122448921203613 0
73.92362451553345 1.25883150100708 0
74.59471130371094 1.3097584247589111 0
75.2668445110321 1.3417960405349731 0
75.93140172958374 1.2618640661239624 0
76.59910416603088 1.4864280223846436 0
77.26432085037231 1.269979476928711 0
77.93656611442566 1.1720314025878906 0
78.60895586013794 1.2989482879638672 0
79.27062129974365 1.3961632251739502 0
79.93850517272949 1.5561304092407227 0
80.60603547096252 1.491133451461792 0
81.2994692325592 1.1953867673873901 0
81.99458861351013 1.2532660961151123 0
82.69229030609131 1.3679699897766113 0
83.38260746002197 0.9833495616912842 0
84.04918575286865 1.766642689704895 0
84.71972036361694 1.047788381576538 0
85.40384316444397 1.5491234064102173 0
86.08109998703003 1.0899418592453003 0
86.75059056282043 1.145707607269287 0
87.41651678085327 1.6817282438278198 0
88.09090161323547 1.4105899333953857 0
88.77087926864624 1.1738460063934326 0
89.4400327205658 1.087562084197998 0
90.11792278289795 1.0721352100372314 0
90.78886914253235 1.24126398563385 0
91.46460723876953 1.4447094202041626 0
92.14983701705933 1.2011878490447998 0
92.82916355133057 1.164438247680664 0
93.5072808265686 1.223660945892334 0
94.18348145484924 1.3393446207046509 0
94.85787534713745 1.2193533182144165 0
95.53593182563782 1.1576480865478516 0
96.21130466461182 1.089641809463501 0
96.88257789611816 1.2254210710525513 0
97.54923272132874 1.1986112594604492 0
98.22795486450195 1.3392012119293213 0
98.9023597240448 1.2974281311035156 0
99.571453332901 1.2414500713348389 0
100.24578952789307 0.9819740653038025 0
100.91735029220581 1.2061549425125122 0
101.58703303337097 1.289207935333252 0
102.26610064506531 1.3901891708374023 0
102.93887877464294 1.020298957824707 0
103.61005163192749 1.3553905487060547 0
104.28072786331177 1.110004186630249 0
104.95551443099976 1.365041732788086 0
105.63970756530762 1.594649076461792 0
106.32583093643188 1.1698195934295654 0
107.0056369304657 1.2181785106658936 0
107.68260264396667 1.2100234031677246 0
108.35761427879333 1.1581522226333618 0
109.0337700843811 1.3785557746887207 0
109.71779680252075 0.9634644389152527 0
110.39972567558289 1.1779179573059082 0
111.07978343963623 1.1489861011505127 0
111.75536847114563 1.320016860961914 0
112.43559432029724 0.798621416091919 0
113.11303043365479 1.1328954696655273 0
113.79652237892151 1.424767017364502 0
114.47129344940186 1.1299775838851929 0
115.1451063156128 1.1500282287597656 0
115.84273624420166 1.0316917896270752 0
116.51949834823608 1.1314122676849365 0
117.19599795341492 1.269423484802246 0
117.87654972076416 1.1999973058700562 0
118.56380033493042 1.277815818786621 0
119.24847197532654 1.165360689163208 0
119.94274044036865 1.3383965492248535 0
120.61331176757812 1.158600091934204 0
121.28980827331543 1.443618893623352 0
121.98095750808716 1.0452961921691895 0
122.6567735671997 1.0561187267303467 0
123.33075165748596 1.0198053121566772 0
124.01061749458313 1.206064224243164 0
124.67602682113647 1.0626764297485352 0
125.34386658668518 1.303355097770691 0
126.02511954307556 1.188030481338501 0
126.69649243354797 1.5986785888671875 0
127.37155222892761 1.3917748928070068 0
128.04282593727112 1.4841172695159912 0
128.7164590358734 1.119893193244934 0
129.38979935646057 1.1470227241516113 0
130.0634846687317 1.0547477006912231 0
130.74537634849548 0.864173412322998 0
131.41746830940247 1.1652586460113525 0
132.09364438056946 1.5546993017196655 0
132.76010513305664 1.33734130859375 0
133.4264430999756 1.1649919748306274 0
134.10687851905823 1.6333653926849365 0
134.77835273742676 1.059594988822937 0
135.44667315483093 1.350408673286438 0
136.11680579185486 1.158897876739502 0
136.79144430160522 1.0655155181884766 0
137.4551875591278 1.1193231344223022 0
138.12439036369324 1.1595443487167358 0
138.7930817604065 1.0376535654067993 0
139.46272683143616 1.0545125007629395 0
140.13253736495972 0.8840029239654541 0
140.80610489845276 1.1037259101867676 0
141.492529630661 1.247570276260376 0
142.19020342826843 1.1336321830749512 0
142.8846459388733 1.133202314376831 0
143.57477641105652 1.4547370672225952 0
144.2530860900879 1.4334561824798584 0
144.9236319065094 1.0659871101379395 0
145.59006762504578 1.1962640285491943 0
146.25848388671875 0.8709909915924072 0
146.92703557014465 1.080100417137146 0
147.5947732925415 1.2799407243728638 0
148.2608859539032 1.2224483489990234 0
148.9295506477356 1.1499085426330566 0
149.6025424003601 1.0829675197601318 0
150.27312469482422 1.457430362701416 0
150.94799733161926 1.2368595600128174 0.1372663527727127
151.61816024780273 1.0526677370071411 0.1372663527727127
152.2932231426239 1.6158852577209473 0.1372663527727127
152.96391320228577 1.1331219673156738 0.1372663527727127
153.62948942184448 0.9927011132240295 0.1372663527727127
154.30241799354553 1.3233814239501953 0.1372663527727127
154.98481702804565 1.124219298362732 0.1372663527727127
155.6573896408081 1.113767147064209 0.1372663527727127
156.32946729660034 0.9941091537475586 0.1372663527727127
157.00626182556152 1.0137964487075806 0.1372663527727127
157.6881127357483 1.210342526435852 0.1372663527727127
158.35392260551453 0.995374321937561 0.1372663527727127
159.0213553905487 0.9937031269073486 0.1372663527727127
159.7120862007141 1.2043421268463135 0.1372663527727127
160.38543462753296 1.4574980735778809 0.1372663527727127
161.05488348007202 0.922316312789917 0.1372663527727127
161.73217630386353 1.1359304189682007 0.1372663527727127
162.39657759666443 1.1257113218307495 0.1372663527727127
163.0635051727295 1.260896921157837 0.1372663527727127
163.7425799369812 1.2135770320892334 0.1372663527727127
164.40982842445374 0.9662914872169495 0.1372663527727127
165.0808448791504 0.7927654981613159 0.1372663527727127
165.75980353355408 1.188589096069336 0.1372663527727127
166.42958617210388 1.0005301237106323 0.1372663527727127
167.0979814529419 1.024026870727539 0.1372663527727127
167.77346086502075 1.1102335453033447 0.1372663527727127
168.45333313941956 0.8854955434799194 0.1372663527727127
169.11601066589355 1.1254212856292725 0.1372663527727127
169.77929425239563 1.2513362169265747 0.1372663527727127
170.44208240509033 0.9378124475479126 0.1372663527727127
171.10449409484863 1.2793644666671753 0.1372663527727127
171.78497004508972 1.4735023975372314 0.1372663527727127
172.46855211257935 1.0108516216278076 0.1372663527727127
173.13990139961243 1.1165696382522583 0.1372663527727127
173.8196198940277 1.1606155633926392 0.1372663527727127
174.49295949935913 1.000494360923767 0.1372663527727127
175.15424752235413 1.371075987815857 0.1372663527727127
175.8302502632141 1.3740293979644775 0.1372663527727127
176.5042760372162 1.007989525794983 0.1372663527727127
177.1727614402771 1.1459667682647705 0.1372663527727127
177.84257340431213 1.4388418197631836 0.1372663527727127
178.5121853351593 0.9189135432243347 0.1372663527727127
179.19116377830505 1.1561567783355713 0.1372663527727127
179.86495399475098 1.1251351833343506 0.1372663527727127
180.52749228477478 1.0679905414581299 0.1372663527727127
