3.989690065383911 2.1565942764282227 0
4.61749267578125 2.0773568153381348 0
5.238295078277588 1.8080097436904907 0
5.848246335983276 2.131279945373535 0
6.457678318023682 1.8791835308074951 0
7.067325115203857 1.7460734844207764 0
7.6729302406311035 1.5436983108520508 0
8.283067464828491 1.8657903671264648 0
8.900497436523438 1.8021678924560547 0
9.518444061279297 1.6028565168380737 0
10.134690999984741 1.3689613342285156 0
10.753778457641602 1.362466812133789 0
11.368068933486938 1.4307029247283936 0
11.985020160675049 1.3702521324157715 0
12.613236427307129 1.5080432891845703 0
13.235968351364136 1.3777379989624023 0
13.854721784591675 1.1509771347045898 0
14.474391222000122 1.4233219623565674 0
15.078292846679688 1.4028667211532593 0
15.69565725326538 1.2702138423919678 0
16.30926775932312 1.387157678604126 0
16.916743516921997 1.3328766822814941 0
17.52228045463562 1.1037757396697998 0
18.129626274108887 0.9506176710128784 0
18.73100733757019 1.1836211681365967 0
19.34132742881775 1.2282099723815918 0
19.953576803207397 1.0502041578292847 0
20.562275409698486 1.165812611579895 0
21.170423984527588 1.4105066061019897 0
21.766273260116577 1.0404633283615112 0
22.375478744506836 1.393567442893982 0
22.978636980056763 0.9821905493736267 0
23.588847637176514 1.0818369388580322 0
24.191921710968018 0.8598949909210205 0
24.80125856399536 0.823083758354187 0
25.40567898750305 0.7566608786582947 0
26.016855239868164 0.7246835231781006 0
26.627192497253418 0.8685116767883301 0
27.236762523651123 0.7975112795829773 0
27.858229637145996 1.156402826309204 0
28.46397829055786 0.5681167840957642 0
29.063506603240967 0.802415132522583 0
29.665781497955322 0.5330433249473572 0
30.27233624458313 0.5838804841041565 0
30.875433921813965 0.7369515895843506 0
31.487499475479126 0.7128961682319641 0
32.09001970291138 0.8517403602600098 0
32.69828748703003 0.6181412935256958 0
33.306976079940796 0.5580433011054993 0
33.910542488098145 0.7842873930931091 0
34.506025552749634 0.6381031274795532 0
35.12000274658203 0.4462728202342987 0
35.73029804229736 0.7300100922584534 0
36.344608783721924 0.5308252573013306 0
36.95709943771362 0.40009063482284546 0
37.57159972190857 0.3524325489997864 0
38.189882040023804 0.5813089609146118 0
38.80434775352478 0.5497985482215881 0
39.39941883087158 0.5653507709503174 0
40.003843784332275 0.47661346197128296 0
40.60537314414978 0.8866190910339355 0
41.19715476036072 0.6245255470275879 0
41.792110443115234 0.42374056577682495 0
42.38942909240723 0.8321290016174316 0
42.98434615135193 0.6182914972305298 0
43.575135469436646 0.670199990272522 0
44.16842293739319 0.4117513597011566 0
44.771684885025024 0.759188175201416 0
45.371219873428345 0.6659306287765503 0
45.973466634750366 0.5875711441040039 0
46.572092056274414 0.5397751927375793 0
47.163591384887695 0.6234036684036255 0
47.761921882629395 0.38195598125457764 0
48.35832071304321 0.5581569075584412 0
48.953442096710205 1.0508235692977905 0
49.54926300048828 0.4741955101490021 0
50.146827936172485 0.4488578140735626 0
50.753846645355225 0.45436352491378784 0
51.35797667503357 0.35542017221450806 0
51.96757960319519 0.35187333822250366 0
52.57552123069763 0.7600332498550415 0
53.17892074584961 0.4138786196708679 0
53.78248333930969 0.5761728882789612 0
54.38465857505798 0.4887135624885559 0
54.985870599746704 0.4061535596847534 0
55.587873458862305 0.32683196663856506 0
56.18818140029907 0.7016015648841858 0
56.79757905006409 0.29368215799331665 0
57.397600412368774 0.35080546140670776 0
58.002665758132935 0.5874539613723755 0
58.61464738845825 0.6154876947402954 0
59.214810371398926 0.37646299600601196 0
59.81131172180176 0.7878855466842651 0
60.41170573234558 0.6352371573448181 0
61.00893592834473 0.6623067259788513 0
61.61090087890625 0.29577580094337463 0
62.213351249694824 0.4173597991466522 0
62.82273530960083 0.5972880125045776 0
63.42737126350403 0.2435702085494995 0
64.05566382408142 0.4121098518371582 0
64.67273807525635 0.3401365280151367 0
65.28426480293274 0.6239030361175537 0
65.89043879508972 0.28822648525238037 0
66.49923968315125 0.5105462074279785 0
67.10659003257751 0.3716714680194855 0
67.71245789527893 0.49355095624923706 0
68.32296347618103 0.8426724076271057 0
68.93463492393494 0.6454173922538757 0
69.53753304481506 0.34273234009742737 0
70.14360642433167 0.9390106201171875 0
70.75659203529358 0.7086257338523865 0
71.37158370018005 0.4850997030735016 0
71.98433542251587 0.8829173445701599 0
72.59354496002197 0.3772667646408081 0
73.20198822021484 0.806002140045166 0
73.79888868331909 0.6595397591590881 0
74.41349053382874 0.30073282122612 0
75.02326703071594 1.2945969104766846 0
75.63713192939758 0.41171348094940186 0
76.26134204864502 0.37731045484542847 0
76.85981249809265 0.9836615324020386 0
77.4546127319336 0.45253288745880127 0
78.04517316818237 0.728147029876709 0
78.64948558807373 0.5254710912704468 0
79.26045870780945 0.4560309052467346 0
79.8705747127533 0.6466220617294312 0
80.48055458068848 0.34939128160476685 0
81.0929787158966 0.7398542761802673 0
81.70136785507202 0.5663487911224365 0
82.31022667884827 0.45141011476516724 0
82.91266632080078 0.5189193487167358 0
83.51515889167786 0.6839804649353027 0
84.12287282943726 0.4243742525577545 0
84.7231707572937 0.5914996862411499 0
85.3257007598877 0.3686784505844116 0
85.92888617515564 0.44229593873023987 0
86.5387134552002 0.2808726727962494 0
87.14143252372742 0.44943851232528687 0
87.73701810836792 0.514703631401062 0
88.34557747840881 0.5885754227638245 0
88.94546794891357 0.37405699491500854 0
89.54088234901428 0.2549431324005127 0
90.13796210289001 0.5093874335289001 0
90.73302602767944 0.5389626026153564 0
91.3292875289917 0.4496021270751953 0
91.9302122592926 0.16798825562000275 0
92.53652238845825 0.8337722420692444 0
93.13332891464233 0.5315800309181213 0
93.73389172554016 0.6208152770996094 0
94.34117102622986 0.4108768105506897 0
94.94196486473083 0.3210289180278778 0
95.542475938797 0.2004842460155487 0
96.14363956451416 0.6923275589942932 0
96.75155806541443 0.6158113479614258 0
97.36022353172302 0.3031768500804901 0
97.9597098827362 0.329314649105072 0
98.56701159477234 0.497355580329895 0
99.17625713348389 0.34904778003692627 0
99.76706504821777 0.4741687774658203 0
100.37151789665222 0.6606080532073975 0
100.96204090118408 0.23151473701000214 0
101.56861329078674 0.4733588993549347 0
102.17325806617737 0.3030892610549927 0
102.77792477607727 0.6028499603271484 0
103.37395215034485 0.16825318336486816 0
103.96566033363342 0.4937923848628998 0
104.56999468803406 0.33470314741134644 0
105.16551876068115 0.5009725093841553 0
105.76559066772461 0.5087422728538513 0
106.3664915561676 0.3610401451587677 0
106.9576027393341 0.5920888185501099 0
107.55473899841309 0.45173633098602295 0
108.15459322929382 0.5483154654502869 0
108.75744390487671 0.1435115933418274 0
109.36034059524536 0.3395099639892578 0
109.96719288825989 0.41833746433258057 0
110.57558917999268 0.3556816577911377 0
111.18407583236694 0.28682541847229004 0
111.78428673744202 0.42264896631240845 0
112.39914655685425 0.272874653339386 0
113.00818347930908 1.0542333126068115 0
113.62115454673767 0.4997653365135193 0
114.22150897979736 0.6814174056053162 0
114.82097911834717 0.5210505723953247 0
115.4205687046051 0.4195669889450073 0
116.02252459526062 0.38367897272109985 0
116.6158618927002 0.38509896397590637 0
117.20717597007751 0.3016670048236847 0
117.81553673744202 0.2765691578388214 0
118.42007899284363 0.4216887652873993 0
119.01730823516846 0.33262646198272705 0
119.61111879348755 0.6073817014694214 0
120.21365451812744 0.26157015562057495 0
120.81116676330566 0.2611449062824249 0
121.40265703201294 0.4328116476535797 0
121.99593377113342 0.3832797408103943 0
122.60608887672424 0.4201902449131012 0
123.20676732063293 0.3915503919124603 0
123.81567716598511 0.4058660864830017 0
124.42741990089417 0.33981195092201233 0
125.02645230293274 0.20883271098136902 0
125.62752890586853 0.33556070923805237 0
126.23572826385498 0.4532994329929352 0
126.8511917591095 0.4056370258331299 0
127.46293926239014 0.29508084058761597 0
128.06960320472717 0.45077386498451233 0
128.66601610183716 0.7719584703445435 0
129.27035903930664 0.20534811913967133 0
129.88280057907104 0.28742748498916626 0
130.4872531890869 0.2985609769821167 0
131.09364080429077 0.46761053800582886 0
