4.417673587799072 2.250843048095703 0
5.110711574554443 2.0746376514434814 0
5.800442218780518 1.8160274028778076 0
6.483521461486816 2.106665849685669 0
7.169581174850464 1.7540862560272217 0
7.863719940185547 1.7896356582641602 0
8.564331293106079 1.568900227546692 0
9.265071868896484 2.0091686248779297 0
9.956963539123535 1.6981031894683838 0
10.65006947517395 1.615360975265503 0
11.342490911483765 1.5469918251037598 0
12.031988143920898 1.4318482875823975 0
12.72881531715393 1.5780105590820312 0
13.427296161651611 1.4400641918182373 0
14.109766721725464 1.7185171842575073 0
14.813253402709961 1.6280978918075562 0
15.50191855430603 1.3271836042404175 0
16.19388508796692 1.6576865911483765 0
16.880136728286743 1.7905938625335693 0
17.55359435081482 1.4588236808776855 0
18.25011682510376 1.6158092021942139 0
18.9413480758667 1.223711609840393 0
19.62831449508667 1.6492717266082764 0
20.30850648880005 1.4683547019958496 0
20.987832069396973 1.4203599691390991 0
21.664098978042603 1.2717888355255127 0
22.38623571395874 1.404387354850769 0
23.074934005737305 1.341312050819397 0
23.757813930511475 1.3700647354125977 0
24.4476580619812 1.5707476139068604 0
25.13427186012268 1.8545267581939697 0
25.83181929588318 1.2111393213272095 0
26.50899577140808 1.510347843170166 0
27.20389699935913 1.6250839233398438 0
27.89365553855896 1.5321869850158691 0
28.590089082717896 1.4122180938720703 0
29.279140949249268 1.349826693534851 0
29.96526527404785 1.6048285961151123 0
30.648976802825928 1.458597183227539 0
31.351113080978394 1.8887302875518799 0
32.04349231719971 1.3087544441223145 0
32.7475380897522 1.362204670906067 0
33.44504928588867 1.427168846130371 0
34.16411232948303 1.3043484687805176 0
34.849770069122314 1.4039697647094727 0
35.54720401763916 1.0727654695510864 0
36.23508930206299 1.5708270072937012 0
36.92237138748169 1.0346475839614868 0
37.60843300819397 1.2585639953613281 0
38.29612588882446 1.1029446125030518 0
38.98570513725281 1.221860408782959 0
39.662193298339844 1.105374813079834 0
40.339887619018555 1.5229159593582153 0
41.024911880493164 1.4696663618087769 0
41.71358060836792 1.4176760911941528 0
42.38696312904358 1.084848165512085 0
43.06881284713745 1.3227729797363281 0
43.75645732879639 1.3009397983551025 0
44.43532180786133 1.2968494892120361 0
45.13804769515991 1.0743485689163208 0
45.830538511276245 1.5931199789047241 0
46.51683735847473 1.13267183303833 0
47.188019037246704 1.0082182884216309 0
47.89087748527527 1.703565001487732 0
48.587536334991455 1.3825689554214478 0
49.26541519165039 1.2120063304901123 0
49.941375494003296 1.2036402225494385 0
50.625731229782104 1.373681902885437 0
51.30141520500183 1.1934864521026611 0
51.976629972457886 1.2611792087554932 0
52.657078981399536 1.2845937013626099 0
53.35017657279968 1.437908411026001 0
54.04255986213684 1.1146130561828613 0
54.726964712142944 1.203409194946289 0
55.399911403656006 1.5496183633804321 0
56.076696157455444 1.1846415996551514 0
56.75874066352844 1.083747386932373 0
57.43801307678223 1.229863166809082 0
58.12066197395325 1.0759503841400146 0
58.81094932556152 1.0360994338989258 0
59.49771213531494 1.3371665477752686 0
60.18898320198059 1.2806942462921143 0
60.87165713310242 1.4061970710754395 0
61.555291414260864 1.4905755519866943 0
62.23607635498047 1.0498007535934448 0
62.927791118621826 1.2800381183624268 0
63.60744857788086 1.3379638195037842 0
64.28851985931396 0.8765419721603394 0
64.97977924346924 1.459923505783081 0
65.65954399108887 1.333980917930603 0
66.3337824344635 1.2690207958221436 0
67.01564359664917 1.2779240608215332 0
67.69257688522339 1.4607782363891602 0
68.37332534790039 1.4359676837921143 0
69.05600047111511 1.4389839172363281 0
69.73530578613281 1.0948854684829712 0
70.42805194854736 1.0652174949645996 0
71.11091232299805 0.9607613682746887 0
71.79890155792236 0.9864838123321533 0
72.48906803131104 1.1369924545288086 0
73.18303418159485 1.2918516397476196 0
73.88723826408386 1.294053316116333 0
74.57958555221558 1.25791597366333 0
75.27556371688843 1.2880761623382568 0
75.98234438896179 1.3233882188796997 0
76.6722137928009 1.2633635997772217 0
77.3770763874054 1.494511604309082 0
78.06657433509827 1.2678468227386475 0
78.76263928413391 1.1612669229507446 0
79.46131229400635 1.2905282974243164 0
80.14709186553955 1.4162087440490723 0
80.83779954910278 1.539595127105713 0
81.53499412536621 1.503026008605957 0
82.22548413276672 1.186962604522705 0
82.94181632995605 1.2686361074447632 0
83.644846200943 1.4178094863891602 0
84.31885743141174 0.9827330708503723 0
85.00164413452148 1.7441136837005615 0
85.68160367012024 1.064021348953247 0
86.3575689792633 1.5635085105895996 0
87.0464551448822 1.117823839187622 0
87.72914171218872 1.1362566947937012 0
88.41602444648743 1.6750836372375488 0
89.09849452972412 1.4122555255889893 0
89.77355861663818 1.1816661357879639 0
90.45459389686584 1.100743293762207 0
91.15506076812744 1.064024567604065 0
91.83542776107788 1.244093418121338 0
92.51042032241821 1.4448381662368774 0
93.20413589477539 1.2385271787643433 0
93.90530180931091 1.1804542541503906 0
94.6203351020813 1.2128227949142456 0
95.31469631195068 1.3557100296020508 0
96.00752019882202 1.2316449880599976 0
96.70038938522339 1.1688872575759888 0
97.39852523803711 1.0837304592132568 0
98.0878381729126 1.2356988191604614 0
98.77233958244324 1.1942681074142456 0
99.45850491523743 1.3260353803634644 0
100.14461660385132 1.2963424921035767 0
100.83727478981018 1.2540894746780396 0
101.51543045043945 0.9988444447517395 0
102.19849419593811 1.2151072025299072 0
102.87350702285767 1.242422342300415 0
103.55498480796814 1.3745667934417725 0
104.23562002182007 1.0094326734542847 0
104.9166808128357 1.3437693119049072 0
105.59076046943665 1.0839226245880127 0
106.27604579925537 1.372443437576294 0
106.97630071640015 1.6027605533599854 0
107.65995693206787 1.1755834817886353 0
108.34177041053772 1.1943187713623047 0
109.02641224861145 1.227771520614624 0
109.70204138755798 1.1565898656845093 0
110.3795006275177 1.3818985223770142 0
111.06417155265808 0.9669389724731445 0
111.76166319847107 1.1931201219558716 0
112.44137835502625 1.1433387994766235 0
113.11178755760193 1.3323416709899902 0
113.78267669677734 0.7644031643867493 0
114.46974301338196 1.1358718872070312 0
115.14604234695435 1.464158535003662 0
115.81542682647705 1.1116796731948853 0
116.48974180221558 1.1341352462768555 0
117.17741107940674 1.0332729816436768 0
117.88026976585388 1.1530749797821045 0
118.57094383239746 1.291550636291504 0
119.29482173919678 1.2000614404678345 0
119.98049640655518 1.257617712020874 0
120.68070244789124 1.1884434223175049 0
121.36092138290405 1.3324812650680542 0
122.03637599945068 1.1790528297424316 0
122.71059513092041 1.419479250907898 0
123.38343834877014 1.057154893875122 0
124.06444883346558 1.0343267917633057 0
124.7447030544281 1.036508321762085 0
125.41892576217651 1.2313786745071411 0
126.08805632591248 1.047781229019165 0
126.75946855545044 1.3007680177688599 0
127.43269157409668 1.221463680267334 0
128.1070294380188 1.5651212930679321 0
128.7817349433899 1.4309899806976318 0
129.4654495716095 1.4505201578140259 0
130.1561086177826 1.1433086395263672 0
130.84507489204407 1.1216145753860474 0
131.52397561073303 1.0316632986068726 0
132.1897852420807 0.886878490447998 0
132.85872340202332 1.167095422744751 0
133.52042603492737 1.5505397319793701 0
134.18939805030823 1.3383800983428955 0
134.8647780418396 1.1608459949493408 0
