2.0885276794433594
2.03952956199646
2.2369251251220703
1.6102551221847534
1.4663474559783936
1.3576703071594238
1.1473710536956787
1.0678743124008179
0.9552614688873291
0.8753502368927002
0.850888729095459
0.6671563386917114
0.6558625102043152
0.5677192807197571
0.6110327839851379
0.5632025003433228
0.5236852765083313
0.49484702944755554
0.417681485414505
0.3713807165622711
0.35371315479278564
0.46307653188705444
0.3310557007789612
0.4465944170951843
0.2835693359375
0.3266212046146393
0.31335169076919556
0.28606826066970825
0.2621617913246155
0.3378433883190155
0.2302044928073883
0.26055410504341125
0.33538344502449036
0.4169176518917084
0.3026030957698822
0.277255117893219
0.23706607520580292
0.27503257989883423
0.2774188816547394
0.31893256306648254
0.2663418650627136
0.29294854402542114
0.2776919901371002
0.2124868780374527
0.24464119970798492
0.28157421946525574
0.28726035356521606
0.22082698345184326
0.3347562253475189
0.1915217787027359
0.2656673192977905
0.23078644275665283
0.2971193790435791
0.23738256096839905
0.20574484765529633
0.2557719051837921
0.2415623813867569
0.1691409945487976
0.29625800251960754
0.167791485786438
0.20954792201519012
0.20325329899787903
0.2557128965854645
0.25369173288345337
0.18165311217308044
0.15138469636440277
0.2114085704088211
0.12549430131912231
0.17868998646736145
0.20304524898529053
0.21883390843868256
0.2843383550643921
0.11807212978601456
0.16948704421520233
0.20024052262306213
0.12467001378536224
0.13055478036403656
0.1793762594461441
0.13020411133766174
0.10270226001739502
0.21336781978607178
0.22695840895175934
0.12046796083450317
0.15497778356075287
0.13689549267292023
0.09158093482255936
0.18325035274028778
0.1389518529176712
0.13871777057647705
0.14887449145317078
0.19993101060390472
0.11781032383441925
0.17144231498241425
0.1289108544588089
0.11476286500692368
0.104004867374897
0.13191711902618408
0.09481865167617798
0.1611335575580597
0.18122310936450958
0.14953204989433289
0.1676083505153656
0.12771844863891602
0.10965364426374435
0.1492876261472702
0.16022105515003204
0.18237406015396118
0.10775915533304214
0.13748256862163544
0.17665688693523407
0.16355659067630768
0.16687409579753876
0.11611774563789368
0.10983631014823914
0.18407520651817322
0.086508609354496
0.14591513574123383
0.15152683854103088
0.13609342277050018
0.19817624986171722
0.099980928003788
0.178887277841568
0.1043255627155304
0.08973262459039688
0.08323007822036743
0.21639275550842285
0.08712835609912872
0.12258513271808624
0.23177804052829742
0.15872520208358765
0.1032634824514389
0.09627261757850647
0.13535697758197784
0.0578719787299633
0.1749182492494583
0.09990957379341125
0.09911662340164185
0.11535011231899261
0.18077057600021362
0.05130463093519211
0.09083535522222519
0.07630353420972824
0.0961681380867958
0.05750257149338722
0.08260286599397659
0.06127014756202698
0.09865479916334152
0.07335282862186432
0.059619463980197906
0.08202897757291794
0.08654925972223282
0.07594716548919678
0.09789161384105682
0.12804090976715088
0.1534329503774643
0.10779953002929688
0.0884757936000824
0.15018697082996368
0.15635241568088531
0.10030800104141235
0.13578982651233673
0.10484308004379272
0.08122506737709045
0.10701829195022583
0.12698952853679657
0.11829903721809387
0.1170857697725296
0.17166171967983246
0.10534507781267166
0.13505664467811584
0.1136556938290596
0.08438609540462494
0.07316584885120392
0.12110920995473862
0.12056887149810791
0.07645313441753387
0.12002858519554138
0.13410592079162598
0.07466936856508255
0.06953972578048706
0.09341618418693542
0.056258805096149445
0.11160613596439362
0.07947539538145065
0.07309532165527344
0.09182022511959076
0.10157801955938339
0.05253935977816582
0.051021236926317215
0.059102654457092285
0.09121381491422653
0.07271583378314972
0.08135257661342621
0.05181059613823891
0.0840040072798729
0.06542085111141205
0.06136215850710869
0.06850077956914902
0.06659704446792603
0.08050896972417831
0.07195793092250824
0.08743711560964584
0.08171647787094116
0.051299069076776505
0.04577246680855751
0.0852382704615593
0.1044248715043068
0.06308936327695847
0.0580647774040699
0.05691677704453468
0.07956995815038681
0.049308065325021744
0.09677443653345108
0.082976333796978
0.07721929997205734
0.11750487983226776
0.08749612420797348
0.06149299442768097
0.0821915715932846
0.04782227799296379
0.04072973132133484
0.07683546841144562
0.07923084497451782
0.04184524714946747
0.0778065025806427
0.12144654244184494
0.07228405773639679
0.0332697257399559
0.037914179265499115
0.04585203900933266
0.08217773586511612
0.05267525464296341
0.040070030838251114
0.0477546751499176
0.1255480945110321
0.041405607014894485
0.056937944144010544
0.08334444463253021
0.05797909200191498
0.03843901306390762
0.08426016569137573
0.03995896875858307
0.08629962056875229
0.08098641782999039
0.06051094830036163
0.06153785437345505
0.10439594089984894
0.03549204394221306
0.10002102702856064
0.09198285639286041
0.11328589916229248
0.10361343622207642
0.026990506798028946
0.04420102760195732
0.05133245140314102
0.1790027618408203
0.05589764565229416
0.03194676339626312
0.05608576536178589
0.059457845985889435
0.10900874435901642
0.05890714377164841
0.05943911150097847
0.12310329079627991
0.06926028430461884
0.03812354430556297
0.07962141931056976
0.08547332882881165
0.03622741997241974
0.03378404676914215
0.07051491737365723
0.039097629487514496
0.09530650079250336
0.0788855329155922
0.02809056267142296
0.06738489866256714
0.0489174984395504
0.03993215039372444
0.10643420368432999
0.042370352894067764
0.06506678462028503
0.06295526772737503
0.09264258295297623
0.022319713607430458
0.016795337200164795
0.058622341603040695
0.0455561988055706
0.07886425405740738
0.04793843999505043
0.04106183722615242
0.07412084192037582
0.07802073657512665
0.04687082767486572
0.02202851139008999
0.05157969892024994
0.0317392572760582
0.08399119228124619
0.06088048592209816
0.04759304225444794
0.0424584336578846
0.02950272150337696
0.0861508771777153
0.04772118851542473
0.08555986732244492
0.06604292243719101
0.042534638196229935
0.04502046853303909
0.02049371786415577
0.04243728145956993
0.07003554701805115
0.03623231500387192
0.061930395662784576
0.04402812570333481
0.029202900826931
0.03599114343523979
0.025665249675512314
0.04424412176012993
0.060537632554769516
0.03950048238039017
0.013278649188578129
0.0806892141699791
0.056959349662065506
0.04257197305560112
0.029478568583726883
0.0560249388217926
0.03062347136437893
0.07340759038925171
0.03085200861096382
0.042573217302560806
0.03525475412607193
0.08495339751243591
0.010297264903783798
0.03503653034567833
0.04689992591738701
0.03445866331458092
0.07625848799943924
0.019345471635460854
0.016138359904289246
0.054048504680395126
0.05996096134185791
0.026954667642712593
0.016265423968434334
0.049204230308532715
0.05495770648121834
0.03559599444270134
0.03862161561846733
0.06676723062992096
0.03823842480778694
0.014348199591040611
0.04232169687747955
0.06406988203525543
0.05138522759079933
0.06669102609157562
0.023110240697860718
0.04430850222706795
0.035791970789432526
0.05400017648935318
0.057254306972026825
0.07590482383966446
0.1114998608827591
0.027366336435079575
0.025987723842263222
0.08529096096754074
0.06540936231613159
0.06915341317653656
0.07192585617303848
0.02287597395479679
0.0764249712228775
0.06475816667079926
0.05646901577711105
0.03634962439537048
0.059416741132736206
0.028747890144586563
0.04099287465214729
0.08524833619594574
0.015458431094884872
0.05890015512704849
0.0655745267868042
0.07802664488554001
0.03692200034856796
0.041957493871450424
0.07442373782396317
0.028737882152199745
0.022580550983548164
0.056940965354442596
0.03380325809121132
0.05351397395133972
0.08337709307670593
0.06329300999641418
0.06289977580308914
0.12337552011013031
0.08856029808521271
0.0669960230588913
0.019570350646972656
0.10005218535661697
0.11013230681419373
0.06938183307647705
0.03930715471506119
0.03671199828386307
0.04741322249174118
0.03784847632050514
0.07582461833953857
0.06964965909719467
0.04259078577160835
0.043726563453674316
0.048374634236097336
0.07483959197998047
0.04677776247262955
0.020741533488035202
0.03355218470096588
0.039116036146879196
0.047524284571409225
0.04276705160737038
0.016354337334632874
0.022056130692362785
0.02924802526831627
0.043272145092487335
0.034000374376773834
0.05501626059412956
0.058462437242269516
0.03441048413515091
0.012296290136873722
0.042557112872600555
0.019262734800577164
0.0323113389313221
0.03044779598712921
0.06391999870538712
0.011005411855876446
0.009764907881617546
0.04548916220664978
0.024151401594281197
0.027527492493391037
0.034202005714178085
0.024859245866537094
0.01558521669358015
0.020530030131340027
0.06367771327495575
0.020900001749396324
0.029692422598600388
0.008820426650345325
0.042158737778663635
0.05786101892590523
0.015619619749486446
0.006266549229621887
0.026157476007938385
0.04457492008805275
0.06250432133674622
0.02247285097837448
0.02578023634850979
0.04108476638793945
0.05345810949802399
0.025460731238126755
0.039715979248285294
0.009675050154328346
0.020192133262753487
0.041377779096364975
0.014974958263337612
0.01755627617239952
0.018205782398581505
0.026146842166781425
0.05125249922275543
0.02554841712117195
0.014073007740080357
0.007339673116803169
0.03547365218400955
0.04314158111810684
0.05878443270921707
0.01675369217991829
0.042022980749607086
0.04982486739754677
0.024254633113741875
0.0061773136258125305
0.054618336260318756
0.02022630348801613
0.06397940963506699
0.010790044441819191
0.06914689391851425
0.05100753530859947
0.02114691026508808
0.013112231157720089
0.03629819303750992
0.01252287533134222
0.04987494274973869
0.027377163991332054
0.051528200507164
0.020955555140972137
0.028248701244592667
0.015544069930911064
0.02807331085205078
0.021999873220920563
0.0189900454133749
0.026693351566791534
0.019455138593912125
0.03138396888971329
0.0667908787727356
0.0338146947324276
0.03241575509309769
0.028622563928365707
0.04477531462907791
0.029497647657990456
0.015656279399991035
0.018901512026786804
0.00977115798741579
0.05354342237114906
0.02061842381954193
0.02157590351998806
0.030529726296663284
0.022569678723812103
0.042692556977272034
0.0390591062605381
0.019515510648489
0.0587480254471302
0.05665871500968933
0.02287932112812996
0.00614947872236371
0.03820536285638809
0.014176315627992153
0.027976861223578453
0.05377274006605148
0.017198070883750916
0.07045318931341171
0.044149499386548996
0.06161055713891983
0.015126373618841171
0.026150396093726158
0.04100322723388672
0.011734399944543839
0.029839366674423218
0.007552641909569502
0.01596803590655327
0.033813491463661194
0.03960791602730751
0.03888414055109024
0.007948246784508228
0.029358485713601112
0.01459061075001955
0.045875005424022675
0.027982283383607864
0.05169166997075081
0.02235294133424759
0.008875216357409954
0.002938764402642846
0.009341861121356487
0.015348251909017563
0.009755528531968594
0.022821135818958282
0.024043532088398933
0.006825605873018503
0.035647355020046234
0.006866199895739555
0.03718550503253937
0.031204352155327797
0.006653897929936647
0.010020604357123375
0.021302765235304832
0.004428552463650703
0.011163379065692425
0.024251751601696014
0.012752591632306576
0.015237109735608101
0.02112250216305256
0.03652360290288925
0.011204199865460396
0.004629978444427252
0.03698904812335968
0.023152602836489677
0.011119034141302109
0.015546786598861217
0.017153656110167503
0.012015650980174541
0.05138983950018883
0.010143152438104153
0.016552183777093887
0.018798990175127983
0.03450678661465645
0.006842546630650759
0.015421412885189056
0.03723832592368126
0.01662747748196125
0.0688706487417221
0.01656065694987774
0.019803138449788094
0.03470579534769058
0.02193896286189556
0.01749097928404808
0.01267055794596672
0.06772463023662567
0.02005837671458721
0.03929775208234787
0.02703847549855709
0.045367252081632614
0.03372780978679657
0.05045993626117706
0.01519632339477539
0.08388988673686981
0.024360449984669685
0.00998647790402174
0.022576937451958656
0.015266467817127705
0.043888092041015625
0.07475011050701141
0.05490916594862938
0.03921206668019295
0.05280406400561333
0.03468015044927597
0.03203992173075676
0.039531856775283813
0.015271696262061596
0.03558598458766937
0.032502900809049606
0.04775707796216011
0.03206722438335419
0.01230648998171091
0.02916283905506134
0.029521694406867027
0.007692916784435511
0.01330674346536398
0.0526743084192276
0.0531943142414093
0.016336612403392792
0.019801385700702667
0.009608571417629719
0.006757299415767193
0.03334451839327812
0.012574744410812855
0.0062445164658129215
0.0129303690046072
0.01717424765229225
0.04100029915571213
0.006964758038520813
0.013958225026726723
0.024794846773147583
0.030581636354327202
0.009541796520352364
0.018136583268642426
0.026633523404598236
0.027582451701164246
0.005265999585390091
0.012719458900392056
0.01005988847464323
0.0067121912725269794
0.009088756516575813
0.004938139580190182
0.007084620650857687
0.014707056805491447
0.02880774810910225
0.04972797632217407
0.021690115332603455
0.006191764026880264
0.013222387060523033
0.009634762071073055
0.008248163387179375
0.008505398407578468
0.005617537535727024
0.01976039819419384
0.0026546441949903965
0.05671382322907448
0.01922917179763317
0.005476375110447407
0.00325364014133811
0.012452506460249424
0.006689074449241161
0.029251277446746826
0.011234249919652939
0.023515956476330757
0.015168643556535244
0.04314544424414635
0.004632406868040562
0.005769207142293453
0.00808993075042963
0.031594034284353256
0.004608421586453915
0.012246128171682358
0.0038944915868341923
0.025650478899478912
0.012089473195374012
0.006423742976039648
0.011271067894995213
0.013516581617295742
0.02332114987075329
0.01309112273156643
0.003768476191908121
0.0060373698361217976
0.02603873983025551
0.027354422956705093
0.0074449870735406876
0.03025706857442856
0.010595970787107944
0.00666391383856535
0.0037480711471289396
0.004405452404171228
0.002259202068671584
0.0033045813906937838
0.012722747400403023
0.014457223936915398
0.02980317920446396
0.015452101826667786
0.011435936205089092
0.0009180810884572566
0.016775932163000107
0.008602888323366642
0.0032008595298975706
0.004044300876557827
0.0021521118469536304
0.0146391736343503
0.024492627009749413
0.018755417317152023
0.007479822728782892
0.0036398572847247124
0.006215407978743315
0.014352329075336456
0.01003770437091589
0.016081366688013077
0.005846261512488127
0.03986498713493347
0.0031981440261006355
0.01962714083492756
0.011290552094578743
0.005190106108784676
0.0019866707734763622
0.03176119551062584
0.005352796986699104
0.007673983927816153
0.0019090665737167
0.01194998063147068
0.007076499983668327
0.00898961815983057
0.02326689101755619
0.03720274940133095
0.00798774790018797
0.021824270486831665
0.011366629973053932
0.02616247534751892
0.012072945944964886
0.0344073548913002
0.011169681325554848
0.020635992288589478
0.02024567686021328
0.01750032976269722
0.017333080992102623
0.024228734895586967
0.01385495811700821
0.04674867168068886
0.027322251349687576
0.0190124474465847
0.006749354302883148
0.03285105526447296
0.020757175981998444
0.003918804693967104
0.008076067082583904
0.03450272977352142
0.00452397670596838
0.024738507345318794
0.008773394860327244
0.019559670239686966
0.008007955737411976
0.008155569434165955
0.009003226645290852
0.00585707975551486
0.02174125611782074
0.0018009596969932318
0.00457137543708086
0.04707635939121246
0.002259518252685666
0.004518759902566671
0.002018263330683112
0.030209539458155632
0.02443792298436165
0.008451541885733604
0.007790254894644022
0.013286798261106014
0.023466331884264946
0.011841229163110256
0.03115701861679554
0.0027458197437226772
0.0013870432740077376
0.006306258030235767
0.04586486145853996
0.0036383685655891895
0.004103050567209721
0.004987122491002083
0.01398832630366087
0.002509994665160775
0.00869349017739296
0.011924645863473415
0.023057498037815094
0.01267328578978777
0.0023531231563538313
0.007992435246706009
0.0030421423725783825
0.0033396552316844463
0.009231019765138626
0.023219428956508636
0.0034575744066387415
0.0053928084671497345
0.011032885871827602
0.013344108127057552
0.020099053159356117
0.03423053026199341
0.0064549874514341354
0.018346361815929413
0.013109413906931877
0.00999207142740488
0.012068512849509716
0.013085977174341679
0.0022131598088890314
0.02414209395647049
0.011373265646398067
0.0061146230436861515
0.03180422633886337
0.03405255451798439
0.008391580544412136
0.02842589095234871
0.018963200971484184
0.0033070873469114304
0.00848887488245964
0.019412526860833168
0.009096025489270687
0.04001876711845398
0.037827033549547195
0.028055736795067787
0.006929958704859018
0.013036065734922886
0.017857423052191734
0.09830459952354431
0.00952859129756689
0.06604260206222534
0.016805587336421013
0.019042201340198517
0.005289621651172638
0.013721135444939137
0.019701385870575905
0.062389399856328964
0.009165416471660137
0.012154757045209408
0.009139283560216427
0.0039639524184167385
0.020789099857211113
0.01850217767059803
0.06936605274677277
0.043029360473155975
0.017735041677951813
0.013707582838833332
0.011984306387603283
0.03407704830169678
0.0299100149422884
0.043265651911497116
0.07822701334953308
0.018171200528740883
0.026858534663915634
0.03848776966333389
0.012802379205822945
0.060533348470926285
0.02155156619846821
0.03064267337322235
0.007861388847231865
0.034544218331575394
0.038810230791568756
0.05557122826576233
0.00948643684387207
0.009052766487002373
0.04821989685297012
0.012927677482366562
0.011173318140208721
0.017425892874598503
0.014304920099675655
0.019563311710953712
0.014593452215194702
0.036943525075912476
0.00469046039506793
0.0048592472448945045
0.019763754680752754
0.029683437198400497
0.01193249225616455
0.006948692724108696
0.00949573889374733
0.018515920266509056
0.007560702972114086
0.009470010176301003
0.009866767562925816
0.016285674646496773
0.0061091473326087
0.017840592190623283
0.008779499679803848
0.044854678213596344
0.0065557039342820644
0.0054085999727249146
0.015864040702581406
0.002111170208081603
0.008234033361077309
0.005024633836001158
0.013567441143095493
0.0031976972240954638
0.008041617460548878
0.018179334700107574
0.008055371232330799
0.007051105611026287
0.011928570456802845
0.010174667462706566
0.021481499075889587
0.0027316552586853504
0.0015951774548739195
0.0025196189526468515
0.005688883364200592
0.0016106445109471679
0.0036090111825615168
0.030779961496591568
0.0021075999829918146
0.004743348341435194
0.004356466233730316
0.013293690048158169
0.009432483464479446
0.0030218458268791437
0.0006450374494306743
0.004647225607186556
0.005818443838506937
0.004079884383827448
0.0017544360598549247
0.0013212646590545774
0.0007848543464206159
0.003110678866505623
0.001477501355111599
0.0019484077347442508
0.002681359415873885
0.0025059115141630173
0.004772028885781765
0.0031012631952762604
0.010591527447104454
0.003592238761484623
0.0018734594341367483
0.0032019801437854767
0.0031335786916315556
0.001993098296225071
0.010676039382815361
0.0011041905963793397
0.029391545802354813
0.00648521026596427
0.001004743855446577
0.0021755897905677557
0.0007594937342219055
0.0008575732936151326
0.0006625930545851588
0.0005136207328177989
0.0002772906154859811
0.005606501828879118
0.0011513245990499854
0.003944209311157465
0.000905088207218796
0.01871541142463684
0.002401013160124421
0.0009715664782561362
0.000690748100169003
0.0008091859053820372
0.0019851599354296923
0.018772298470139503
0.003555839881300926
0.0004250717465765774
0.0038775599095970392
0.0005961379501968622
0.011655615642666817
0.0035730472300201654
0.0010647542076185346
0.0022713677026331425
0.018700096756219864
0.0012867181794717908
0.0011442891554906964
0.0015438403934240341
0.0008528395555913448
0.002715101931244135
0.0007699670968577266
0.0025321145076304674
0.0006264367257244885
0.0011509236646816134
0.0011556462850421667
0.0009419970447197556
0.0007169473101384938
0.0005148192285560071
0.0027688664849847555
0.0006955554126761854
0.0011729440884664655
0.00047439304762519896
0.0006784941651858389
0.0011826921254396439
0.0015934956027194858
0.0011106525780633092
0.0009410320781171322
0.002988408785313368
0.0003353222564328462
0.0006962988991290331
0.0008788870181888342
0.0011149001074954867
0.0002799318463075906
0.0008311833953484893
0.0003867080667987466
0.0004964221152476966
0.0002878255327232182
0.0007534928736276925
0.0002947466273326427
0.0003353511565364897
0.0005187419592402875
0.0007898886105976999
0.0006140737095847726
0.016242027282714844
0.00019516170141287148
0.0003674840263556689
0.0002658556913957
0.0004896289901807904
0.0003193918091710657
0.0007593199261464179
0.0007989382720552385
0.0010000226320698857
0.0011405212571844459
0.0005794453900307417
0.0005493806675076485
0.0006338944658637047
0.00036470810300670564
0.0004467644030228257
0.0029844380915164948
0.0007387084770016372
0.0003496346471365541
0.0009914350230246782
0.0002643174375407398
0.0002906469744630158
0.00037324483855627477
0.0002685073995962739
0.00025374197866767645
0.00022585147235076874
0.0002477873058523983
0.00018153640849050134
0.000329466158291325
0.00019006450020242482
0.0002490644110366702
0.00027334794867783785
0.000470759259769693
0.00024999360903166234
0.00018044686294160783
0.000392149348044768
0.00027406381559558213
0.000310599512886256
0.0001455899910070002
0.0005435869679786265
0.00027815205976366997
0.00031431682873517275
0.00016733033407945186
0.0003077716683037579
0.00015077491116244346
0.0002477468806318939
0.0002919301332440227
0.0002645338827278465
0.000312064221361652
0.013446982949972153
0.00014701955660711974
0.0002704618382267654
0.0002361976949032396
0.0004634500073734671
0.00028393688262440264
0.0003839505079668015
0.0006006576004438102
0.0008323689107783139
0.0010651600314304233
0.0004579400992952287
0.0004181105468887836
0.0005516286473721266
0.0002811707672663033
0.0005032808985561132
0.0002048905735136941
0.0007506360998377204
0.0002911037881858647
0.00101364660076797
0.00021263962844386697
0.0002443883859086782
0.0002631210663821548
0.00021078184363432229
0.0001884055236587301
0.00019272015197202563
0.00019946455722674727
0.0001723503228276968
0.00025607598945498466
0.0001859416370280087
0.00019174866611137986
0.00021770599414594471
0.0003708281146828085
0.00021536069107241929
0.00014226722123567015
0.00031510324333794415
0.00022344323224388063
0.00024254723393823951
0.00012855314707849175
0.00045520198182202876
0.00022853359405416995
0.00026465195696800947
0.00013845328066963702
0.0002534291706979275
0.00011632309906417504
0.00020207637862768024
0.00022698806424159557
0.00020585495803970844
0.00024996951106004417
0.010402263142168522
0.00013343074533622712
0.00016442584455944598
0.00016915857850108296
0.0002524111478123814
0.00020876988128293306
0.00019852336845360696
0.0004428845422808081
0.0006131315603852272
0.0007119907531887293
0.0003611489082686603
0.00032870005816221237
0.000402069155825302
0.0002339450438739732
0.0004275867249816656
0.00017572508659213781
0.0007352455868385732
0.0002627754583954811
0.0011989892227575183
0.00018884932796936482
0.00021936076518613845
0.00024836143711581826
0.00017912010662257671
0.0001624533033464104
0.00018075338448397815
0.0001736079138936475
0.0001634227519389242
0.00021581804321613163
0.00021601321350317448
0.0001641239068703726
0.00018827886378858238
0.000315492128720507
0.0001825359504437074
0.0001245341991307214
0.0002758216578513384
0.00018963118782266974
0.00019919149053748697
0.00011379738134564832
0.0003825050953309983
0.00020058167865499854
0.0002279601467307657
0.00012027200136799365
0.00021750542509835213
9.705733828013763e-05
0.00017284027126152068
0.0001919423375511542
0.0001690514327492565
0.00020948868768755347
0.0064564780332148075
0.00012019361020065844
0.0001379425812046975
0.00014605483738705516
0.00020175844838377088
0.00017052711336873472
0.00015842189895920455
0.00029067182913422585
0.000487947283545509
0.00046693056356161833
0.0002889855531975627
0.00026203718152828515
0.00032341497717425227
0.00016891062841750681
0.0003047618083655834
0.0001432397693861276
0.0005071907071396708
0.00021406756422948092
0.0012811629567295313
0.00016639695968478918
0.00019534725288394839
0.00022252877533901483
0.00015523919137194753
0.00014674055273644626
0.00017566184396855533
0.00015651731519028544
0.00015896120748948306
0.0001924180396599695
0.00027230053092353046
0.00014722453488502651
0.00016938050976023078
0.00027812260668724775
0.00015688971325289458
0.00011849198199342936
0.0002621417515911162
0.00016629871970508248
0.00017235626000910997
0.00010205469152424484
0.00033156503923237324
0.00018348442972637713
0.0002008426090469584
0.00010948885756079108
0.00019185850396752357
8.565940515836701e-05
0.00015012262156233191
0.00017138014663942158
0.00014440732775256038
0.00018101517343893647
0.0032874862663447857
0.0001076114785973914
0.00012042172602377832
0.0001307129132328555
0.0001703541202004999
0.0001437825703760609
0.00013201449473854154
0.00017945448053069413
0.000343547435477376
0.00031993119046092033
0.00023847627744544297
0.00021036845282651484
0.0002596391423139721
0.0001117819338105619
0.0001908034464577213
0.00011400957737350836
0.00025621423264965415
0.00015212997095659375
0.0009294964256696403
0.00014162834850139916
0.00014678864681627601
0.0001509281137259677
0.0001350238744635135
0.00011854401236632839
0.0001304834586335346
0.00013990135630592704
0.00014083260612096637
0.00016701556160114706
0.0002587602357380092
0.00012907767086289823
0.00014944374561309814
0.00024292072339449078
0.000133814086439088
0.00010690613271435723
0.00023767283710185438
0.0001457066391594708
0.0001507868873886764
9.026216139318421e-05
0.0002931421622633934
0.00016762477753218263
0.00017661253514233977
9.958673035725951e-05
0.00017059269885066897
7.647911843378097e-05
0.00013234674406703562
0.00015573961718473583
0.0001263791200472042
0.00015981194155756384
0.0017850022995844483
9.62302292464301e-05
0.00010778877913253382
0.00011934842768823728
0.00015021451690699905
0.0001262491859961301
0.00011580343561945483
0.00014339333574753255
0.000277302460744977
0.00026518263621255755
0.00020600171410478652
0.00018207711400464177
0.00022193398035597056
9.071273962035775e-05
0.00015841249842196703
9.874361421680078e-05
0.00019589120347518474
0.000128056388348341
0.0006764961290173233
0.00012420750863384455
0.00012047924246871844
0.00012075190170435235
0.00011988323967671022
9.93770663626492e-05
0.00010459824261488393
0.00012676093319896609
0.00012478581629693508
0.0001449334667995572
0.00020009871514048427
0.00011283812636975199
0.0001312652020715177
0.00021210718841757625
0.0001149422096204944
9.000930731417611e-05
0.00019800831796601415
0.00012795474322047085
0.00013274032971821725
7.978382200235501e-05
0.00025968768750317395
0.00014967822062317282
0.0001560215896461159
8.903699927031994e-05
0.00015190702106337994
6.684866093564779e-05
0.0001191610936075449
0.00013919261982664466
0.00011230196105316281
0.00014244686462916434
0.0013687124010175467
8.727706881472841e-05
9.609702101442963e-05
0.00010960653889924288
0.000133711495436728
0.00011201424058526754
0.00010335457773180678
0.00012213425361551344
0.00023760221665725112
0.0002314242155989632
0.0001823040802264586
0.00016106489056255668
0.0001958732318598777
7.919876952655613e-05
0.00014211999950930476
8.841753879096359e-05
0.00016933669394347817
0.00011422359966672957
0.0005729135009460151
0.00011193446698598564
0.0001066686018020846
0.00010629398457240313
0.00010817137081176043
8.86411071405746e-05
9.2759080871474e-05
0.00011645934137050062
0.00011549011105671525
0.000130025451653637
0.00017281393229495734
0.000101660487416666
0.000118431264127139
0.00019009764946531504
0.00010122770618181676
8.03175862529315e-05
0.00017634735559113324
0.00011482030822662637
0.00011867647845065221
7.223320426419377e-05
0.00023367507674265653
0.0001361557369818911
0.0001401466433890164
8.103302388917655e-05
0.00013679490075446665
6.0019479860784486e-05
0.0001081392983905971
0.00012649477866943926
0.00010103289969265461
0.00012794823851436377
0.0010444006184116006
8.00050693214871e-05
8.67939816089347e-05
0.0001010765990940854
0.00012062068708473817
0.00010088965791510418
9.329010936198756e-05
0.00010669290350051597
0.00020651883096434176
0.00020452195894904435
0.00016325221804436296
0.00014406046830117702
0.00017476333596277982
6.999549077590927e-05
0.00012810883345082402
8.004668052308261e-05
0.0001477826153859496
0.00010242158168694004
0.0004549676086753607
0.00010152748291147873
9.473835962126032e-05
9.435731044504791e-05
9.850679634837434e-05
7.94232910266146e-05
8.299660112243146e-05
0.0001074172105290927
0.00010684585140552372
0.00011717392771970481
0.0001430747943231836
9.199482155963778e-05
0.00010716341785155237
0.00017146281606983393
9.043368481798097e-05
7.16197828296572e-05
0.0001570351014379412
0.00010363051114836708
0.00010730032954597846
6.598354229936376e-05
0.0002121275756508112
0.00012464469182305038
0.00012709414295386523
7.388757512671873e-05
0.00012403113942127675
5.4360367357730865e-05
9.899462747853249e-05
0.00011557229299796745
9.208770643454045e-05
0.00011597787670325488
0.0008529242477379739
7.397305307677016e-05
7.911002467153594e-05
9.373285138281062e-05
0.00010994391777785495
9.148837125394493e-05
8.509302278980613e-05
9.507715731160715e-05
0.00018317917420063168
0.00018427576287649572
0.0001483106316300109
0.00013026803208049387
0.00015780569810885936
6.295776984188706e-05
0.00011730594269465655
7.300513243535534e-05
0.00013218946696724743
9.336521179648116e-05
0.0003772552008740604
9.300729288952425e-05
8.574952516937628e-05
8.52221273817122e-05
9.049318032339215e-05
7.23804987501353e-05
7.571333117084578e-05
9.968134691007435e-05
9.982431947719306e-05
0.00010668246977729723
0.00012156215962022543
8.419415826210752e-05
9.797749225981534e-05
0.00015642298967577517
8.159103890648112e-05
6.487636710517108e-05
0.00014237654977478087
9.452416270505637e-05
9.776638762559742e-05
6.073682743590325e-05
0.00019427108054514974
0.00011469632590888068
0.00011616564734140411
6.79420045344159e-05
0.00011330452252877876
4.972950046067126e-05
9.116910223383456e-05
0.00010655997903086245
8.457333024125546e-05
0.00010579437366686761
0.000706119870301336
6.858962296973914e-05
7.265077874762937e-05
8.73089738888666e-05
0.00010074588499264792
8.360275387531146e-05
7.798658043611795e-05
8.580005669500679e-05
0.00016461353516206145
0.00016744330059736967
0.0001356468565063551
0.00011858301877509803
0.0001437769242329523
5.715924271498807e-05
0.00010830743121914566
6.718948134221137e-05
0.00011943541903747246
8.568131306674331e-05
0.0003142316418234259
8.58625935507007e-05
7.814561104169115e-05
7.774231198709458e-05
8.377015183214098e-05
6.647908594459295e-05
6.968739762669429e-05
9.29124653339386e-05
9.29559173528105e-05
9.78371681412682e-05
0.00010421828483231366
7.749279029667377e-05
8.994231029646471e-05
0.0001436421152902767
7.421914051519707e-05
5.918331953580491e-05
0.00012986526417080313
8.658805018058047e-05
8.965437154984102e-05
5.635003617499024e-05
0.00017886707792058587
0.00010610373283270746
0.0001067617122316733
6.277982174651697e-05
0.00010424188803881407
4.5895510993432254e-05
8.457431249553338e-05
9.878433047560975e-05
7.808658119756728e-05
9.716256317915395e-05
0.0005952577339485288
6.385067536029965e-05
6.717530050082132e-05
8.165902545442805e-05
9.294828487327322e-05
7.684711454203352e-05
7.202137931017205e-05
7.806561188772321e-05
0.00014906075375620276
0.00015352950140368193
0.00012492934183683246
0.00010856510198209435
0.0001317566493526101
5.2348870667628944e-05
0.00010059553460450843
6.212732114363462e-05
0.00010895515151787549
7.911991997389123e-05
0.00026479194639250636
7.976972847245634e-05
7.190313772298396e-05
7.140203524613753e-05
7.784515764797106e-05
6.151144771138206e-05
6.464597390731797e-05
8.671153045725077e-05
8.70886433403939e-05
9.001993748825043e-05
9.098712325794622e-05
7.172783080022782e-05
8.304839138872921e-05
0.00013243555440567434
6.804033182561398e-05
5.4305717640090734e-05
0.0001192831841763109
7.987370918272063e-05
8.261561742983758e-05
5.245727516012266e-05
0.00016561371739953756
9.883723396342248e-05
9.863864397630095e-05
5.8201258070766926e-05
9.618797776056454e-05
4.252025610185228e-05
7.88145189289935e-05
9.188594412989914e-05
7.247291796375066e-05
8.971091301646084e-05
0.0005034120986238122
5.955118831479922e-05
6.227184348972514e-05
7.644620927749202e-05
8.618120773462579e-05
7.102911331458017e-05
6.678825593553483e-05
7.15076457709074e-05
0.0001357213914161548
0.00014138534606900066
0.00011548375186976045
9.987202793126926e-05
0.00012137405428802595
4.8102549044415355e-05
9.380559640703723e-05
5.769762356067076e-05
9.988321107812226e-05
7.336285489145666e-05
0.00022163406538311392
7.416501466650516e-05
6.639981438638642e-05
6.588156247744337e-05
7.26490980014205e-05
5.711502308258787e-05
6.017211853759363e-05
8.120937854982913e-05
8.151002111844718e-05
8.343273657374084e-05
8.026753494050354e-05
6.663307431153953e-05
7.691664359299466e-05
0.0001227703905897215
6.280853995122015e-05
5.005596176488325e-05
0.00011016429198207334
7.412594277411699e-05
7.654426008230075e-05
4.9159447371494025e-05
0.00015409123443532735
9.230586147168651e-05
9.149340621661395e-05
5.431081444839947e-05
8.933593198889866e-05
3.958419620175846e-05
7.370566891040653e-05
8.578336564823985e-05
6.763418059563264e-05
8.312145655509084e-05
0.0004294487298466265
5.574172246269882e-05
5.802761734230444e-05
7.19097297405824e-05
8.019583765417337e-05
6.59640136291273e-05
6.217217742232606e-05
6.595280865440145e-05
0.00012477052223403007
0.00013094412861391902
0.00010740810830611736
9.222453081747517e-05
0.00011247848306084052
4.4528274884214625e-05
8.780788630247116e-05
5.385696204029955e-05
9.214787132805213e-05
6.828953337389976e-05
0.00018922155140899122
6.943153130123392e-05
6.167250103317201e-05
6.10616771155037e-05
6.797445530537516e-05
5.330043859430589e-05
5.637334834318608e-05
7.626587466802448e-05
7.659659604541957e-05
7.727742195129395e-05
7.207098678918555e-05
6.21834333287552e-05
7.158136577345431e-05
0.00011420543160056695
5.8191701100440696e-05
4.6431006921920925e-05
0.00010225415462628007
6.90023516654037e-05
7.120081863831729e-05
4.6134820877341554e-05
0.00014397341874428093
8.650095696793869e-05
8.521736162947491e-05
5.0851616833824664e-05
8.315494778798893e-05
3.699904482346028e-05
6.911018135724589e-05
8.045104914344847e-05
6.320658576441929e-05
7.731204095762223e-05
0.0003648728015832603
5.2343726565595716e-05
5.4278894822346047e-05
6.772874621674418e-05
7.488331175409257e-05
6.145201768958941e-05
5.814389805891551e-05
6.105467036832124e-05
0.00011541415733518079
0.00012174501171102747
0.00010015355655923486
8.552892541047186e-05
0.00010450930130900815
4.1265262552769855e-05
8.247366349678487e-05
5.034092828282155e-05
8.530716149834916e-05
6.386010500136763e-05
0.0001610363251529634
6.526492506964132e-05
5.746740862377919e-05
5.686885197064839e-05
6.383164873113856e-05
4.985174018656835e-05
5.286049781716429e-05
7.177539373515174e-05
7.196013757493347e-05
7.189813914010301e-05
6.469974323408678e-05
5.8110170357394964e-05
6.66538326186128e-05
0.000106488645542413
5.40892178833019e-05
4.3167932744836435e-05
9.501076419837773e-05
6.448756175814196e-05
6.636133184656501e-05
4.346717832959257e-05
0.00013482575013767928
8.130364585667849e-05
7.963322423165664e-05
4.765357880387455e-05
7.773886318318546e-05
3.4664382837945595e-05
6.500160816358402e-05
7.556038326583803e-05
5.92902215430513e-05
7.214013021439314e-05
0.00031363163725472987
4.9210433644475415e-05
5.0857306632678956e-05
6.400887650670484e-05
7.004509825492278e-05
5.7493060012347996e-05
5.448943920782767e-05
5.6765376939438283e-05
0.00010726063919719309
0.00011372841254342347
9.373282227898017e-05
7.964741962496191e-05
9.749559831107035e-05
3.852528607239947e-05
7.762228779029101e-05
4.7285710024880245e-05
7.938198541523889e-05
5.9875314036617056e-05
0.0001387606025673449
6.136483716545627e-05
5.376394256018102e-05
5.312408757163212e-05
6.008387208567001e-05
4.678964614868164e-05
4.977525895810686e-05
6.76128183840774e-05
6.776904047001153e-05
6.717864016536623e-05
5.9024525398854166e-05
5.454766869661398e-05
6.240056245587766e-05
9.965312347048894e-05
5.052676715422422e-05
4.037156031699851e-05
8.877651998773217e-05
6.044390829629265e-05
6.207690603332594e-05
4.099542638869025e-05
0.00012674691970460117
7.67302408348769e-05
7.458255277015269e-05
4.482781150727533e-05
7.292536611203104e-05
3.257420030422509e-05
6.122665945440531e-05
7.127758726710454e-05
5.572973168455064e-05
6.750649481546134e-05
0.00026792706921696663
4.6396220568567514e-05
4.7858273319434375e-05
6.0575232055271044e-05
6.582331116078421e-05
5.3860796469962224e-05
5.11341386300046e-05
5.2869057981297374e-05
0.00010007993114413694
0.00010636559454724193
8.794439781922847e-05
7.436171290464699e-05
9.112732368521392e-05
3.597906470531598e-05
7.316689880099148e-05
4.4496115151559934e-05
7.392872066702694e-05
5.628992221318185e-05
0.0001196477678604424
5.7888271840056404e-05
5.045922807767056e-05
4.974968760507181e-05
5.6700089771766216e-05
4.4017295294906944e-05
4.698065094999038e-05
6.386463064700365e-05
6.384836888173595e-05
6.27310000709258e-05
5.388713543652557e-05
5.132202568347566e-05
5.835005867993459e-05
9.344970021629706e-05
4.731436638394371e-05
3.774680590140633e-05
8.294307190226391e-05
5.6846482038963586e-05
5.8158391766482964e-05
3.880382428178564e-05
0.00011946712038479745
7.248399197123945e-05
6.99740630807355e-05
4.2277890315745026e-05
6.841191498097032e-05
3.0674134904984385e-05
5.795711695100181e-05
6.722969555994496e-05
5.2511684771161526e-05
6.324694550130516e-05
0.00023148363106884062
4.381373946671374e-05
4.504739627009258e-05
5.7403620303375646e-05
6.192255386849865e-05
5.0656639359658584e-05
4.812016413779929e-05
4.945730688632466e-05
9.372580825584009e-05
9.975479770218953e-05
8.266099757747725e-05
6.961488543311134e-05
8.531998901162297e-05
3.3645188523223624e-05
6.915767153259367e-05
4.1963754483731464e-05
6.916894926689565e-05
5.300208431435749e-05
0.0001036764369928278
5.4689353419234976e-05
4.745396290672943e-05
4.669339250540361e-05
5.359219721867703e-05
4.1428618715144694e-05
4.442034332896583e-05
6.0431164456531405e-05
6.020578803145327e-05
5.8818928664550185e-05
4.9299735110253096e-05
4.8420526582049206e-05
5.481691550812684e-05
8.785826503299177e-05
4.435126902535558e-05
3.543078855727799e-05
7.76853776187636e-05
5.3473115258384496e-05
5.465193680720404e-05
3.6836474464507774e-05
0.00011267425725236535
6.85011109453626e-05
6.5828840888571e-05
3.9934602682478726e-05
6.446050974773243e-05
2.898612365243025e-05
5.485704241436906e-05
6.351901538437232e-05
4.955441545462236e-05
5.949077967670746e-05
0.000201506118173711
4.145390630583279e-05
4.252603685017675e-05
5.444063572213054e-05
5.851169044035487e-05
4.772800093633123e-05
4.5374672481557354e-05
4.637992606149055e-05
8.816014451440424e-05
9.386918827658519e-05
7.787248614476994e-05
6.533554551424459e-05
8.012225589482114e-05
3.1576146284351125e-05
6.546503573190421e-05
3.963541894336231e-05
6.487819337053224e-05
5.006834180676378e-05
9.147884702542797e-05
5.180629887036048e-05
4.4748372602043673e-05
4.386502405395731e-05
5.078759932075627e-05
3.912199827027507e-05
4.208549580653198e-05
5.729604163207114e-05
5.6855402362998575e-05
5.515887824003585e-05
4.5826436689822e-05
4.5668908569496125e-05
5.1593124226201326e-05
8.27932235551998e-05
4.1776344005484134e-05
3.3402247936464846e-05
7.299563003471121e-05
5.0551381718833e-05
5.1419276132946834e-05
3.493354233796708e-05
0.00010669130278984085
6.497823051176965e-05
6.201914220582694e-05
3.78444638045039e-05
6.076813588151708e-05
2.7434314688434824e-05
5.20296671311371e-05
6.0160069551784545e-05
4.6908276999602094e-05
5.6013410357991233e-05
0.00017302596825174987
3.9264185033971444e-05
4.023981455247849e-05
5.173131648916751e-05
5.539641642826609e-05
4.50737752544228e-05
4.291626100894064e-05
4.355078635853715e-05
8.30896824481897e-05
8.838254871079698e-05
7.363286567851901e-05
6.142308848211542e-05
7.534913311246783e-05
2.9676240956177935e-05
6.195194873725995e-05
3.7588401028187945e-05
6.09056769462768e-05
4.7385557991219684e-05
8.007077849470079e-05
4.9151840357808396e-05
4.227517274557613e-05
4.13616253354121e-05
4.8250731197185814e-05
3.69814588339068e-05
3.9932227082317695e-05
5.441151006380096e-05
5.377862180466764e-05
5.194695040700026e-05
4.242342401994392e-05
4.322016320656985e-05
4.861591514782049e-05
7.815566641511396e-05
3.93463451473508e-05
3.1456998840440065e-05
6.853564991615713e-05
4.771233579958789e-05
4.84951124235522e-05
3.323053533677012e-05
0.00010102484520757571
6.169269909150898e-05
5.8482612075749785e-05
3.58390316250734e-05
5.7413366448599845e-05
2.5988887500716373e-05
4.942040322930552e-05
5.703094939235598e-05
4.443928992259316e-05
5.28804594068788e-05
0.00015202973736450076
3.7303547287592664e-05
3.808226756518707e-05
4.918381091556512e-05
5.2446190238697454e-05
4.261684080120176e-05
4.0636583435116336e-05
4.100160367670469e-05
7.848622044548392e-05
8.349528070539236e-05
6.97077193763107e-05
5.793865420855582e-05
7.105174154276028e-05
2.7946673071710393e-05
5.888306623091921e-05
3.5658773413160816e-05
5.74031873838976e-05
4.4909062125952914e-05
7.063742668833584e-05
4.662143692257814e-05
4.006105154985562e-05
3.907464997610077e-05
4.585776696330868e-05
3.50236841768492e-05
3.794452277361415e-05
5.183287066756748e-05
5.0902264774776995e-05
4.8928566684480757e-05
3.939938324037939e-05
4.0957304008770734e-05
4.593871199176647e-05
7.387872756225988e-05
3.7171252188272774e-05
2.970902278320864e-05
6.451561785070226e-05
4.511247607297264e-05
4.580663880915381e-05
3.16413352265954e-05
9.575880540069193e-05
5.865587809239514e-05
5.530940688913688e-05
3.406381802051328e-05
5.432929174276069e-05
2.4656992536620237e-05
4.701344732893631e-05
5.415834311861545e-05
4.215961234876886e-05
4.9981350457528606e-05
0.00013464264338836074
3.54683943442069e-05
3.610394196584821e-05
4.683100269176066e-05
4.979440200258978e-05
4.0389142668573186e-05
3.854279202641919e-05
3.863546226057224e-05
7.431497215293348e-05
7.892493158578873e-05
6.609338015550748e-05
5.469860843732022e-05
6.713277980452403e-05
2.633089570736047e-05
5.5983960919547826e-05
3.391214704606682e-05
5.4152529628481716e-05
4.264098242856562e-05
6.277670036070049e-05
4.43121389253065e-05
3.800748163484968e-05
3.7024972698418424e-05
4.3676212953869253e-05
3.324269346194342e-05
3.6130488297203556e-05
4.933765376335941e-05
4.827685552299954e-05
4.618744060280733e-05
3.680786176119e-05
3.8892289012437686e-05
4.34137909905985e-05
6.993275746935979e-05
3.51539310941007e-05
2.811993363138754e-05
6.0859387303935364e-05
4.2714316805358976e-05
4.329044895712286e-05
3.0191456971806474e-05
9.091941319638863e-05
5.580690412898548e-05
5.2359679102664813e-05
3.2375221053371206e-05
5.152136873221025e-05
2.3423368475050665e-05
4.483817610889673e-05
5.143844100530259e-05
4.011032797279768e-05
4.732350862468593e-05
0.0001208320536534302
3.379787813173607e-05
3.430579454288818e-05
4.465361780603416e-05
4.723071106127463e-05
3.833758455584757e-05
3.661197843030095e-05
3.653513704193756e-05
7.046084647299722e-05
7.482916407752782e-05
6.279726221691817e-05
5.1724469813052565e-05
6.345345173031092e-05
2.4866354578989558e-05
5.328746192390099e-05
3.2297677535098046e-05
5.123756272951141e-05
4.0500624891137704e-05
5.621513264486566e-05
4.22030316258315e-05
3.61242528015282e-05
3.51465969288256e-05
4.16418733948376e-05
3.1624167604604736e-05
3.444217873038724e-05
4.7044162784004584e-05
4.586219438351691e-05
4.371592149254866e-05
3.4592132578836754e-05
3.6964716855436563e-05
4.1110124584520236e-05
6.630779535043985e-05
3.3294621971435845e-05
2.6686595447245054e-05
5.756515747634694e-05
4.051446740049869e-05
4.103887113160454e-05
2.883724300772883e-05
8.641144086141139e-05
5.322358265402727e-05
4.965341940987855e-05
3.083213960053399e-05
4.891419303021394e-05
2.229610072390642e-05
4.275307946954854e-05
4.8986461479216814e-05
3.8145539292600006e-05
4.48870996478945e-05
0.00010871089762076735
3.221420047339052e-05
3.261192250647582e-05
4.256425381754525e-05
4.500238355831243e-05
3.6418459785636514e-05
3.481882595224306e-05
3.460088191786781e-05
6.699318328173831e-05
7.104819815140218e-05
5.964485899312422e-05
4.902739965473302e-05
6.017104897182435e-05
2.3531332772108726e-05
5.0737020501401275e-05
3.077482688240707e-05
4.8494981456315145e-05
3.85681378247682e-05
5.068361133453436e-05
4.02086807298474e-05
3.4365770261501893e-05
3.3393516787327826e-05
3.9770959119778126e-05
3.010345062648412e-05
3.286694845883176e-05
4.4882053771289065e-05
4.354146949481219e-05
4.140019154874608e-05
3.260520315961912e-05
3.5206059692427516e-05
3.907416248694062e-05
6.299361120909452e-05
3.158687104587443e-05
2.5380399165442213e-05
5.448004594654776e-05
3.846622348646633e-05
3.8911879528313875e-05
2.7543381293071434e-05
8.225940109696239e-05
5.079348193248734e-05
4.7162182454485446e-05
2.939256955869496e-05
4.648675167118199e-05
2.125852188328281e-05
4.080682992935181e-05
4.6706267312401906e-05
3.636069959611632e-05
4.2599811422405764e-05
9.884033352136612e-05
3.072857725783251e-05
3.1045958166942e-05
4.065100074512884e-05
4.293442179914564e-05
3.468485738267191e-05
3.318121889606118e-05
3.276756251580082e-05
6.378950638463721e-05
6.753877823939547e-05
5.6791745009832084e-05
4.654748408938758e-05
5.709146716981195e-05
2.2297688701655716e-05
4.837536471313797e-05
2.9338094464037567e-05
4.599641033564694e-05
3.678150096675381e-05
4.6124936488922685e-05
3.836554606095888e-05
3.281865065218881e-05
3.178721453878097e-05
3.803627987508662e-05
2.8700340408249758e-05
3.137878229608759e-05
4.2835756175918505e-05
4.147246363572776e-05
3.930847014999017e-05
3.087232107645832e-05
3.357530295033939e-05
3.7106732634129e-05
5.991233774693683e-05
3.000270589836873e-05
2.4175813450710848e-05
5.1648152293637395e-05
3.6562112654792145e-05
3.695207487908192e-05
2.6365452868049033e-05
7.837351586204022e-05
4.849539618589915e-05
4.482204531086609e-05
2.8063937861588784e-05
4.4201762648299336e-05
2.0300125470384955e-05
3.900515730492771e-05
4.459904812392779e-05
3.469665898592211e-05
4.048719711136073e-05
9.073099499801174e-05
2.938012039521709e-05
2.9583077775896527e-05
3.885608384734951e-05
4.098841600352898e-05
3.304232086520642e-05
3.163906148984097e-05
3.1105093512451276e-05
6.0906855651410297e-05
6.436576222768053e-05
5.4101743444334716e-05
4.4228185288375244e-05
5.4234751587500796e-05
2.11661263165297e-05
4.6236629714258015e-05
2.804258474498056e-05
4.3700965761672705e-05
3.514974014251493e-05
4.250368510838598e-05
3.6594621633412316e-05
3.133522841380909e-05
3.0296132536022924e-05
3.636076507973485e-05
2.737046997935977e-05
3.0018709367141128e-05
4.094075848115608e-05
3.9505281165475026e-05
3.730765820364468e-05
2.9369479307206348e-05
3.205930261174217e-05
3.5254546673968434e-05
5.702213093172759e-05
2.8528329494292848e-05
2.3053993572830223e-05
4.908187474939041e-05
3.4775162930600345e-05
3.514144555083476e-05
2.520590351196006e-05
7.473518780898303e-05
4.638867903850041e-05
4.267543044988997e-05
2.6804962544701993e-05
4.20826327172108e-05
1.9430442989687435e-05
3.73146467609331e-05
4.2622552427928895e-05
3.308654049760662e-05
3.854303213302046e-05
8.34359452710487e-05
2.8106567697250284e-05
2.8225418645888567e-05
3.715947241289541e-05
3.918561196769588e-05
3.14882563543506e-05
3.0197104933904484e-05
2.963418410217855e-05
5.813042662339285e-05
6.14245655015111e-05
5.1630500820465386e-05
4.2067327740369365e-05
5.1572973461588845e-05
2.0112323909415863e-05
4.418525713845156e-05
2.680861871340312e-05
4.1610572225181386e-05
3.360105256433599e-05
3.94091839552857e-05
3.500664752209559e-05
2.9958409868413582e-05
2.890814903366845e-05
3.481336898403242e-05
2.6157020329264924e-05
2.874737219826784e-05
3.9160608139354736e-05
3.768115857383236e-05
3.5527493309928104e-05
2.80359363387106e-05
3.0634681024821475e-05
3.356555680511519e-05
5.435881394078024e-05
2.7191854314878583e-05
2.202281029894948e-05
4.673703006119467e-05
3.3117343264166266e-05
3.3431882911827415e-05
2.4197337552323006e-05
7.135743362596259e-05
4.439818440005183e-05
4.065053508384153e-05
2.5623750843806192e-05
4.013102443423122e-05
1.8586528312880546e-05
3.5707635106518865e-05
4.071453440701589e-05
3.1640629458706826e-05
3.672220918815583e-05
7.718671986367553e-05
2.690911242098082e-05
2.6927891667583026e-05
3.5554963687900454e-05
3.7527632230194286e-05
3.0045785024412908e-05
2.8831489544245414e-05
2.8220296371728182e-05
5.555831376113929e-05
5.859804878127761e-05
4.925745815853588e-05
4.007422103313729e-05
4.9173708248417825e-05
1.9125305698253214e-05
4.2242954805260524e-05
2.5651474061305635e-05
3.963115159422159e-05
3.2138264941750094e-05
3.6700836062664166e-05
3.348101381561719e-05
2.8682732590823434e-05
2.7645195586956106e-05
3.338882015668787e-05
2.504183976270724e-05
2.7554271582630463e-05
3.750695759663358e-05
3.594970257836394e-05
3.3826541766757146e-05
2.676403892110102e-05
2.9306447686394677e-05
3.196534453309141e-05
5.190566662349738e-05
2.594272154965438e-05
2.1084411855554208e-05
4.450076085049659e-05
3.155518788844347e-05
3.185336390743032e-05
2.3205711841001175e-05
6.820900307502598e-05
4.249575795256533e-05
3.875449692714028e-05
2.4535322154406458e-05
3.828559783869423e-05
1.7797461623558775e-05
3.4232536563649774e-05
3.8972550100879744e-05
3.02410244330531e-05
3.501472747302614e-05
7.18752562534064e-05
2.5775110771064647e-05
2.5728895707288757e-05
3.40406404575333e-05
3.597155227907933e-05
2.870634307328146e-05
2.758585469564423e-05
2.6927855287794955e-05
5.316542228683829e-05
5.6017375754890963e-05
4.708253618446179e-05
3.8207086618058383e-05
4.687147884396836e-05
1.822748345148284e-05
4.043140870635398e-05
2.4605236831121147e-05
3.7765617889817804e-05
3.079814632656053e-05
3.435650432948023e-05
3.2058782380772755e-05
2.7453337679617107e-05
2.6441894078743644e-05
3.2003641535993665e-05
2.3973663701326586e-05
2.6421275833854452e-05
3.5935874620918185e-05
3.434483369346708e-05
3.222220766474493e-05
2.559313907113392e-05
2.80714866676135e-05
3.0509459975291975e-05
4.9539157771505415e-05
2.476422014296986e-05
2.0194182070554234e-05
4.2439631215529516e-05
3.007012674061116e-05
3.038951035705395e-05
2.2270864064921625e-05
6.525565549964085e-05
4.0775859815767035e-05
3.7014739064034075e-05
2.3466935090254992e-05
3.658904097392224e-05
1.7073976778192446e-05
3.283902697148733e-05
3.734077836270444e-05
2.8939253752469085e-05
3.3421751140849665e-05
6.709525769110769e-05
2.47062198468484e-05
2.4594566639279947e-05
3.265658233431168e-05
3.446797200012952e-05
2.7470192435430363e-05
2.641417449922301e-05
2.570363176346291e-05
5.0900438509415835e-05
5.362310184864327e-05
4.503552190726623e-05
3.648049460025504e-05
4.475436799111776e-05
1.7386904801242054e-05
3.872723755193874e-05
2.3595264792675152e-05
3.60761841875501e-05
2.955108902824577e-05
3.2300042221322656e-05
3.075835047638975e-05
2.6337234885431826e-05
2.5309942429885268e-05
3.0713163141626865e-05
2.294818295922596e-05
2.535506610001903e-05
3.444808680796996e-05
3.287465369794518e-05
3.076480788877234e-05
2.4545390260755084e-05
2.68825806415407e-05
2.912253694375977e-05
4.738807547255419e-05
2.3640590370632708e-05
1.93433188542258e-05
4.0502589399693534e-05
2.8702457711915486e-05
2.9004784664721228e-05
2.141472759831231e-05
6.248492718441412e-05
3.908748476533219e-05
3.536875738063827e-05
2.2511605493491516e-05
3.49571491824463e-05
1.638745925447438e-05
3.151803321088664e-05
3.57965545845218e-05
2.7722677259589545e-05
3.191013456671499e-05
6.29115747869946e-05
2.3684091502218507e-05
2.355040851398371e-05
3.130186814814806e-05
3.309225576231256e-05
2.62797148025129e-05
2.533599763410166e-05
2.4595108698122203e-05
4.8800349759403616e-05
5.135726314620115e-05
4.311962038627826e-05
3.487771755317226e-05
4.275799074093811e-05
1.6582102034590207e-05
3.7141206121305004e-05
2.2644198907073587e-05
3.4454318665666506e-05
2.8344127713353373e-05
3.0421968403970823e-05
2.948276414826978e-05
2.5268363970099017e-05
2.4281758669530973e-05
2.951833994302433e-05
2.201120150857605e-05
2.4352302716579288e-05
3.304527126601897e-05
3.147993265883997e-05
2.9352973797358572e-05
2.3522017727373168e-05
2.5776453185244463e-05
2.7830326871480793e-05
4.5349464926403016e-05
2.258925997011829e-05
1.8548254956840537e-05
3.87053623853717e-05
2.7445246814750135e-05
2.7730427973438054e-05
2.058077006950043e-05
5.988126576994546e-05
3.749718234757893e-05
3.382727663847618e-05
2.1611367628793232e-05
3.348176687723026e-05
1.5722407624707557e-05
3.0271705327322707e-05
3.4368018532404676e-05
2.6578656616038643e-05
3.0515415346599184e-05
5.924329161643982e-05
2.2736858227290213e-05
2.255133949802257e-05
3.004520112881437e-05
3.17680933221709e-05
2.5196524802595377e-05
2.4280245270347223e-05
2.3508064259658568e-05
4.681527934735641e-05
4.919648199575022e-05
4.1313509427709505e-05
3.3370139135513455e-05
4.088119021616876e-05
1.583644188940525e-05
3.5675660910783336e-05
2.172606036765501e-05
3.295295391581021e-05
2.7181560653843917e-05
2.8773865778930485e-05
2.8267359084566124e-05
2.4273438611999154e-05
2.331702853552997e-05
2.838673026417382e-05
2.1134555936441757e-05
2.3392707589664496e-05
3.171451680827886e-05
3.0116976631688885e-05
2.809880425047595e-05
2.258219501527492e-05
2.4771223252173513e-05
2.6610405257088132e-05
4.344502303865738e-05
2.1633346477756277e-05
1.7821166693465784e-05
3.704053960973397e-05
2.625651723064948e-05
2.6512667318456806e-05
1.980119304789696e-05
5.745330054196529e-05
3.60242702299729e-05
3.23337699228432e-05
2.0754305296577513e-05
3.207223926438019e-05
1.5099328265932854e-05
2.9108621674822643e-05
3.297765215393156e-05
2.5462555640842766e-05
2.9224218451417983e-05
5.57910134375561e-05
2.1838521206518635e-05
2.1599258616333827e-05
2.886845322791487e-05
3.0558199796359986e-05
2.4157272491720505e-05
2.3281501853489317e-05
2.2497348254546523e-05
4.4933767640031874e-05
4.723923120764084e-05
3.9572354580741376e-05
3.193389784428291e-05
3.9123195165302604e-05
1.5152075320656877e-05
3.4245931601617485e-05
2.0884483092231676e-05
3.154465230181813e-05
2.6142804927076213e-05
2.7269486963632517e-05
2.716653216339182e-05
2.331857285753358e-05
2.2402400645660236e-05
2.729590778471902e-05
2.0304665667936206e-05
2.2515878299600445e-05
3.0473012884613127e-05
2.8857186407549307e-05
2.6884947146754712e-05
2.170559309888631e-05
2.3796052118996158e-05
2.5452987756580114e-05
4.1638493712525815e-05
2.0714893253170885e-05
1.7119591575465165e-05
3.546709194779396e-05
2.514676634746138e-05
2.5362553060404025e-05
1.9058592442888767e-05
5.5167085520224646e-05
3.460933658061549e-05
3.0998882721178234e-05
1.9957346012233756e-05
3.073259722441435e-05
1.4530382031807676e-05
2.7989191949018277e-05
3.169414048898034e-05
2.443473567836918e-05
2.8001964892609976e-05
5.273746864986606e-05
2.098645200021565e-05
2.0731164113385603e-05
2.7727008273359388e-05
2.9401990104815923e-05
2.316339305252768e-05
2.2360278308042325e-05
2.1551753889070824e-05
4.315581827540882e-05
4.536268170340918e-05
3.7965310184517875e-05
3.0597606382798404e-05
3.748595918295905e-05
1.4516119335894473e-05
3.2903990359045565e-05
2.007915645663161e-05
3.0201978006516583e-05
2.5159653887385502e-05
2.590183612483088e-05
2.6088160666404292e-05
2.243097515020054e-05
2.153692184947431e-05
2.626639252412133e-05
1.951651029230561e-05
2.168054379581008e-05
2.9295213607838377e-05
2.7668756956700236e-05
2.5718794859130867e-05
2.0901539755868725e-05
2.2859290766064078e-05
2.4407447199337184e-05
3.994701910414733e-05
1.9837476429529488e-05
1.6458805475849658e-05
3.3980017178691924e-05
2.4061107978923246e-05
2.4266180844279006e-05
1.8345803255215287e-05
5.299099939293228e-05
3.328841194161214e-05
2.9700511731789447e-05
1.9164210243616253e-05
2.9471922971424647e-05
1.3972408851259388e-05
2.691722875169944e-05
3.047527752642054e-05
2.3463951947633177e-05
2.680643228814006e-05
4.990144952898845e-05
2.0177325495751575e-05
1.990457167266868e-05
2.6662135496735573e-05
2.831758320098743e-05
2.2241987608140334e-05
2.147841405530926e-05
2.0660783775383607e-05
4.1480703657725826e-05
4.35400907008443e-05
3.644063326646574e-05
2.9317614462343045e-05
3.593984365579672e-05
1.388398050039541e-05
3.160740016028285e-05
1.9345623513800092e-05
2.8936627131770365e-05
2.4188668248825707e-05
2.460542236804031e-05
2.5090714188991114e-05
2.156937807740178e-05
2.072225652227644e-05
2.5294839360867627e-05
1.877844988484867e-05
2.087287612084765e-05
2.8177304557175376e-05
2.6547402740106918e-05
2.4658063921378925e-05
2.0122301066294312e-05
2.2003385311109014e-05
2.3383139705401845e-05
3.834745439235121e-05
1.904116288642399e-05
1.5846191672608256e-05
3.2598381949355826e-05
2.3063950720825233e-05
2.3244561816682108e-05
1.7665453924564645e-05
5.091716593597084e-05
3.20371582347434e-05
2.848969234037213e-05
1.8447624825057574e-05
2.83064364339225e-05
1.343518124485854e-05
2.5924688088707626e-05
2.9330829420359805e-05
2.2539923520525917e-05
2.572085395513568e-05
4.732421803055331e-05
1.9403491023695096e-05
1.9113753296551295e-05
2.5668588932603598e-05
2.7264186428510584e-05
2.137679621228017e-05
2.0669289369834587e-05
1.9839701053570025e-05
3.988456228398718e-05
4.189906030660495e-05
3.501787796267308e-05
2.8126600227551535e-05
3.4489330573705956e-05
1.331003204541048e-05
3.0418403184739873e-05
1.860756310634315e-05
2.776050678221509e-05
2.3302143745240755e-05
2.3433709429809824e-05
2.415698327240534e-05
2.0756911908392794e-05
1.9939077901653945e-05
2.4368839149246924e-05
1.8064243704429828e-05
2.0121491616009735e-05
2.7144080377183855e-05
2.5485271180514246e-05
2.3636450350750238e-05
1.939245885296259e-05
2.117348412866704e-05
2.2418471417040564e-05
3.683858449221589e-05
1.8270860891789198e-05
1.5256473488989286e-05
3.13064556394238e-05
2.213788866356481e-05
2.227977165603079e-05
1.7025407942128368e-05
4.897036706097424e-05
3.084745185333304e-05
2.7351385142537765e-05
1.7765622033039108e-05
2.7173866328666918e-05
1.2944693480676506e-05
2.4980328817036934e-05
2.82371838693507e-05
2.166695412597619e-05
2.468228012730833e-05
4.498719863477163e-05
1.86644792847801e-05
1.836229785112664e-05
2.4696511900401674e-05
2.6271618480677716e-05
2.055753611784894e-05
1.9895227524102665e-05
1.9061792045249604e-05
3.841461875708774e-05
4.027763498015702e-05
3.369178011780605e-05
2.7001664420822635e-05
3.308277882752009e-05
1.2769230124831665e-05
2.927163768617902e-05
1.7917674995260313e-05
2.6648558559827507e-05
2.2451884433394298e-05
2.237926128145773e-05
2.323020999028813e-05
2.0004314137622714e-05
1.9202412659069523e-05
2.3500084353145212e-05
1.740393418003805e-05
1.9388709915801883e-05
2.6123523639398627e-05
2.4480415959260426e-05
2.2688062017550692e-05
1.8698647181736305e-05
2.03903327928856e-05
2.1516054403036833e-05
3.541326441336423e-05
1.7547301467857324e-05
1.4711352378071751e-05
3.0089433494140394e-05
2.1247129552648403e-05
2.1383008061093278e-05
1.6428053640993312e-05
4.712639929493889e-05
2.969926572404802e-05
2.6275818527210504e-05
1.7106041923398152e-05
2.6109995815204456e-05
1.247853106178809e-05
2.4066741389106028e-05
2.7208887331653386e-05
2.0830255380133167e-05
2.369975481997244e-05
4.280763823771849e-05
1.7964106518775225e-05
1.765187698765658e-05
2.3771184714860283e-05
2.5313885998912156e-05
1.9769087884924375e-05
1.914644963108003e-05
1.8325625205761753e-05
3.699026274261996e-05
3.8770751416450366e-05
3.2387644750997424e-05
2.5937320970115252e-05
3.17508565785829e-05
1.225132291438058e-05
2.8186675990582444e-05
1.726404661894776e-05
2.5599605578463525e-05
2.1648622350767255e-05
2.139573552994989e-05
2.2401978640118614e-05
1.928819801833015e-05
1.8510114387026988e-05
2.264349677716382e-05
1.6775347830844112e-05
1.8704582544160075e-05
2.516713175282348e-05
2.352665615035221e-05
2.1788560843560845e-05
1.8028455087915063e-05
1.9637951481854543e-05
2.066492561425548e-05
3.403834853088483e-05
1.6866686564753763e-05
1.4165517313813325e-05
2.8923454010509886e-05
2.04102871066425e-05
2.0509929527179338e-05
1.5842389984754845e-05
4.539362998912111e-05
2.8657237635343336e-05
2.523723196645733e-05
1.6476507880724967e-05
2.511195452825632e-05
1.202786916110199e-05
2.3207292542792857e-05
2.6235691620968282e-05
2.0021947420900688e-05
2.280619264638517e-05
4.080228609382175e-05
1.7298554666922428e-05
1.69958257174585e-05
2.294579826411791e-05
2.4454415324726142e-05
1.906166653498076e-05
1.8432496290188283e-05
1.760710983944591e-05
3.562030178727582e-05
3.73366528947372e-05
3.116057632723823e-05
2.4923068849602714e-05
3.051904423045926e-05
1.1783729860326275e-05
2.7143696570419706e-05
1.6646428775857203e-05
2.4627483071526513e-05
2.0867784769507125e-05
2.04497355298372e-05
2.1561112589552067e-05
1.8607379388413392e-05
1.785622225725092e-05
2.183413198508788e-05
1.6166553905350156e-05
1.8047163393930532e-05
2.4222443244070746e-05
2.2592232198803686e-05
2.095202580676414e-05
1.7401684090145864e-05
1.8933751562144607e-05
1.985339076782111e-05
3.276173447375186e-05
1.622565832803957e-05
1.367619915981777e-05
2.7825704819406383e-05
1.9602544853114523e-05
1.9692724890774116e-05
1.5287252608686686e-05
4.370571696199477e-05
2.763357770163566e-05
2.4273060262203217e-05
1.590612191648688e-05
2.416711504338309e-05
1.160773081210209e-05
2.2391011953004636e-05
2.5297556931036524e-05
1.9298802726552822e-05
2.1921940060565248e-05
3.896673661074601e-05
1.6664247596054338e-05
1.6360534573323093e-05
2.211016180808656e-05
2.360997677897103e-05
1.8341124814469367e-05
1.7770289559848607e-05
1.6919839254114777e-05
3.43075989803765e-05
3.5961966204922646e-05
3.001896220666822e-05
2.3971071641426533e-05
2.933360701717902e-05
1.132281613536179e-05
2.6129822799703106e-05
1.6055280866567045e-05
2.3677539502386935e-05
2.012082768487744e-05
1.9592767785070464e-05
2.081212733173743e-05
1.7946122170542367e-05
1.721544686006382e-05
2.108868648065254e-05
1.561333192512393e-05
1.7417884009773843e-05
2.3350989067694172e-05
2.1730838852818124e-05
2.0135286831646226e-05
1.6790658264653757e-05
1.8256499970448203e-05
1.9075012460234575e-05
3.153360012220219e-05
1.5599187463521957e-05
1.3197137377574109e-05
2.6778052415465936e-05
1.8830587578122504e-05
1.8911312508862466e-05
1.4766933418286499e-05
4.2128169297939166e-05
2.6671237719710916e-05
2.333704469492659e-05
1.5347181033575907e-05
2.327665606571827e-05
1.120309389079921e-05
2.1588570234598592e-05
2.4390190446865745e-05
1.8576376533019356e-05
2.1101843231008388e-05
3.724661291926168e-05
1.6075251551228575e-05
1.5741463357699104e-05
2.132437475665938e-05
2.2787004127167165e-05
1.7674507034826092e-05
1.7118105461122468e-05
1.6290050552925095e-05
3.3107724448200315e-05
3.4677002986427397e-05
2.8912660127389245e-05
2.305771704413928e-05
2.8226437279954553e-05
1.0882173228310421e-05
2.52244954026537e-05
1.5504676412092522e-05
2.276004852319602e-05
1.9443756173131987e-05
1.879740557342302e-05
2.0063858755747788e-05
1.7323980500805192e-05
1.661689020693302e-05
2.0361128918011673e-05
1.5054863069963176e-05
1.6840354874148034e-05
2.255562685604673e-05
2.0948185920133255e-05
1.9335247998242266e-05
1.6223537386395037e-05
1.7627189663471654e-05
1.8376298612565733e-05
3.0355111448443495e-05
1.5016364159237128e-05
1.274645546800457e-05
2.581340231699869e-05
1.8126125723938458e-05
1.816978692659177e-05
1.4264503079175483e-05
4.062072548549622e-05
2.5744198865140788e-05
2.2465181245934218e-05
1.4808990272285882e-05
2.24198229261674e-05
1.0817532711371314e-05
2.0844558093813248e-05
2.3546266675111838e-05
1.78976097231498e-05
2.0325873265392147e-05
3.559022297849879e-05
1.5490073565160856e-05
1.517295550002018e-05
2.058128666249104e-05
2.2021993572707288e-05
1.7034988559316844e-05
1.6528163541806862e-05
1.5702473319834098e-05
3.194125019945204e-05
3.345143704791553e-05
2.785217293421738e-05
2.2185866328072734e-05
2.715132723096758e-05
1.047252953867428e-05
2.4308916181325912e-05
1.4955509868741501e-05
2.1906493202550337e-05
1.8766455468721688e-05
1.803712802939117e-05
1.937666820595041e-05
1.6722828149795532e-05
1.6058162145782262e-05
1.96574237634195e-05
1.4555539564753417e-05
1.627212986932136e-05
2.176050838897936e-05
2.0150999262114055e-05
1.8609611288411543e-05
1.5666901163058355e-05
1.7005275367409922e-05
1.7675669369054958e-05
2.925344779214356e-05
1.4456440112553537e-05
1.2309129488130566e-05
2.487618439772632e-05
1.743025495670736e-05
1.7473355910624377e-05
1.378306023980258e-05
3.915948764188215e-05
2.4830525944707915e-05
2.1616941012325697e-05
1.4294409993453883e-05
2.163478529837448e-05
1.0446994565427303e-05
2.0111996491323225e-05
2.2724758309777826e-05
1.7240312445210293e-05
1.9575181795516983e-05
3.407956683076918e-05
1.4943769201636314e-05
1.4618998648074921e-05
1.9856091967085376e-05
2.128060077666305e-05
1.6417439837823622e-05
1.592630178492982e-05
1.5126347534533124e-05
3.08181915897876e-05
3.227431807317771e-05
2.68348740064539e-05
2.1349555026972666e-05
2.6145025913137943e-05
1.00807692433591e-05
2.346966357436031e-05
1.4451648894464597e-05
2.1097777789691463e-05
1.8140672182198614e-05
1.7323878637398593e-05
1.8689968783291988e-05
1.6145755580510013e-05
1.5522095054620877e-05
1.900714050862007e-05
1.4066706171433907e-05
1.5744204574730247e-05
2.1016910977778025e-05
1.9398195945541374e-05
1.7919513993547298e-05
1.5137226910155732e-05
1.642128154344391e-05
1.7032767573255114e-05
2.8194039259687997e-05
1.3924657650932204e-05
1.1885157618962694e-05
2.39923956542043e-05
1.6769214198575355e-05
1.680392051639501e-05
1.3328086424735375e-05
3.7831752706551924e-05
2.4000573830562644e-05
2.082665560010355e-05
1.3810352356813382e-05
2.087956090690568e-05
1.008265735435998e-05
1.9440727555775084e-05
2.19333032873692e-05
1.662404611124657e-05
1.8866947357309982e-05
3.2647869375068694e-05
1.4427035239350516e-05
1.4103675312071573e-05
1.9170243831467815e-05
2.058404243143741e-05
1.584182791702915e-05
1.5367126252385788e-05
1.457573762309039e-05
2.9780532713630237e-05
3.115708022960462e-05
2.5903227651724592e-05
2.058073914668057e-05
2.5198662115144543e-05
9.702126590127591e-06
2.2645925128017552e-05
1.396090829075547e-05
2.0340830815257505e-05
1.7522290363558568e-05
1.6662897905916907e-05
1.8046217519440688e-05
1.5593013813486323e-05
1.500677717558574e-05
1.8371883925283328e-05
1.3607445907837246e-05
1.5218425687635317e-05
2.0286919607315212e-05
1.8690725482883863e-05
1.724515823298134e-05
1.4652872778242454e-05
1.5876636098255403e-05
1.6397019862779416e-05
2.7206466256757267e-05
1.3423884411167819e-05
1.1493617421365343e-05
2.31350859394297e-05
1.6147998394444585e-05
1.6170759408851154e-05
1.2894101928395685e-05
3.654141255537979e-05
2.318685073987581e-05
2.0081208276678808e-05
1.3362066965783015e-05
2.0136261809966527e-05
9.754803613759577e-06
1.8764925698633306e-05
2.119908640452195e-05
1.6036166925914586e-05
1.8207842003903352e-05
3.130946060991846e-05
1.3927234249422327e-05
1.3611489521281328e-05
1.8521126548876055e-05
1.98846264538588e-05
1.5292460375349037e-05
1.4830132386123296e-05
1.4062336049391888e-05
2.8740501875290647e-05
3.007253326359205e-05
2.5011437173816375e-05
1.9860102838720195e-05
2.4295037292176858e-05
9.350666914542671e-06
2.1861304048798047e-05
1.3486383977578953e-05
1.9593182514654472e-05
1.6959480490186252e-05
1.6004074495867826e-05
1.743205211823806e-05
1.508009881945327e-05
1.4497902157017961e-05
1.775952296156902e-05
1.314389464823762e-05
1.4733186617377214e-05
1.9605105990194716e-05
1.800688187358901e-05
1.6618740119156428e-05
1.4171617294778116e-05
1.5324603737099096e-05
1.5796569641679525e-05
2.6267092835041694e-05
1.2946720744366758e-05
1.1123301192128565e-05
2.2335019821184687e-05
1.554443770146463e-05
1.5561963664367795e-05
1.246488591277739e-05
3.5273595131002367e-05
2.2398171495296992e-05
1.935365617100615e-05
1.2911872545373626e-05
1.943684765137732e-05
9.424565178051125e-06
1.8136111975763924e-05
2.046820918621961e-05
1.547476313135121e-05
1.7553746147314087e-05
3.005572762049269e-05
1.3451998711389024e-05
1.3133374523022212e-05
1.7903255866258405e-05
1.9258428437751718e-05
1.4768196706427261e-05
1.4332961654872634e-05
1.3561334526457358e-05
2.7749367291107774e-05
2.905192377511412e-05
2.413299989711959e-05
1.914066160679795e-05
2.340743776585441e-05
9.022575795825105e-06
2.111580761265941e-05
1.3040477824688423e-05
1.8896826077252626e-05
1.640263872104697e-05
1.542328391224146e-05
1.683268419583328e-05
1.458506903873058e-05
1.4028851182956714e-05
1.718341081868857e-05
1.2708722351817414e-05
1.4257964721764438e-05
1.8964554328704253e-05
1.7351918359054253e-05
1.602355951035861e-05
1.3711594874621369e-05
1.481907474953914e-05
1.5231181350827683e-05
2.533679253247101e-05
1.2475282346713357e-05
1.0753464266599622e-05
2.157096787414048e-05
1.4981897948018741e-05
1.500923463026993e-05
1.2059995242452715e-05
3.408556221984327e-05
2.1653624571627006e-05
1.8673796148505062e-05
1.247765885636909e-05
1.874244844657369e-05
9.110542123380583e-06
1.7534719518152997e-05
1.9805778720183298e-05
1.4941988411010243e-05
1.6938285625656135e-05
2.884101377276238e-05
1.2989163224119693e-05
1.2686026821029373e-05
1.731472002575174e-05
1.8640575945028104e-05
1.4272459338826593e-05
1.3850339200871531e-05
1.3076551113044843e-05
2.681618934730068e-05
2.8069007385056466e-05
2.3314438294619322e-05
1.8471062503522262e-05
2.2562078811461106e-05
8.698061719769612e-06
2.0391777070472017e-05
1.2601487469510175e-05
1.823171623982489e-05
1.5870838979026303e-05
1.485155735281296e-05
1.627935671422165e-05
1.411222001479473e-05
1.3580790437117685e-05
1.6630910977255553e-05
1.2302881259529386e-05
1.3812311408401001e-05
1.8326871213503182e-05
1.673679071245715e-05
1.5445069948327728e-05
1.3259683328215033e-05
1.4333101717056707e-05
1.4692501281388104e-05
2.4479024432366714e-05
1.2047965356032364e-05
1.0414623830001801e-05
2.0855570255662315e-05
1.4448455658566672e-05
1.446272108296398e-05
1.1664405064948369e-05
3.293959889560938e-05
2.0937462977599353e-05
1.8017313777818345e-05
1.2068244359397795e-05
1.8113863916369155e-05
8.811543011688627e-06
1.6942154616117477e-05
1.9150023945258e-05
1.4427821042772848e-05
1.634667205507867e-05
2.773146661638748e-05
1.25485084936372e-05
1.2253462955413852e-05
1.674192571954336e-05
1.805301508284174e-05
1.3785000192001462e-05
1.3395616406342015e-05
1.2627302567125298e-05
2.593501085357275e-05
2.713524372666143e-05
2.2519987396663055e-05
1.782745857781265e-05
2.1779294911539182e-05
8.388570677198004e-06
1.969470213225577e-05
1.219206751557067e-05
1.7604050299269147e-05
1.5361461919383146e-05
1.4312528946902603e-05
1.5734625776531175e-05
1.3657253475685138e-05
1.3138217582309153e-05
1.6115373000502586e-05
1.1904672646778636e-05
1.3363320249482058e-05
1.770922972355038e-05
1.6145531844813377e-05
1.4902356269885786e-05
1.2841879652114585e-05
1.3852614756615367e-05
1.4154779819364194e-05
2.3636301193619147e-05
1.1622793863352854e-05
1.0079125786432996e-05
2.016664802795276e-05
1.3931944522482809e-05
1.3940309145255014e-05
1.1305063708277885e-05
3.1843112083151937e-05
2.026089350692928e-05
1.7402566300006583e-05
1.1668132174236234e-05
1.7504127754364163e-05
8.528756552550476e-06
1.6394660633523017e-05
1.8527420252212323e-05
1.3932498404756188e-05
