3.7850120067596436 2.1565942764282227 0
4.408037185668945 2.0773465633392334 0
5.035732984542847 1.814504861831665 0
5.652290105819702 2.069058895111084 0
6.267848968505859 1.9291894435882568 0
6.883265972137451 1.7723599672317505 0
7.492700815200806 1.5203412771224976 0
8.11713171005249 1.824362874031067 0
8.735584020614624 1.8417333364486694 0
9.353571891784668 1.5536706447601318 0
9.983657598495483 1.4052698612213135 0
10.604831218719482 1.3430261611938477 0
11.229461669921875 1.4196503162384033 0
11.850718975067139 1.280003309249878 0
12.460201978683472 1.3953337669372559 0
13.075676441192627 1.3459193706512451 0
13.698076486587524 1.0544211864471436 0
14.305050611495972 1.417454481124878 0
14.91638731956482 1.469361662864685 0
15.5245521068573 1.2680096626281738 0
16.146536827087402 1.4273335933685303 0
16.759748220443726 1.1380844116210938 0
17.370561838150024 0.9814048409461975 0
17.993130683898926 0.95870041847229 0
18.613974571228027 1.1501634120941162 0
19.233205556869507 1.1164497137069702 0
19.85728096961975 0.947899341583252 0
20.490175008773804 1.1128532886505127 0
21.124481201171875 1.3322514295578003 0
21.752017498016357 1.0362697839736938 0
22.374038457870483 1.275937795639038 0
22.979207754135132 0.7872732877731323 0
23.59324288368225 0.9123629331588745 0
24.20880961418152 0.9364579319953918 0
24.817555904388428 1.0164258480072021 0
25.427900314331055 0.8814110159873962 0
26.04219388961792 0.7007701992988586 0
26.658592700958252 0.6518983840942383 0
27.264380931854248 0.9143871068954468 0
27.879178524017334 1.062629222869873 0
28.492624759674072 0.5581483840942383 0
29.108616590499878 0.6809988617897034 0
29.71912932395935 0.5817839503288269 0
30.32790970802307 0.6669235229492188 0
30.9453604221344 0.5975494384765625 0
31.563154935836792 0.5375387668609619 0
32.17676281929016 0.7570553421974182 0
32.796573877334595 0.51725172996521 0
33.41614842414856 0.3210429549217224 0
34.037437915802 0.5210286974906921 0
34.65587830543518 0.44472697377204895 0
35.26668572425842 0.7095257043838501 0
35.87467861175537 0.7488028407096863 0
36.48662042617798 0.635621190071106 0
37.09484910964966 0.5335909724235535 0
37.70264649391174 0.3360585570335388 0
38.31704902648926 0.4783519506454468 0
38.931252002716064 0.6876741051673889 0
39.54245138168335 0.3496130704879761 0
40.15051078796387 0.4792240858078003 0
40.75620794296265 0.8065699338912964 0
41.35382604598999 0.4529573321342468 0
41.95458459854126 0.3202197551727295 0
42.554505348205566 1.0665299892425537 0
43.155714988708496 0.5121360421180725 0
43.76792645454407 0.734748899936676 0
44.37959003448486 0.4723411202430725 0
44.98695707321167 0.5186256170272827 0
45.60963225364685 0.4826241135597229 0
46.23800206184387 0.6870403289794922 0
46.857105016708374 0.7086873054504395 0
47.45996069908142 0.5748950242996216 0
48.06662678718567 0.37753358483314514 0
48.6775758266449 0.6869931817054749 0
49.28875279426575 1.315845251083374 0
49.90512156486511 0.45386624336242676 0
50.516215801239014 0.22295966744422913 0
51.13431644439697 0.410876601934433 0
51.74658203125 0.45393574237823486 0
52.34495449066162 0.3503589928150177 0
52.95934247970581 0.6018273830413818 0
53.58058261871338 0.5170431137084961 0
54.187615633010864 0.6058765649795532 0
54.793344497680664 0.7301793694496155 0
55.395652055740356 0.4672595262527466 0
56.00070381164551 0.32757696509361267 0
56.611173152923584 0.522618293762207 0
57.219768047332764 0.47670939564704895 0
57.821577310562134 0.4431665539741516 0
58.45753884315491 0.46947118639945984 0
59.058910608291626 0.5561707019805908 0
59.66685748100281 0.478901207447052 0
60.2817177772522 0.7032002806663513 0
60.894054651260376 0.8335997462272644 0
61.509939432144165 0.6936010122299194 0
62.12047100067139 0.3158397674560547 0
62.759665966033936 0.49232208728790283 0
63.376587867736816 1.2552937269210815 0
63.98741030693054 0.32184314727783203 0
64.5962073802948 0.36660438776016235 0
65.20087385177612 0.394018292427063 0
65.81365036964417 0.9733884334564209 0
66.42593145370483 0.3935433328151703 0
67.03170037269592 0.33890268206596375 0
67.64126229286194 0.34287041425704956 0
68.24779081344604 0.5915594100952148 0
68.86803603172302 0.6750088930130005 0
69.48211479187012 0.5219792127609253 0
70.09591269493103 0.2847662568092346 0
70.71877264976501 0.9361896514892578 0
71.32610821723938 0.6706705093383789 0
71.94247269630432 0.6409908533096313 0
72.5476086139679 0.8544913530349731 0
73.1532084941864 0.5004211664199829 0
73.76789689064026 0.6622303128242493 0
74.3746030330658 0.6646894216537476 0
74.98534822463989 0.4357793927192688 0
75.59320592880249 1.266342282295227 0
76.20002722740173 0.5139928460121155 0
76.81322574615479 0.49469155073165894 0
77.42472457885742 0.5581952929496765 0
78.03772687911987 0.2675303816795349 0
78.65245985984802 0.6127274036407471 0
79.26382565498352 0.572059154510498 0
79.88173413276672 0.46203911304473877 0
80.49616312980652 0.48050808906555176 0
81.11583113670349 0.27114903926849365 0
81.72929525375366 0.5685126781463623 0
82.34293031692505 0.5731441974639893 0
82.95327830314636 0.4709610342979431 0
83.57738924026489 0.580150306224823 0
84.19807815551758 0.6847850680351257 0
84.80876660346985 0.4117400348186493 0
85.42079782485962 0.4896223545074463 0
86.03272128105164 0.36415961384773254 0
86.64339256286621 0.4764288663864136 0
87.25322389602661 0.29615727066993713 0
87.86853575706482 0.46234217286109924 0
88.48584008216858 0.5201049447059631 0
89.09190702438354 0.5282030701637268 0
89.69317722320557 0.38486018776893616 0
90.30032277107239 0.37059634923934937 0
90.91243648529053 0.47256383299827576 0
91.5172905921936 0.5636940002441406 0
92.12177467346191 0.6403660774230957 0
92.73324966430664 0.23117616772651672 0
93.34990096092224 0.39191141724586487 0
93.98196458816528 0.5061606168746948 0
94.60445094108582 0.44731011986732483 0
95.2132158279419 0.350058913230896 0
95.83348751068115 0.6351656317710876 0
96.44949340820312 0.1727110594511032 0
97.05787634849548 0.42395099997520447 0
97.67244863510132 0.5166182518005371 0
98.28703927993774 0.254655122756958 0
98.90188002586365 0.2551516890525818 0
99.50920939445496 0.49748629331588745 0
100.12052369117737 0.3558361530303955 0
100.74417400360107 0.2320346087217331 0
101.36371350288391 0.33801645040512085 0
101.97836303710938 0.19379432499408722 0
102.58467245101929 0.30811622738838196 0
103.19603371620178 0.37912261486053467 0
103.80053281784058 0.3814782500267029 0
104.4040834903717 0.21324217319488525 0
105.0025143623352 0.34557539224624634 0
105.61994361877441 0.38236942887306213 0
106.23747277259827 0.7072446942329407 0
106.85352683067322 0.40188345313072205 0
107.45775246620178 0.255761981010437 0
108.06653308868408 0.6575978994369507 0
108.68112015724182 0.4213346242904663 0
109.2941358089447 0.47288188338279724 0
109.90310668945312 0.20877370238304138 0
110.51727628707886 0.3367376923561096 0
111.12635540962219 0.30505651235580444 0
111.72811985015869 0.3916378617286682 0
112.32971215248108 0.2353726178407669 0
112.93611359596252 0.586803138256073 0
113.54901552200317 0.2561958432197571 0
114.15884232521057 0.9731317162513733 0
114.76088237762451 0.2501012682914734 0
115.37177276611328 0.7588706016540527 0
115.98563885688782 0.42260026931762695 0
116.59106707572937 0.4686976671218872 0
117.19884634017944 0.49469614028930664 0
117.80436134338379 0.42292022705078125 0
118.40764880180359 0.5334323644638062 0
119.02729797363281 0.41820043325424194 0
119.63720870018005 0.3862236738204956 0
120.24706196784973 0.3795517385005951 0
120.85823130607605 0.6183428168296814 0
121.46363282203674 0.30132612586021423 0
122.06594181060791 0.2748018801212311 0
122.66828751564026 0.267303466796875 0
123.27553510665894 0.45166540145874023 0
123.873708486557 0.4113086462020874 0
124.47984981536865 0.5033000111579895 0
125.08373832702637 0.42098164558410645 0
125.68569135665894 0.25255700945854187 0
126.29232954978943 0.19600462913513184 0
