3.821599006652832 2.2524290084838867 0
4.474378824234009 2.4348978996276855 0
5.1253838539123535 2.4824600219726562 0
5.776371240615845 2.3830366134643555 0
6.41183614730835 2.3711419105529785 0
7.049469947814941 2.3795652389526367 0
7.697269439697266 2.449432134628296 0
8.342235565185547 2.3591113090515137 0
8.975932598114014 2.3175179958343506 0
9.616594552993774 2.4052305221557617 0
10.268332719802856 2.365764617919922 0
10.914610862731934 2.39321231842041 0
11.558858633041382 2.42061710357666 0
12.20235538482666 2.410703659057617 0
12.849774837493896 2.4201059341430664 0
13.49466061592102 2.4733500480651855 0
14.137884140014648 2.438538074493408 0
14.778317928314209 2.382404327392578 0
15.415635347366333 2.3041024208068848 0
16.06283187866211 2.4646353721618652 0
16.71967315673828 2.419520854949951 0
17.373971700668335 2.568281888961792 0
18.037565231323242 2.319878101348877 0
18.674511194229126 2.4079134464263916 0
19.331185579299927 2.407959222793579 0
19.980289697647095 2.520416259765625 0
20.637120008468628 2.4053401947021484 0
21.29063892364502 2.520803689956665 0
21.93733239173889 2.471620798110962 0
22.57395052909851 2.510688066482544 0
23.217552661895752 2.407273054122925 0
23.8580961227417 2.4012274742126465 0
24.498087167739868 2.3372983932495117 0
25.146873474121094 2.464238405227661 0
25.797650814056396 2.4933743476867676 0
26.441250324249268 2.540635824203491 0
27.074716091156006 2.358384847640991 0
27.718920946121216 2.306016206741333 0
28.370352268218994 2.5181589126586914 0
29.01187562942505 2.2189993858337402 0
29.65478014945984 2.5008678436279297 0
30.298710107803345 2.549647808074951 0
30.948261976242065 2.4201159477233887 0
31.60114359855652 2.5369482040405273 0
32.2520592212677 2.467258930206299 0
32.90275955200195 2.5129313468933105 0
33.55400824546814 2.4812469482421875 0
34.196852922439575 2.484159469604492 0
34.843658208847046 2.3945202827453613 0
35.48925709724426 2.4792604446411133 0
36.12110376358032 2.3670058250427246 0
36.760172843933105 2.477975368499756 0
37.39548397064209 2.3646740913391113 0
38.03358864784241 2.477046489715576 0
38.6622109413147 2.2897090911865234 0
39.297709226608276 2.305293083190918 0
39.93068742752075 2.3601818084716797 0
40.57063603401184 2.479029417037964 0
41.21208143234253 2.513068199157715 0
41.84844660758972 2.4639012813568115 0
42.479994773864746 2.3232269287109375 0
43.11272215843201 2.3056793212890625 0
43.750099658966064 2.475283622741699 0
44.39897108078003 2.4338104724884033 0
45.044562101364136 2.370727300643921 0
45.692556381225586 2.3355629444122314 0
46.33288621902466 2.2662672996520996 0
46.97348141670227 2.3521499633789062 0
47.59951591491699 2.3529181480407715 0
48.232720613479614 2.4409146308898926 0
48.864666223526 2.4421699047088623 0
49.497371673583984 2.26081919670105 0
50.13342499732971 2.444159507751465 0
50.77577066421509 2.4312074184417725 0
51.41400861740112 2.3990626335144043 0
52.05131554603577 2.5446083545684814 0
52.70676302909851 2.443753242492676 0
53.34886384010315 2.4936814308166504 0
54.002605676651 2.368628978729248 0
54.65309286117554 2.4670166969299316 0
55.3033127784729 2.2803988456726074 0
55.95714497566223 2.4409422874450684 0
56.58910799026489 2.2900900840759277 0
57.2315559387207 2.3716635704040527 0
57.882697343826294 2.515439987182617 0
58.52950429916382 2.272111415863037 0
59.17425227165222 2.4139485359191895 0
59.82235836982727 2.533841133117676 0
60.47100043296814 2.285844564437866 0
61.11917281150818 2.4036221504211426 0
61.7660608291626 2.3635244369506836 0
62.41367435455322 2.3607089519500732 0
63.05968952178955 2.2642104625701904 0
63.703214168548584 2.4653282165527344 0
64.34752750396729 2.405308485031128 0
64.97908759117126 2.53100323677063 0
65.62694835662842 2.389087200164795 0
66.28378438949585 2.3434112071990967 0
66.91609907150269 2.156320095062256 0
67.54451608657837 2.319288492202759 0
68.17943978309631 2.375063896179199 0
68.82405018806458 2.6017889976501465 0
69.4648814201355 2.4122581481933594 0
70.1014654636383 2.3715291023254395 0
70.73896026611328 2.391709804534912 0
71.37855172157288 2.4645397663116455 0
72.00684857368469 2.4964113235473633 0
72.64332056045532 2.359743356704712 0
73.28044056892395 2.4385101795196533 0
73.90965557098389 2.494185447692871 0
74.54333090782166 2.3699803352355957 0
75.17247033119202 2.1608142852783203 0
75.80586671829224 2.2767863273620605 0
76.44435977935791 2.4582977294921875 0
77.07852077484131 2.3532285690307617 0
77.7225832939148 2.285670757293701 0
78.38349533081055 2.4134774208068848 0
79.0180401802063 2.474904775619507 0
79.64965796470642 2.334578037261963 0
80.28079199790955 2.5609354972839355 0
80.90826225280762 2.552809715270996 0
81.5436794757843 2.3630521297454834 0
82.18239188194275 2.447375774383545 0
82.82506394386292 2.452854871749878 0
83.45900917053223 2.3962478637695312 0
84.0920295715332 2.4103307723999023 0
84.72386503219604 2.4227397441864014 0
85.36042737960815 2.3673529624938965 0
85.99212670326233 2.3785319328308105 0
86.62397527694702 2.239370822906494 0
87.25576186180115 2.2815027236938477 0
87.89199090003967 2.5530614852905273 0
88.5251030921936 2.271780014038086 0
89.1603274345398 2.4286465644836426 0
89.79925847053528 2.422916889190674 0
90.44412732124329 2.381168842315674 0
91.07724022865295 2.493295192718506 0
91.71367383003235 2.4066925048828125 0
92.34807920455933 2.332460403442383 0
92.98441076278687 2.4594662189483643 0
93.62512588500977 2.448863983154297 0
94.25838160514832 2.292181968688965 0
94.88198757171631 2.4303629398345947 0
95.5203275680542 2.2891993522644043 0
96.1668107509613 2.2549779415130615 0
96.80047941207886 2.258312702178955 0
97.43500852584839 2.3432369232177734 0
98.06406664848328 2.555380344390869 0
98.69805645942688 2.31223726272583 0
99.33123135566711 2.166891574859619 0
99.96040916442871 2.3909854888916016 0
100.59788107872009 2.384658098220825 0
101.2463264465332 2.3410682678222656 0
101.89694118499756 2.4310860633850098 0
102.54501914978027 2.228694438934326 0
103.17289543151855 2.26365327835083 0
103.80898237228394 2.3881349563598633 0
104.44447493553162 2.174995183944702 0
105.07230520248413 2.5793826580047607 0
105.70186519622803 2.3488123416900635 0
106.33144998550415 2.521263599395752 0
106.95945191383362 2.266879081726074 0
107.5895082950592 2.2907297611236572 0
108.21903085708618 2.3329548835754395 0
108.84637904167175 2.509958267211914 0
109.47912216186523 2.495748281478882 0
110.10762333869934 2.382455825805664 0
110.74179792404175 2.2802586555480957 0
111.37431836128235 2.4683847427368164 0
111.99786329269409 2.2876758575439453 0
112.63615846633911 2.1637215614318848 0
113.2929847240448 2.559483528137207 0
113.93263673782349 2.413180351257324 0
114.57003450393677 2.4440455436706543 0
115.20415711402893 2.405982732772827 0
115.84163308143616 2.503904342651367 0
116.47999358177185 2.3714780807495117 0
117.1218090057373 2.413114547729492 0
117.75983619689941 2.4522922039031982 0
118.39600729942322 2.4359021186828613 0
119.04361891746521 2.3578743934631348 0
119.67791795730591 2.279507875442505 0
120.32114434242249 2.21004581451416 0
120.96464943885803 2.4092819690704346 0
121.60252285003662 2.4512009620666504 0
122.24194765090942 2.336402416229248 0
122.87648463249207 2.438143491744995 0
123.51522707939148 2.462085247039795 0
124.15491724014282 2.443589210510254 0
124.78572678565979 2.510692596435547 0
125.43611526489258 2.4017527103424072 0
126.07588791847229 2.2734456062316895 0
126.74809193611145 2.2692270278930664 0
127.38196587562561 2.425440788269043 0
128.0139660835266 2.3079187870025635 0
128.64193320274353 2.5139307975769043 0
129.27346420288086 2.321993350982666 0
129.91049146652222 2.6004347801208496 0
130.54637479782104 2.631347894668579 0
131.18160843849182 2.367218017578125 0
131.81430435180664 2.519857883453369 0
132.45027017593384 2.387150287628174 0
133.08738541603088 2.4574902057647705 0
133.72544026374817 2.451899766921997 0
134.360586643219 2.614254951477051 0
134.99925684928894 2.459242820739746 0
135.63593459129333 2.262451410293579 0
136.27225017547607 2.3830206394195557 0
136.9157612323761 2.278200387954712 0
137.55697226524353 2.338284730911255 0
138.19896960258484 2.3258512020111084 0
138.87110924720764 2.3559722900390625 0
139.50524806976318 2.4755449295043945 0
140.14079332351685 2.3763270378112793 0
140.77055501937866 2.3433005809783936 0
141.41078686714172 2.4158334732055664 0
142.04213118553162 2.407989740371704 0
142.6775426864624 2.45924973487854 0
143.31251573562622 2.506509780883789 0
143.9497776031494 2.457998514175415 0
144.58676934242249 2.5177578926086426 0
145.2234230041504 2.437056541442871 0
145.8651773929596 2.4660754203796387 0
146.50746083259583 2.3865718841552734 0
147.1424262523651 2.4785878658294678 0
147.7783739566803 2.406724691390991 0
148.41594409942627 2.3464808464050293 0
149.06375169754028 2.5499534606933594 0
149.70699834823608 2.264240264892578 0
150.34716892242432 2.2648894786834717 0
150.98665761947632 2.2910923957824707 0.0712616816163063
151.62434101104736 2.5012407302856445 0.0712616816163063
152.25537085533142 2.4344537258148193 0.0712616816163063
152.89562129974365 2.5337400436401367 0.0712616816163063
153.52816200256348 2.1991305351257324 0.0712616816163063
154.1594033241272 2.3807454109191895 0.0712616816163063
154.79129147529602 2.318441390991211 0.0712616816163063
155.43972754478455 2.5433878898620605 0.0712616816163063
156.08581590652466 2.3818421363830566 0.0712616816163063
156.7299075126648 2.4821972846984863 0.0712616816163063
157.36924529075623 2.459610939025879 0.0712616816163063
158.00354647636414 2.411602735519409 0.0712616816163063
158.63651037216187 2.4760022163391113 0.0712616816163063
159.26601457595825 2.4269940853118896 0.0712616816163063
159.90614676475525 2.385834217071533 0.0712616816163063
160.53346300125122 2.431947708129883 0.0712616816163063
161.16302347183228 2.4500656127929688 0.0712616816163063
161.78924655914307 2.372347354888916 0.0712616816163063
162.4256317615509 2.4159162044525146 0.0712616816163063
163.06344366073608 2.4744064807891846 0.0712616816163063
163.69306993484497 2.427462577819824 0.0712616816163063
164.331196308136 2.4568047523498535 0.0712616816163063
164.96892642974854 2.4883720874786377 0.0712616816163063
165.60249757766724 2.415682315826416 0.0712616816163063
166.23614740371704 2.4466989040374756 0.0712616816163063
166.87481260299683 2.4184417724609375 0.0712616816163063
167.52208256721497 2.4008727073669434 0.0712616816163063
168.1666557788849 2.5606696605682373 0.0712616816163063
168.81171822547913 2.3595049381256104 0.0712616816163063
169.45510411262512 2.3784823417663574 0.0712616816163063
170.09275007247925 2.3715662956237793 0.0712616816163063
170.7315549850464 2.357973575592041 0.0712616816163063
171.37155055999756 2.3670172691345215 0.0712616816163063
172.01380228996277 2.490764617919922 0.0712616816163063
172.64810943603516 2.332240104675293 0.0712616816163063
173.28886699676514 2.3796801567077637 0.0712616816163063
173.9237961769104 2.384768486022949 0.0712616816163063
174.55369877815247 2.4609177112579346 0.0712616816163063
175.18400073051453 2.3148751258850098 0.0712616816163063
175.82944512367249 2.3344779014587402 0.0712616816163063
176.46751523017883 2.4477243423461914 0.0712616816163063
177.0984592437744 2.4799046516418457 0.0712616816163063
177.73440623283386 2.5014219284057617 0.0712616816163063
178.36719393730164 2.146425247192383 0.0712616816163063
179.00457882881165 2.259528636932373 0.0712616816163063
179.64666271209717 2.387604236602783 0.0712616816163063
180.29345154762268 2.333466053009033 0.0712616816163063
180.94108605384827 2.3812780380249023 0.0712616816163063
181.5758409500122 2.366909980773926 0.0712616816163063
182.20849752426147 2.455925941467285 0.0712616816163063
182.83993816375732 2.4416046142578125 0.0712616816163063
183.47167563438416 2.366257667541504 0.0712616816163063
184.10950303077698 2.529020309448242 0.0712616816163063
184.74501204490662 2.5643978118896484 0.0712616816163063
185.3868429660797 2.40448260307312 0.0712616816163063
186.03155708312988 2.4922900199890137 0.0712616816163063
186.66608667373657 2.543506145477295 0.0712616816163063
187.30422067642212 2.4285216331481934 0.0712616816163063
187.93639373779297 2.519418716430664 0.0712616816163063
188.56770992279053 2.380608320236206 0.0712616816163063
189.2085826396942 2.402761936187744 0.0712616816163063
189.85098528862 2.5063819885253906 0.0712616816163063
190.49310278892517 2.422044277191162 0.0712616816163063
191.13393235206604 2.447388172149658 0.0712616816163063
191.795063495636 2.374931812286377 0.0712616816163063
192.4451141357422 2.4990315437316895 0.0712616816163063
193.1275758743286 2.4291794300079346 0.0712616816163063
193.75987148284912 2.4656143188476562 0.0712616816163063
194.39739680290222 2.186972141265869 0.0712616816163063
195.0334768295288 2.187854051589966 0.0712616816163063
195.67393350601196 2.4420924186706543 0.0712616816163063
196.31366348266602 2.4946210384368896 0.0712616816163063
196.95066738128662 2.3535139560699463 0.0712616816163063
197.58405327796936 2.304381847381592 0.0712616816163063
198.22797989845276 2.5532684326171875 0.0712616816163063
198.8665201663971 2.421998977661133 0.0712616816163063
199.5051519870758 2.493534564971924 0.0712616816163063
200.14461374282837 2.546494483947754 0.0712616816163063
200.78545022010803 2.4395172595977783 0.0712616816163063
201.42142176628113 2.450146198272705 0.0712616816163063
202.0693736076355 2.407660961151123 0.0712616816163063
202.7134301662445 2.4863076210021973 0.0712616816163063
203.35882711410522 2.493079662322998 0.0712616816163063
204.00704288482666 2.343580484390259 0.0712616816163063
204.64550685882568 2.418356418609619 0.0712616816163063
205.2986752986908 2.214669704437256 0.0712616816163063
205.94684886932373 2.379342555999756 0.0712616816163063
206.58927130699158 2.346515417098999 0.0712616816163063
207.23354625701904 2.4956681728363037 0.0712616816163063
207.87086081504822 2.427422046661377 0.0712616816163063
208.51954984664917 2.4153714179992676 0.0712616816163063
209.1619679927826 2.4906792640686035 0.0712616816163063
209.80068397521973 2.5329880714416504 0.0712616816163063
210.4420349597931 2.458217144012451 0.0712616816163063
211.07649946212769 2.386183738708496 0.0712616816163063
211.70072174072266 2.451158046722412 0.0712616816163063
212.33301949501038 2.351356267929077 0.0712616816163063
212.96168756484985 2.335516929626465 0.0712616816163063
213.5946660041809 2.4104878902435303 0.0712616816163063
214.21892023086548 2.265665054321289 0.0712616816163063
214.84175658226013 2.431666612625122 0.0712616816163063
215.4805462360382 2.2192254066467285 0.0712616816163063
216.12331104278564 2.4906396865844727 0.0712616816163063
216.75135850906372 2.371260166168213 0.0712616816163063
217.38843536376953 2.297375440597534 0.0712616816163063
218.02070546150208 2.518298625946045 0.0712616816163063
218.64946460723877 2.388411045074463 0.0712616816163063
219.27750992774963 2.484373092651367 0.0712616816163063
219.90017819404602 2.355898141860962 0.0712616816163063
220.52918767929077 2.362147331237793 0.0712616816163063
221.15895891189575 2.3484034538269043 0.0712616816163063
221.78199315071106 2.3708438873291016 0.0712616816163063
222.41623449325562 2.2790727615356445 0.0712616816163063
223.0446527004242 2.389972448348999 0.0712616816163063
223.6786985397339 2.3655171394348145 0.0712616816163063
224.3069634437561 2.3135411739349365 0.0712616816163063
224.93701720237732 2.4097723960876465 0.0712616816163063
225.56899166107178 2.4217166900634766 0.0712616816163063
226.19786763191223 2.474925994873047 0.0712616816163063
226.82450985908508 2.479160785675049 0.0712616816163063
227.46217942237854 2.317906141281128 0.0712616816163063
228.10785150527954 2.3603036403656006 0.0712616816163063
228.75520420074463 2.444638252258301 0.0712616816163063
229.40267729759216 2.407801866531372 0.0712616816163063
230.03937911987305 2.39846134185791 0.0712616816163063
230.6719605922699 2.330497980117798 0.0712616816163063
231.3079240322113 2.4524967670440674 0.0712616816163063
231.93922185897827 2.380357503890991 0.0712616816163063
232.56778812408447 2.3949897289276123 0.0712616816163063
233.2024281024933 2.4593334197998047 0.0712616816163063
233.83162760734558 2.3724520206451416 0.0712616816163063
234.46866416931152 2.4028258323669434 0.0712616816163063
235.10322546958923 2.3692684173583984 0.0712616816163063
235.73215413093567 2.476055383682251 0.0712616816163063
236.36658883094788 2.3082985877990723 0.0712616816163063
237.00545167922974 2.358689546585083 0.0712616816163063
237.635235786438 2.402038335800171 0.0712616816163063
238.26673483848572 2.418062686920166 0.0712616816163063
238.89752006530762 2.3937578201293945 0.0712616816163063
239.53705739974976 2.375049352645874 0.0712616816163063
240.17774891853333 2.3627054691314697 0.0712616816163063
240.81640911102295 2.4989240169525146 0.0712616816163063
241.45908164978027 2.537013292312622 0.0712616816163063
242.24418210983276 2.5009114742279053 0.0712616816163063
242.9393436908722 2.2524290084838867 0.0712616816163063
243.56956338882446 2.4348978996276855 0.0712616816163063
244.20868563652039 2.4824600219726562 0.0712616816163063
244.84044075012207 2.3830366134643555 0.0712616816163063
245.4700632095337 2.3711419105529785 0.0712616816163063
246.0946717262268 2.3795652389526367 0.0712616816163063
246.72391963005066 2.449432134628296 0.0712616816163063
247.35912227630615 2.3591113090515137 0.0712616816163063
247.99150395393372 2.3175179958343506 0.0712616816163063
248.62792658805847 2.4052305221557617 0.0712616816163063
249.2548749446869 2.365764617919922 0.0712616816163063
249.88432216644287 2.39321231842041 0.0712616816163063
250.52090454101562 2.42061710357666 0.0712616816163063
251.15385222434998 2.410703659057617 0.0712616816163063
251.79709339141846 2.4201059341430664 0.0712616816163063
252.4436354637146 2.4733500480651855 0.0712616816163063
253.0902714729309 2.438538074493408 0.0712616816163063
253.74214124679565 2.382404327392578 0.0712616816163063
254.38579607009888 2.3041024208068848 0.0712616816163063
255.021493434906 2.4646353721618652 0.0712616816163063
255.67121529579163 2.419520854949951 0.0712616816163063
256.3110547065735 2.568281888961792 0.0712616816163063
256.94757199287415 2.319878101348877 0.0712616816163063
257.58691120147705 2.4079134464263916 0.0712616816163063
258.22634768486023 2.407959222793579 0.0712616816163063
258.8714919090271 2.520416259765625 0.0712616816163063
259.51421642303467 2.4053401947021484 0.0712616816163063
260.15364122390747 2.520803689956665 0.0712616816163063
260.7938287258148 2.471620798110962 0.0712616816163063
261.4378037452698 2.510688066482544 0.0712616816163063
262.0772452354431 2.407273054122925 0.0712616816163063
262.71592926979065 2.4012274742126465 0.0712616816163063
263.35536766052246 2.3372983932495117 0.0712616816163063
263.9942202568054 2.464238405227661 0.0712616816163063
264.6365430355072 2.4933743476867676 0.0712616816163063
265.2828857898712 2.540635824203491 0.0712616816163063
265.9381265640259 2.358384847640991 0.0712616816163063
266.5686500072479 2.306016206741333 0.0712616816163063
267.19879698753357 2.5181589126586914 0.0712616816163063
267.830219745636 2.2189993858337402 0.0712616816163063
268.4692323207855 2.5008678436279297 0.0712616816163063
269.1064808368683 2.549647808074951 0.0712616816163063
269.75044298171997 2.4201159477233887 0.0712616816163063
270.39304637908936 2.5369482040405273 0.0712616816163063
271.0263423919678 2.467258930206299 0.0712616816163063
271.6641767024994 2.5129313468933105 0.0712616816163063
272.3060474395752 2.4812469482421875 0.0712616816163063
272.9430556297302 2.484159469604492 0.0712616816163063
273.5835063457489 2.3945202827453613 0.0712616816163063
274.2176070213318 2.4792604446411133 0.0712616816163063
274.8546669483185 2.3670058250427246 0.0712616816163063
275.47944688796997 2.477975368499756 0.0712616816163063
276.1224160194397 2.3646740913391113 0.0712616816163063
276.7647268772125 2.477046489715576 0.0712616816163063
277.4133622646332 2.2897090911865234 0.0712616816163063
278.05946803092957 2.305293083190918 0.0712616816163063
278.6948323249817 2.3601818084716797 0.0712616816163063
279.3292124271393 2.479029417037964 0.0712616816163063
279.9538223743439 2.513068199157715 0.0712616816163063
280.59028601646423 2.4639012813568115 0.0712616816163063
281.22759771347046 2.3232269287109375 0.0712616816163063
281.867228269577 2.3056793212890625 0.0712616816163063
282.5023808479309 2.475283622741699 0.0712616816163063
283.13739705085754 2.4338104724884033 0.0712616816163063
283.76891231536865 2.370727300643921 0.0712616816163063
284.4059479236603 2.3355629444122314 0.0712616816163063
285.038556098938 2.2662672996520996 0.0712616816163063
285.6747498512268 2.3521499633789062 0.0712616816163063
286.3038353919983 2.3529181480407715 0.0712616816163063
286.93165731430054 2.4409146308898926 0.0712616816163063
287.57036113739014 2.4421699047088623 0.0712616816163063
288.21206879615784 2.26081919670105 0.0712616816163063
288.85636806488037 2.444159507751465 0.0712616816163063
289.5014832019806 2.4312074184417725 0.0712616816163063
290.14039611816406 2.3990626335144043 0.0712616816163063
290.77422976493835 2.5446083545684814 0.0712616816163063
291.4116551876068 2.443753242492676 0.0712616816163063
292.0452058315277 2.4936814308166504 0.0712616816163063
292.6802806854248 2.368628978729248 0.0712616816163063
293.3137083053589 2.4670166969299316 0.0712616816163063
293.9475634098053 2.2803988456726074 0.0712616816163063
294.5744318962097 2.4409422874450684 0.0712616816163063
295.20969438552856 2.2900900840759277 0.0712616816163063
295.8354058265686 2.3716635704040527 0.0712616816163063
296.46640944480896 2.515439987182617 0.0712616816163063
297.1003155708313 2.272111415863037 0.0712616816163063
297.73162269592285 2.4139485359191895 0.0712616816163063
298.3646414279938 2.533841133117676 0.0712616816163063
298.99494075775146 2.285844564437866 0.0712616816163063
299.62794613838196 2.4036221504211426 0.0712616816163063
300.27145648002625 2.3635244369506836 0.0712616816163063
300.9142210483551 2.3607089519500732 0.0712616816163063
301.55561685562134 2.2642104625701904 0.0712616816163063
302.1912088394165 2.4653282165527344 0.0712616816163063
302.8261432647705 2.405308485031128 0.0712616816163063
303.45393109321594 2.53100323677063 0.0712616816163063
304.08975076675415 2.389087200164795 0.0712616816163063
304.73057413101196 2.3434112071990967 0.0712616816163063
305.36836767196655 2.156320095062256 0.0712616816163063
306.00867986679077 2.319288492202759 0.0712616816163063
306.65319561958313 2.375063896179199 0.0712616816163063
307.296993970871 2.6017889976501465 0.0712616816163063
307.97766065597534 2.4122581481933594 0.0712616816163063
308.62384939193726 2.3715291023254395 0.0712616816163063
309.2680323123932 2.391709804534912 0.0712616816163063
309.9058196544647 2.4645397663116455 0.0712616816163063
310.5478467941284 2.4964113235473633 0.0712616816163063
311.1828181743622 2.359743356704712 0.0712616816163063
311.81069135665894 2.4385101795196533 0.0712616816163063
312.4499843120575 2.494185447692871 0.0712616816163063
313.0827491283417 2.3699803352355957 0.0712616816163063
313.71919989585876 2.1608142852783203 0.0712616816163063
314.36532330513 2.2767863273620605 0.0712616816163063
315.00916361808777 2.4582977294921875 0.0712616816163063
315.6570460796356 2.3532285690307617 0.0712616816163063
316.2985906600952 2.285670757293701 0.0712616816163063
316.9327473640442 2.4134774208068848 0.0712616816163063
317.56870222091675 2.474904775619507 0.0712616816163063
318.22050189971924 2.334578037261963 0.0712616816163063
318.8699424266815 2.5609354972839355 0.0712616816163063
319.5053119659424 2.552809715270996 0.0712616816163063
320.1528618335724 2.3630521297454834 0.0712616816163063
320.79188561439514 2.447375774383545 0.0712616816163063
321.434139251709 2.452854871749878 0.0712616816163063
322.079461812973 2.3962478637695312 0.0712616816163063
322.72251057624817 2.4103307723999023 0.0712616816163063
323.3574523925781 2.4227397441864014 0.0712616816163063
323.9905002117157 2.3673529624938965 0.0712616816163063
324.6235935688019 2.3785319328308105 0.0712616816163063
325.2517297267914 2.239370822906494 0.0712616816163063
325.8824610710144 2.2815027236938477 0.0712616816163063
326.5175213813782 2.5530614852905273 0.0712616816163063
327.15250277519226 2.271780014038086 0.0712616816163063
327.78632164001465 2.4286465644836426 0.0712616816163063
328.41976499557495 2.422916889190674 0.0712616816163063
329.05789017677307 2.381168842315674 0.0712616816163063
329.68297481536865 2.493295192718506 0.0712616816163063
330.32068514823914 2.4066925048828125 0.0712616816163063
330.95895409584045 2.332460403442383 0.0712616816163063
331.5992736816406 2.4594662189483643 0.0712616816163063
332.2542815208435 2.448863983154297 0.0712616816163063
332.8948223590851 2.292181968688965 0.0712616816163063
333.5260879993439 2.4303629398345947 0.0712616816163063
334.16179966926575 2.2891993522644043 0.0712616816163063
334.78806495666504 2.2549779415130615 0.0712616816163063
335.4155914783478 2.258312702178955 0.0712616816163063
336.0513813495636 2.3432369232177734 0.0712616816163063
336.6878716945648 2.555380344390869 0.0712616816163063
337.3243474960327 2.31223726272583 0.0712616816163063
337.95958733558655 2.166891574859619 0.0712616816163063
338.5995602607727 2.3909854888916016 0.0712616816163063
339.23889446258545 2.384658098220825 0.0712616816163063
339.8779101371765 2.3410682678222656 0.0712616816163063
340.5182671546936 2.4310860633850098 0.0712616816163063
341.1603512763977 2.228694438934326 0.0712616816163063
341.79608845710754 2.26365327835083 0.0712616816163063
342.4368574619293 2.3881349563598633 0.0712616816163063
343.08837127685547 2.174995183944702 0.0712616816163063
343.72559905052185 2.5793826580047607 0.0712616816163063
344.4051585197449 2.3488123416900635 0.0712616816163063
345.0429825782776 2.521263599395752 0.0712616816163063
345.677109003067 2.266879081726074 0.0712616816163063
346.31175088882446 2.2907297611236572 0.0712616816163063
346.9476034641266 2.3329548835754395 0.0712616816163063
347.5831880569458 2.509958267211914 0.0712616816163063
348.21068000793457 2.495748281478882 0.0712616816163063
348.83322167396545 2.382455825805664 0.0712616816163063
349.46767234802246 2.2802586555480957 0.0712616816163063
350.0996026992798 2.4683847427368164 0.0712616816163063
350.7297010421753 2.2876758575439453 0.0712616816163063
351.3664586544037 2.1637215614318848 0.0712616816163063
351.99849820137024 2.559483528137207 0.0712616816163063
352.63199496269226 2.413180351257324 0.0712616816163063
353.2635488510132 2.4440455436706543 0.0712616816163063
353.8908393383026 2.405982732772827 0.0712616816163063
354.5319707393646 2.503904342651367 0.0712616816163063
355.1652467250824 2.3714780807495117 0.0712616816163063
355.81189346313477 2.413114547729492 0.0712616816163063
356.45191073417664 2.4522922039031982 0.0712616816163063
357.08916330337524 2.4359021186828613 0.0712616816163063
357.72659134864807 2.3578743934631348 0.0712616816163063
358.3613724708557 2.279507875442505 0.0712616816163063
358.9883830547333 2.21004581451416 0.0712616816163063
359.6153597831726 2.4092819690704346 0.0712616816163063
360.23944306373596 2.4512009620666504 0.0712616816163063
360.87399220466614 2.336402416229248 0.0712616816163063
361.50994062423706 2.438143491744995 0.0712616816163063
362.1415264606476 2.462085247039795 0.0712616816163063
362.7718768119812 2.443589210510254 0.0712616816163063
363.4001591205597 2.510692596435547 0.0712616816163063
364.03722071647644 2.4017527103424072 0.0712616816163063
364.6669092178345 2.2734456062316895 0.0712616816163063
365.29939460754395 2.2692270278930664 0.0712616816163063
365.92945075035095 2.425440788269043 0.0712616816163063
366.57087111473083 2.3079187870025635 0.0712616816163063
367.21637201309204 2.5139307975769043 0.0712616816163063
367.85717582702637 2.321993350982666 0.0712616816163063
368.50585198402405 2.6004347801208496 0.0712616816163063
369.1462731361389 2.631347894668579 0.0712616816163063
369.7824695110321 2.367218017578125 0.0712616816163063
370.42560052871704 2.519857883453369 0.0712616816163063
371.0663321018219 2.387150287628174 0.0712616816163063
371.70332503318787 2.4574902057647705 0.0712616816163063
372.33931016921997 2.451899766921997 0.0712616816163063
372.9839344024658 2.614254951477051 0.0712616816163063
373.6136267185211 2.459242820739746 0.0712616816163063
374.2413535118103 2.262451410293579 0.0712616816163063
374.8725051879883 2.3830206394195557 0.0712616816163063
375.4989981651306 2.278200387954712 0.0712616816163063
376.1332275867462 2.338284730911255 0.0712616816163063
376.7588834762573 2.3258512020111084 0.0712616816163063
377.38699769973755 2.3559722900390625 0.0712616816163063
378.0178334712982 2.4755449295043945 0.0712616816163063
378.6572482585907 2.3763270378112793 0.0712616816163063
379.3090674877167 2.3433005809783936 0.0712616816163063
379.94796776771545 2.4158334732055664 0.0712616816163063
380.59288597106934 2.407989740371704 0.0712616816163063
381.2345087528229 2.45924973487854 0.0712616816163063
381.8779265880585 2.506509780883789 0.0712616816163063
382.5209410190582 2.457998514175415 0.0712616816163063
383.1590714454651 2.5177578926086426 0.0712616816163063
383.80006432533264 2.437056541442871 0.0712616816163063
384.43935108184814 2.4660754203796387 0.0712616816163063
385.07673954963684 2.3865718841552734 0.0712616816163063
385.71968245506287 2.4785878658294678 0.0712616816163063
386.3595972061157 2.406724691390991 0.0712616816163063
386.99854850769043 2.3464808464050293 0.0712616816163063
387.6374158859253 2.5499534606933594 0.0712616816163063
388.27489733695984 2.264240264892578 0.0712616816163063
388.90826630592346 2.2648894786834717 0.0712616816163063
389.54846477508545 2.2910923957824707 0.0712616816163063
390.19002389907837 2.5012407302856445 0.0712616816163063
390.83211302757263 2.4344537258148193 0.0712616816163063
391.4689111709595 2.5337400436401367 0.0712616816163063
392.1081078052521 2.1991305351257324 0.0712616816163063
392.7543754577637 2.3807454109191895 0.0712616816163063
393.38962984085083 2.318441390991211 0.0712616816163063
394.0195083618164 2.5433878898620605 0.0712616816163063
394.6500337123871 2.3818421363830566 0.0712616816163063
395.2837677001953 2.4821972846984863 0.0712616816163063
395.9167785644531 2.459610939025879 0.0712616816163063
396.54324102401733 2.411602735519409 0.0712616816163063
397.1701955795288 2.4760022163391113 0.0712616816163063
397.80093264579773 2.4269940853118896 0.0712616816163063
398.4295437335968 2.385834217071533 0.0712616816163063
399.0533220767975 2.431947708129883 0.0712616816163063
399.6803171634674 2.4500656127929688 0.0712616816163063
400.3137729167938 2.372347354888916 0.0712616816163063
400.9511032104492 2.4159162044525146 0.0712616816163063
401.58814883232117 2.4744064807891846 0.0712616816163063
402.22695660591125 2.427462577819824 0.0712616816163063
402.8658010959625 2.4568047523498535 0.0712616816163063
403.5026330947876 2.4883720874786377 0.0712616816163063
404.13938093185425 2.415682315826416 0.0712616816163063
404.78808975219727 2.4466989040374756 0.0712616816163063
405.4145004749298 2.4184417724609375 0.0712616816163063
406.04160237312317 2.4008727073669434 0.0712616816163063
406.66534757614136 2.5606696605682373 0.0712616816163063
407.29544281959534 2.3595049381256104 0.0712616816163063
407.92824149131775 2.3784823417663574 0.0712616816163063
408.55533242225647 2.3715662956237793 0.0712616816163063
409.1803710460663 2.357973575592041 0.0712616816163063
409.80839228630066 2.3670172691345215 0.0712616816163063
410.44209337234497 2.490764617919922 0.0712616816163063
411.0665993690491 2.332240104675293 0.0712616816163063
411.6981883049011 2.3796801567077637 0.0712616816163063
412.32798051834106 2.384768486022949 0.0712616816163063
412.95316672325134 2.4609177112579346 0.0712616816163063
413.5795934200287 2.3148751258850098 0.0712616816163063
414.20603227615356 2.3344779014587402 0.0712616816163063
414.8438289165497 2.4477243423461914 0.0712616816163063
415.49100518226624 2.4799046516418457 0.0712616816163063
416.12951588630676 2.5014219284057617 0.0712616816163063
416.78065752983093 2.146425247192383 0.0712616816163063
417.4131462574005 2.259528636932373 0.0712616816163063
418.04528617858887 2.387604236602783 0.0712616816163063
418.68225288391113 2.333466053009033 0.0712616816163063
419.3184859752655 2.3812780380249023 0.0712616816163063
419.9560480117798 2.366909980773926 0.0712616816163063
420.59528398513794 2.455925941467285 0.0712616816163063
421.2345905303955 2.4416046142578125 0.0712616816163063
421.87124276161194 2.366257667541504 0.0712616816163063
422.5094048976898 2.529020309448242 0.0712616816163063
423.1469371318817 2.5643978118896484 0.0712616816163063
423.78348445892334 2.40448260307312 0.0712616816163063
424.4208359718323 2.4922900199890137 0.0712616816163063
425.0578420162201 2.543506145477295 0.0712616816163063
425.6972873210907 2.4285216331481934 0.0712616816163063
426.3363449573517 2.519418716430664 0.0712616816163063
426.9795250892639 2.380608320236206 0.0712616816163063
427.6263806819916 2.402761936187744 0.0712616816163063
428.2688796520233 2.5063819885253906 0.0712616816163063
428.9093916416168 2.422044277191162 0.0712616816163063
429.54414415359497 2.447388172149658 0.0712616816163063
430.17077350616455 2.374931812286377 0.0712616816163063
430.8035113811493 2.4990315437316895 0.0712616816163063
431.4402656555176 2.4291794300079346 0.0712616816163063
432.08187198638916 2.4656143188476562 0.0712616816163063
432.71805143356323 2.186972141265869 0.0712616816163063
433.35024070739746 2.187854051589966 0.0712616816163063
433.9860985279083 2.4420924186706543 0.0712616816163063
434.6209032535553 2.4946210384368896 0.0712616816163063
435.2595820426941 2.3535139560699463 0.0712616816163063
435.9023292064667 2.304381847381592 0.0712616816163063
436.5372974872589 2.5532684326171875 0.0712616816163063
437.1718590259552 2.421998977661133 0.0712616816163063
437.8092291355133 2.493534564971924 0.0712616816163063
438.44046664237976 2.546494483947754 0.0712616816163063
439.08399987220764 2.4395172595977783 0.0712616816163063
439.7225692272186 2.450146198272705 0.0712616816163063
440.36598920822144 2.407660961151123 0.0712616816163063
441.04165291786194 2.4863076210021973 0.0712616816163063
441.67863631248474 2.493079662322998 0.0712616816163063
442.3191215991974 2.343580484390259 0.0712616816163063
442.9618926048279 2.418356418609619 0.0712616816163063
443.59514021873474 2.214669704437256 0.0712616816163063
444.23195576667786 2.379342555999756 0.0712616816163063
444.8608932495117 2.346515417098999 0.0712616816163063
445.4923233985901 2.4956681728363037 0.0712616816163063
446.1229305267334 2.427422046661377 0.0712616816163063
446.7560329437256 2.4153714179992676 0.0712616816163063
447.3917372226715 2.4906792640686035 0.0712616816163063
448.02811789512634 2.5329880714416504 0.0712616816163063
448.6558961868286 2.458217144012451 0.0712616816163063
449.2837381362915 2.386183738708496 0.0712616816163063
449.9177255630493 2.451158046722412 0.0712616816163063
450.5570261478424 2.351356267929077 0.0712616816163063
451.19129753112793 2.335516929626465 0.0712616816163063
451.8248155117035 2.4104878902435303 0.0712616816163063
452.4626615047455 2.265665054321289 0.0712616816163063
453.1036322116852 2.431666612625122 0.0712616816163063
453.73836851119995 2.2192254066467285 0.0712616816163063
454.37836027145386 2.4906396865844727 0.0712616816163063
455.02297019958496 2.371260166168213 0.0712616816163063
455.6587698459625 2.297375440597534 0.0712616816163063
456.29060673713684 2.518298625946045 0.0712616816163063
456.92000365257263 2.388411045074463 0.0712616816163063
457.5634343624115 2.484373092651367 0.0712616816163063
458.198406457901 2.355898141860962 0.0712616816163063
458.8355829715729 2.362147331237793 0.0712616816163063
459.48374915122986 2.3484034538269043 0.0712616816163063
460.12495136260986 2.3708438873291016 0.0712616816163063
460.7660496234894 2.2790727615356445 0.0712616816163063
461.39898681640625 2.389972448348999 0.0712616816163063
462.0329110622406 2.3655171394348145 0.0712616816163063
462.65847063064575 2.3135411739349365 0.0712616816163063
463.2920401096344 2.4097723960876465 0.0712616816163063
463.9187271595001 2.4217166900634766 0.0712616816163063
464.5466456413269 2.474925994873047 0.0712616816163063
465.1839292049408 2.479160785675049 0.0712616816163063
465.8210508823395 2.317906141281128 0.0712616816163063
466.45205545425415 2.3603036403656006 0.0712616816163063
467.0809235572815 2.444638252258301 0.0712616816163063
467.7253291606903 2.407801866531372 0.0712616816163063
468.3604209423065 2.39846134185791 0.0712616816163063
468.9918212890625 2.330497980117798 0.0712616816163063
469.62830448150635 2.4524967670440674 0.0712616816163063
470.28711676597595 2.380357503890991 0.0712616816163063
470.9387366771698 2.3949897289276123 0.0712616816163063
471.58027696609497 2.4593334197998047 0.0712616816163063
472.2253420352936 2.3724520206451416 0.0712616816163063
472.8701386451721 2.4028258323669434 0.0712616816163063
473.5069839954376 2.3692684173583984 0.0712616816163063
474.1381576061249 2.476055383682251 0.0712616816163063
474.7709939479828 2.3082985877990723 0.0712616816163063
475.4107332229614 2.358689546585083 0.0712616816163063
476.04872727394104 2.402038335800171 0.0712616816163063
476.68401050567627 2.418062686920166 0.0712616816163063
477.32200479507446 2.3937578201293945 0.0712616816163063
477.95903754234314 2.375049352645874 0.0712616816163063
478.60130310058594 2.3627054691314697 0.0712616816163063
479.2408618927002 2.4989240169525146 0.0712616816163063
479.87909507751465 2.537013292312622 0.0712616816163063
480.49375081062317 2.5009114742279053 0.0712616816163063
481.18951392173767 2.2524290084838867 0.0712616816163063
481.8249545097351 2.4348978996276855 0.0712616816163063
482.47531270980835 2.4824600219726562 0.0712616816163063
483.122976064682 2.3830366134643555 0.0712616816163063
483.7714202404022 2.3711419105529785 0.0712616816163063
484.415513753891 2.3795652389526367 0.0712616816163063
485.0501651763916 2.449432134628296 0.0712616816163063
485.68828105926514 2.3591113090515137 0.0712616816163063
486.3280258178711 2.3175179958343506 0.0712616816163063
486.95610213279724 2.4052305221557617 0.0712616816163063
487.59678983688354 2.365764617919922 0.0712616816163063
488.2379775047302 2.39321231842041 0.0712616816163063
488.8603057861328 2.42061710357666 0.0712616816163063
489.494259595871 2.410703659057617 0.0712616816163063
490.13275027275085 2.4201059341430664 0.0712616816163063
490.7639424800873 2.4733500480651855 0.0712616816163063
491.39402437210083 2.438538074493408 0.0712616816163063
492.02386593818665 2.382404327392578 0.0712616816163063
492.6601960659027 2.3041024208068848 0.0712616816163063
493.2921974658966 2.4646353721618652 0.0712616816163063
493.93225479125977 2.419520854949951 0.0712616816163063
494.593359708786 2.568281888961792 0.0712616816163063
495.2448194026947 2.319878101348877 0.0712616816163063
495.88378620147705 2.4079134464263916 0.0712616816163063
496.5235741138458 2.407959222793579 0.0712616816163063
497.16004252433777 2.520416259765625 0.0712616816163063
497.79563188552856 2.4053401947021484 0.0712616816163063
498.4344861507416 2.520803689956665 0.0712616816163063
499.07235980033875 2.471620798110962 0.0712616816163063
499.7131612300873 2.510688066482544 0.0712616816163063
500.3494219779968 2.407273054122925 0.0712616816163063
500.98113346099854 2.4012274742126465 0.0712616816163063
501.62389373779297 2.3372983932495117 0.0712616816163063
502.2606301307678 2.464238405227661 0.0712616816163063
502.894579410553 2.4933743476867676 0.0712616816163063
503.53507590293884 2.540635824203491 0.0712616816163063
504.17553520202637 2.358384847640991 0.0712616816163063
504.81550216674805 2.306016206741333 0.0712616816163063
505.45271468162537 2.5181589126586914 0.0712616816163063
506.09083366394043 2.2189993858337402 0.0712616816163063
506.72569251060486 2.5008678436279297 0.0712616816163063
507.36873507499695 2.549647808074951 0.0712616816163063
508.0014293193817 2.4201159477233887 0.0712616816163063
508.64017510414124 2.5369482040405273 0.0712616816163063
509.27309703826904 2.467258930206299 0.0712616816163063
509.9058725833893 2.5129313468933105 0.0712616816163063
510.5343511104584 2.4812469482421875 0.0712616816163063
511.1637861728668 2.484159469604492 0.0712616816163063
511.79498839378357 2.3945202827453613 0.0712616816163063
512.4245507717133 2.4792604446411133 0.0712616816163063
513.0519173145294 2.3670058250427246 0.0712616816163063
513.6802351474762 2.477975368499756 0.0712616816163063
514.3091592788696 2.3646740913391113 0.0712616816163063
514.9380469322205 2.477046489715576 0.0712616816163063
515.5739917755127 2.2897090911865234 0.0712616816163063
516.2026586532593 2.305293083190918 0.0712616816163063
516.8422112464905 2.3601818084716797 0.0712616816163063
517.4853439331055 2.479029417037964 0.0712616816163063
518.1318202018738 2.513068199157715 0.0712616816163063
518.7769372463226 2.4639012813568115 0.0712616816163063
519.4204185009003 2.3232269287109375 0.0712616816163063
520.0547940731049 2.3056793212890625 0.0712616816163063
520.6926186084747 2.475283622741699 0.0712616816163063
521.33460521698 2.4338104724884033 0.0712616816163063
521.9722013473511 2.370727300643921 0.0712616816163063
522.6098258495331 2.3355629444122314 0.0712616816163063
523.2457551956177 2.2662672996520996 0.0712616816163063
523.8778898715973 2.3521499633789062 0.0712616816163063
524.515869140625 2.3529181480407715 0.0712616816163063
525.1547186374664 2.4409146308898926 0.0712616816163063
525.791910648346 2.4421699047088623 0.0712616816163063
526.4308080673218 2.26081919670105 0.0712616816163063
527.0638871192932 2.444159507751465 0.0712616816163063
527.7021517753601 2.4312074184417725 0.0712616816163063
528.3472957611084 2.3990626335144043 0.0712616816163063
528.9907140731812 2.5446083545684814 0.0712616816163063
529.6448864936829 2.443753242492676 0.0712616816163063
530.2940406799316 2.4936814308166504 0.0712616816163063
530.9345407485962 2.368628978729248 0.0712616816163063
531.6161141395569 2.4670166969299316 0.0712616816163063
532.2582066059113 2.2803988456726074 0.0712616816163063
532.8970856666565 2.4409422874450684 0.0712616816163063
533.5374765396118 2.2900900840759277 0.0712616816163063
534.1802830696106 2.3716635704040527 0.0712616816163063
534.8236153125763 2.515439987182617 0.0712616816163063
535.4649724960327 2.272111415863037 0.0712616816163063
536.1021559238434 2.4139485359191895 0.0712616816163063
536.7339310646057 2.533841133117676 0.0712616816163063
537.3750002384186 2.285844564437866 0.0712616816163063
538.0098927021027 2.4036221504211426 0.0712616816163063
538.6442351341248 2.3635244369506836 0.0712616816163063
539.2801702022552 2.3607089519500732 0.0712616816163063
539.9139487743378 2.2642104625701904 0.0712616816163063
540.5537304878235 2.4653282165527344 0.0712616816163063
541.1956913471222 2.405308485031128 0.0712616816163063
541.8416721820831 2.53100323677063 0.0712616816163063
542.4944410324097 2.389087200164795 0.0712616816163063
543.146595954895 2.3434112071990967 0.0712616816163063
543.8003039360046 2.156320095062256 0.0712616816163063
544.4371089935303 2.319288492202759 0.0712616816163063
545.072539806366 2.375063896179199 0.0712616816163063
545.7106156349182 2.6017889976501465 0.0712616816163063
546.3501842021942 2.4122581481933594 0.0712616816163063
546.9857957363129 2.3715291023254395 0.0712616816163063
547.6161947250366 2.391709804534912 0.0712616816163063
548.24773645401 2.4645397663116455 0.0712616816163063
548.8786687850952 2.4964113235473633 0.0712616816163063
549.5116889476776 2.359743356704712 0.0712616816163063
550.147052526474 2.4385101795196533 0.0712616816163063
550.7843461036682 2.494185447692871 0.0712616816163063
551.4264800548553 2.3699803352355957 0.0712616816163063
552.0705351829529 2.1608142852783203 0.0712616816163063
552.7110455036163 2.2767863273620605 0.0712616816163063
553.3483731746674 2.4582977294921875 0.0712616816163063
553.9879713058472 2.3532285690307617 0.0712616816163063
554.6357817649841 2.285670757293701 0.0712616816163063
555.293594121933 2.4134774208068848 0.0712616816163063
555.9455051422119 2.474904775619507 0.0712616816163063
556.5854594707489 2.334578037261963 0.0712616816163063
557.2213139533997 2.5609354972839355 0.0712616816163063
557.8514187335968 2.552809715270996 0.0712616816163063
558.481246471405 2.3630521297454834 0.0712616816163063
559.1174883842468 2.447375774383545 0.0712616816163063
559.7527408599854 2.452854871749878 0.0712616816163063
560.3894243240356 2.3962478637695312 0.0712616816163063
561.0301947593689 2.4103307723999023 0.0712616816163063
561.6674065589905 2.4227397441864014 0.0712616816163063
562.3114829063416 2.3673529624938965 0.0712616816163063
562.9462010860443 2.3785319328308105 0.0712616816163063
563.582040309906 2.239370822906494 0.0712616816163063
564.2151324748993 2.2815027236938477 0.0712616816163063
564.844678401947 2.5530614852905273 0.0712616816163063
565.4752316474915 2.271780014038086 0.0712616816163063
566.1158299446106 2.4286465644836426 0.0712616816163063
566.7637305259705 2.422916889190674 0.0712616816163063
567.4108288288116 2.381168842315674 0.0712616816163063
568.0651378631592 2.493295192718506 0.0712616816163063
568.7017619609833 2.4066925048828125 0.0712616816163063
569.3388154506683 2.332460403442383 0.0712616816163063
569.9721426963806 2.4594662189483643 0.0712616816163063
570.6095695495605 2.448863983154297 0.0712616816163063
571.2475597858429 2.292181968688965 0.0712616816163063
571.8813705444336 2.4303629398345947 0.0712616816163063
572.521671295166 2.2891993522644043 0.0712616816163063
573.1567568778992 2.2549779415130615 0.0712616816163063
573.7968194484711 2.258312702178955 0.0712616816163063
574.4278242588043 2.3432369232177734 0.0712616816163063
575.0659770965576 2.555380344390869 0.0712616816163063
575.6969096660614 2.31223726272583 0.0712616816163063
576.331465959549 2.166891574859619 0.0712616816163063
576.9646396636963 2.3909854888916016 0.0712616816163063
577.5914397239685 2.384658098220825 0.0712616816163063
578.2394795417786 2.3410682678222656 0.0712616816163063
578.8975291252136 2.4310860633850098 0.0712616816163063
579.5505497455597 2.228694438934326 0.0712616816163063
580.1979048252106 2.26365327835083 0.0712616816163063
580.8361849784851 2.3881349563598633 0.0712616816163063
581.4735453128815 2.174995183944702 0.0712616816163063
582.1097688674927 2.5793826580047607 0.0712616816163063
582.745103597641 2.3488123416900635 0.0712616816163063
583.3791472911835 2.521263599395752 0.0712616816163063
584.0149886608124 2.266879081726074 0.0712616816163063
584.6493897438049 2.2907297611236572 0.0712616816163063
585.2904741764069 2.3329548835754395 0.0712616816163063
585.931104183197 2.509958267211914 0.0712616816163063
586.5729625225067 2.495748281478882 0.0712616816163063
587.2128703594208 2.382455825805664 0.0712616816163063
587.8522913455963 2.2802586555480957 0.0712616816163063
588.4830451011658 2.4683847427368164 0.0712616816163063
589.1211338043213 2.2876758575439453 0.0712616816163063
589.7465198040009 2.1637215614318848 0.0712616816163063
590.3888385295868 2.559483528137207 0.0712616816163063
591.0382745265961 2.413180351257324 0.0712616816163063
591.6692430973053 2.4440455436706543 0.0712616816163063
592.3131635189056 2.405982732772827 0.0712616816163063
592.948445558548 2.503904342651367 0.0712616816163063
593.5811259746552 2.3714780807495117 0.0712616816163063
594.2153379917145 2.413114547729492 0.0712616816163063
594.8533952236176 2.4522922039031982 0.0712616816163063
595.4856343269348 2.4359021186828613 0.0712616816163063
596.1142017841339 2.3578743934631348 0.0712616816163063
596.7441020011902 2.279507875442505 0.0712616816163063
597.3792634010315 2.21004581451416 0.0712616816163063
598.0185828208923 2.4092819690704346 0.0712616816163063
598.660534620285 2.4512009620666504 0.0712616816163063
599.299736738205 2.336402416229248 0.0712616816163063
599.9384706020355 2.438143491744995 0.0712616816163063
600.5790827274323 2.462085247039795 0.0712616816163063
601.2195611000061 2.443589210510254 0.0712616816163063
601.856029510498 2.510692596435547 0.0712616816163063
602.4882724285126 2.4017527103424072 0.0712616816163063
603.1255147457123 2.2734456062316895 0.0712616816163063
603.7680788040161 2.2692270278930664 0.0712616816163063
604.4063372612 2.425440788269043 0.0712616816163063
605.0465805530548 2.3079187870025635 0.0712616816163063
605.6918299198151 2.5139307975769043 0.0712616816163063
606.3271527290344 2.321993350982666 0.0712616816163063
606.9558386802673 2.6004347801208496 0.0712616816163063
607.5984597206116 2.631347894668579 0.0712616816163063
608.2456769943237 2.367218017578125 0.0712616816163063
608.8882944583893 2.519857883453369 0.0712616816163063
609.5189938545227 2.387150287628174 0.0712616816163063
610.1642589569092 2.4574902057647705 0.0712616816163063
610.8048794269562 2.451899766921997 0.0712616816163063
611.4377143383026 2.614254951477051 0.0712616816163063
612.0688140392303 2.459242820739746 0.0712616816163063
612.7018654346466 2.262451410293579 0.0712616816163063
613.337393283844 2.3830206394195557 0.0712616816163063
613.9774594306946 2.278200387954712 0.0712616816163063
614.6159508228302 2.338284730911255 0.0712616816163063
615.2541406154633 2.3258512020111084 0.0712616816163063
615.8836798667908 2.3559722900390625 0.0712616816163063
616.5188822746277 2.4755449295043945 0.0712616816163063
617.1639578342438 2.3763270378112793 0.0712616816163063
617.8054180145264 2.3433005809783936 0.0712616816163063
618.4416589736938 2.4158334732055664 0.0712616816163063
619.0767147541046 2.407989740371704 0.0712616816163063
619.7145729064941 2.45924973487854 0.0712616816163063
620.3603823184967 2.506509780883789 0.0712616816163063
621.0032439231873 2.457998514175415 0.0712616816163063
621.6405005455017 2.5177578926086426 0.0712616816163063
622.2931551933289 2.437056541442871 0.0712616816163063
622.9327433109283 2.4660754203796387 0.0712616816163063
623.5735132694244 2.3865718841552734 0.0712616816163063
624.2163832187653 2.4785878658294678 0.0712616816163063
624.8474643230438 2.406724691390991 0.0712616816163063
625.4841642379761 2.3464808464050293 0.0712616816163063
626.1152989864349 2.5499534606933594 0.0712616816163063
626.757640838623 2.264240264892578 0.0712616816163063
627.4052455425262 2.2648894786834717 0.0712616816163063
628.0456829071045 2.2910923957824707 0.0712616816163063
628.6874914169312 2.5012407302856445 0.0712616816163063
629.3252122402191 2.4344537258148193 0.0712616816163063
629.9613080024719 2.5337400436401367 0.0712616816163063
630.5918569564819 2.1991305351257324 0.0712616816163063
631.223953962326 2.3807454109191895 0.0712616816163063
631.8588962554932 2.318441390991211 0.0712616816163063
632.4970140457153 2.5433878898620605 0.0712616816163063
633.1485188007355 2.3818421363830566 0.0712616816163063
633.7876188755035 2.4821972846984863 0.0712616816163063
634.4280488491058 2.459610939025879 0.0712616816163063
635.058474779129 2.411602735519409 0.0712616816163063
635.697939157486 2.4760022163391113 0.0712616816163063
636.3337106704712 2.4269940853118896 0.0712616816163063
636.9646632671356 2.385834217071533 0.0712616816163063
637.5954139232635 2.431947708129883 0.0712616816163063
638.227160692215 2.4500656127929688 0.0712616816163063
638.8538913726807 2.372347354888916 0.0712616816163063
639.4875445365906 2.4159162044525146 0.0712616816163063
640.1170184612274 2.4744064807891846 0.0712616816163063
640.7469985485077 2.427462577819824 0.0712616816163063
641.3826913833618 2.4568047523498535 0.0712616816163063
642.0152175426483 2.4883720874786377 0.0712616816163063
642.6493372917175 2.415682315826416 0.0712616816163063
643.2811479568481 2.4466989040374756 0.0712616816163063
643.9144496917725 2.4184417724609375 0.0712616816163063
644.552880525589 2.4008727073669434 0.0712616816163063
645.1927230358124 2.5606696605682373 0.0712616816163063
645.8378572463989 2.3595049381256104 0.0712616816163063
646.4772560596466 2.3784823417663574 0.0712616816163063
647.1079370975494 2.3715662956237793 0.0712616816163063
647.737966299057 2.357973575592041 0.0712616816163063
648.3764350414276 2.3670172691345215 0.0712616816163063
649.0166127681732 2.490764617919922 0.0712616816163063
649.6595888137817 2.332240104675293 0.0712616816163063
650.2947218418121 2.3796801567077637 0.0712616816163063
650.9342360496521 2.384768486022949 0.0712616816163063
651.5700438022614 2.4609177112579346 0.0712616816163063
652.2071003913879 2.3148751258850098 0.0712616816163063
652.840348482132 2.3344779014587402 0.0712616816163063
653.469532251358 2.4477243423461914 0.0712616816163063
654.1054680347443 2.4799046516418457 0.0712616816163063
654.742377281189 2.5014219284057617 0.0712616816163063
655.3809108734131 2.146425247192383 0.0712616816163063
656.0149250030518 2.259528636932373 0.0712616816163063
656.6499834060669 2.387604236602783 0.0712616816163063
657.2900369167328 2.333466053009033 0.0712616816163063
657.9370353221893 2.3812780380249023 0.0712616816163063
658.5857775211334 2.366909980773926 0.0712616816163063
659.2256193161011 2.455925941467285 0.0712616816163063
659.8538300991058 2.4416046142578125 0.0712616816163063
660.4764459133148 2.366257667541504 0.0712616816163063
661.1093165874481 2.529020309448242 0.0712616816163063
661.7424049377441 2.5643978118896484 0.0712616816163063
662.3754551410675 2.40448260307312 0.0712616816163063
662.9953644275665 2.4922900199890137 0.0712616816163063
663.6244966983795 2.543506145477295 0.0712616816163063
664.2573359012604 2.4285216331481934 0.0712616816163063
664.8909285068512 2.519418716430664 0.0712616816163063
665.5332379341125 2.380608320236206 0.0712616816163063
666.1713166236877 2.402761936187744 0.0712616816163063
666.802298784256 2.5063819885253906 0.0712616816163063
667.4253766536713 2.422044277191162 0.0712616816163063
668.0457408428192 2.447388172149658 0.0712616816163063
668.6782665252686 2.374931812286377 0.0712616816163063
669.3233866691589 2.4990315437316895 0.0712616816163063
669.9598379135132 2.4291794300079346 0.0712616816163063
670.6202878952026 2.4656143188476562 0.0712616816163063
671.2569255828857 2.186972141265869 0.0712616816163063
671.8950448036194 2.187854051589966 0.0712616816163063
672.5372295379639 2.4420924186706543 0.0712616816163063
673.1750838756561 2.4946210384368896 0.0712616816163063
673.8019733428955 2.3535139560699463 0.0712616816163063
674.433171749115 2.304381847381592 0.0712616816163063
675.0701224803925 2.5532684326171875 0.0712616816163063
675.7067549228668 2.421998977661133 0.0712616816163063
676.335254907608 2.493534564971924 0.0712616816163063
676.9657773971558 2.546494483947754 0.0712616816163063
677.6033871173859 2.4395172595977783 0.0712616816163063
678.2350523471832 2.450146198272705 0.0712616816163063
678.8816604614258 2.407660961151123 0.0712616816163063
679.5257124900818 2.4863076210021973 0.0712616816163063
680.1621243953705 2.493079662322998 0.0712616816163063
680.8099961280823 2.343580484390259 0.0712616816163063
681.4459216594696 2.418356418609619 0.0712616816163063
682.0721025466919 2.214669704437256 0.0712616816163063
682.7255051136017 2.379342555999756 0.0712616816163063
683.3636541366577 2.346515417098999 0.0712616816163063
683.9890737533569 2.4956681728363037 0.0712616816163063
684.6141810417175 2.427422046661377 0.0712616816163063
685.2460050582886 2.4153714179992676 0.0712616816163063
685.8869605064392 2.4906792640686035 0.0712616816163063
686.5201354026794 2.5329880714416504 0.0712616816163063
687.1507959365845 2.458217144012451 0.0712616816163063
687.7844226360321 2.386183738708496 0.0712616816163063
688.415314912796 2.451158046722412 0.0712616816163063
689.0473136901855 2.351356267929077 0.0712616816163063
689.6754333972931 2.335516929626465 0.0712616816163063
690.3019468784332 2.4104878902435303 0.0712616816163063
690.925448179245 2.265665054321289 0.0712616816163063
691.562882900238 2.431666612625122 0.0712616816163063
692.196768283844 2.2192254066467285 0.0712616816163063
692.8340525627136 2.4906396865844727 0.0712616816163063
693.4658451080322 2.371260166168213 0.0712616816163063
694.0951812267303 2.297375440597534 0.0712616816163063
694.7351994514465 2.518298625946045 0.0712616816163063
695.3688607215881 2.388411045074463 0.0712616816163063
696.0114986896515 2.484373092651367 0.0712616816163063
696.6404483318329 2.355898141860962 0.0712616816163063
697.2798428535461 2.362147331237793 0.0712616816163063
697.9242811203003 2.3484034538269043 0.0712616816163063
698.5559763908386 2.3708438873291016 0.0712616816163063
699.1931624412537 2.2790727615356445 0.0712616816163063
699.832790851593 2.389972448348999 0.0712616816163063
700.4696915149689 2.3655171394348145 0.0712616816163063
701.1015200614929 2.3135411739349365 0.0712616816163063
701.7408497333527 2.4097723960876465 0.0712616816163063
702.377124786377 2.4217166900634766 0.0712616816163063
703.0160217285156 2.474925994873047 0.0712616816163063
703.65762758255 2.479160785675049 0.0712616816163063
704.3002183437347 2.317906141281128 0.0712616816163063
704.9443500041962 2.3603036403656006 0.0712616816163063
705.5836975574493 2.444638252258301 0.0712616816163063
706.2229356765747 2.407801866531372 0.0712616816163063
706.8701882362366 2.39846134185791 0.0712616816163063
707.505322933197 2.330497980117798 0.0712616816163063
708.1421804428101 2.4524967670440674 0.0712616816163063
708.7738809585571 2.380357503890991 0.0712616816163063
709.4040060043335 2.3949897289276123 0.0712616816163063
710.0354948043823 2.4593334197998047 0.0712616816163063
710.6772518157959 2.3724520206451416 0.0712616816163063
711.3126819133759 2.4028258323669434 0.0712616816163063
711.94491314888 2.3692684173583984 0.0712616816163063
712.5830352306366 2.476055383682251 0.0712616816163063
713.2136633396149 2.3082985877990723 0.0712616816163063
713.8452110290527 2.358689546585083 0.0712616816163063
714.4806218147278 2.402038335800171 0.0712616816163063
715.117751121521 2.418062686920166 0.0712616816163063
715.7570676803589 2.3937578201293945 0.0712616816163063
716.3969864845276 2.375049352645874 0.0712616816163063
717.0415315628052 2.3627054691314697 0.0712616816163063
717.6893191337585 2.4989240169525146 0.0712616816163063
718.3308191299438 2.537013292312622 0.0712616816163063
718.9696536064148 2.5009114742279053 0.0712616816163063
719.6784789562225 2.2524290084838867 0.0712616816163063
720.3153731822968 2.4348978996276855 0.0712616816163063
720.9402213096619 2.4824600219726562 0.0712616816163063
721.566992521286 2.3830366134643555 0.0712616816163063
722.2069623470306 2.3711419105529785 0.0712616816163063
722.8508789539337 2.3795652389526367 0.0712616816163063
723.5016605854034 2.449432134628296 0.0712616816163063
724.143805027008 2.3591113090515137 0.0712616816163063
724.7851355075836 2.3175179958343506 0.0712616816163063
725.4295756816864 2.4052305221557617 0.0712616816163063
726.0721342563629 2.365764617919922 0.0712616816163063
726.7074987888336 2.39321231842041 0.0712616816163063
727.3454854488373 2.42061710357666 0.0712616816163063
727.983626127243 2.410703659057617 0.0712616816163063
728.6217160224915 2.4201059341430664 0.0712616816163063
729.2719900608063 2.4733500480651855 0.0712616816163063
729.9154772758484 2.438538074493408 0.0712616816163063
730.5613715648651 2.382404327392578 0.0712616816163063
731.2098670005798 2.3041024208068848 0.0712616816163063
731.8556807041168 2.4646353721618652 0.0712616816163063
732.498797416687 2.419520854949951 0.0712616816163063
733.1363105773926 2.568281888961792 0.0712616816163063
733.7737789154053 2.319878101348877 0.0712616816163063
734.4136283397675 2.4079134464263916 0.0712616816163063
735.044627904892 2.407959222793579 0.0712616816163063
735.6786515712738 2.520416259765625 0.0712616816163063
736.3149981498718 2.4053401947021484 0.0712616816163063
736.9514479637146 2.520803689956665 0.0712616816163063
737.5965073108673 2.471620798110962 0.0712616816163063
738.2372138500214 2.510688066482544 0.0712616816163063
738.8799591064453 2.407273054122925 0.0712616816163063
739.5166544914246 2.4012274742126465 0.0712616816163063
740.1549983024597 2.3372983932495117 0.0712616816163063
740.78759598732 2.464238405227661 0.0712616816163063
741.4306328296661 2.4933743476867676 0.0712616816163063
742.0710008144379 2.540635824203491 0.0712616816163063
742.707670211792 2.358384847640991 0.0712616816163063
743.3476872444153 2.306016206741333 0.0712616816163063
743.98548579216 2.5181589126586914 0.0712616816163063
744.6194450855255 2.2189993858337402 0.0712616816163063
745.2528164386749 2.5008678436279297 0.0712616816163063
745.8850471973419 2.549647808074951 0.0712616816163063
746.5235979557037 2.4201159477233887 0.0712616816163063
747.1611199378967 2.5369482040405273 0.0712616816163063
747.7986125946045 2.467258930206299 0.0712616816163063
748.4358923435211 2.5129313468933105 0.0712616816163063
749.0677242279053 2.4812469482421875 0.0712616816163063
749.6949670314789 2.484159469604492 0.0712616816163063
750.3260414600372 2.3945202827453613 0.0712616816163063
750.9662888050079 2.4792604446411133 0.0712616816163063
751.5976009368896 2.3670058250427246 0.0712616816163063
752.2357449531555 2.477975368499756 0.0712616816163063
752.8712322711945 2.3646740913391113 0.0712616816163063
753.504287481308 2.477046489715576 0.0712616816163063
754.1369740962982 2.2897090911865234 0.0712616816163063
754.7749745845795 2.305293083190918 0.0712616816163063
755.4093985557556 2.3601818084716797 0.0712616816163063
756.0339646339417 2.479029417037964 0.0712616816163063
756.6739399433136 2.513068199157715 0.0712616816163063
757.3109123706818 2.4639012813568115 0.0712616816163063
757.9449636936188 2.3232269287109375 0.0712616816163063
758.5775406360626 2.3056793212890625 0.0712616816163063
759.2174816131592 2.475283622741699 0.0712616816163063
759.8598144054413 2.4338104724884033 0.0712616816163063
760.5049951076508 2.370727300643921 0.0712616816163063
761.1580047607422 2.3355629444122314 0.0712616816163063
761.7979905605316 2.2662672996520996 0.0712616816163063
762.4379186630249 2.3521499633789062 0.0712616816163063
763.0682706832886 2.3529181480407715 0.0712616816163063
763.701427936554 2.4409146308898926 0.0712616816163063
764.3421323299408 2.4421699047088623 0.0712616816163063
764.9711601734161 2.26081919670105 0.0712616816163063
765.6011991500854 2.444159507751465 0.0712616816163063
766.2256646156311 2.4312074184417725 0.0712616816163063
766.8648431301117 2.3990626335144043 0.0712616816163063
767.5027370452881 2.5446083545684814 0.0712616816163063
768.1322422027588 2.443753242492676 0.0712616816163063
768.7569532394409 2.4936814308166504 0.0712616816163063
769.3923943042755 2.368628978729248 0.0712616816163063
770.0247640609741 2.4670166969299316 0.0712616816163063
770.6473386287689 2.2803988456726074 0.0712616816163063
771.2785623073578 2.4409422874450684 0.0712616816163063
771.9295771121979 2.2900900840759277 0.0712616816163063
772.5618000030518 2.3716635704040527 0.0712616816163063
773.1991357803345 2.515439987182617 0.0712616816163063
773.8339695930481 2.272111415863037 0.0712616816163063
774.4639279842377 2.4139485359191895 0.0712616816163063
775.0953509807587 2.533841133117676 0.0712616816163063
775.7360234260559 2.285844564437866 0.0712616816163063
776.3691544532776 2.4036221504211426 0.0712616816163063
776.9942419528961 2.3635244369506836 0.0712616816163063
777.6329534053802 2.3607089519500732 0.0712616816163063
778.2686071395874 2.2642104625701904 0.0712616816163063
778.9033648967743 2.4653282165527344 0.0712616816163063
779.5441000461578 2.405308485031128 0.0712616816163063
780.1806259155273 2.53100323677063 0.0712616816163063
780.8282041549683 2.389087200164795 0.0712616816163063
781.474737405777 2.3434112071990967 0.0712616816163063
782.1121611595154 2.156320095062256 0.0712616816163063
782.7419338226318 2.319288492202759 0.0712616816163063
783.3765964508057 2.375063896179199 0.0712616816163063
784.0147066116333 2.6017889976501465 0.0712616816163063
784.6521723270416 2.4122581481933594 0.0712616816163063
785.2924165725708 2.3715291023254395 0.0712616816163063
785.9255864620209 2.391709804534912 0.0712616816163063
786.5492601394653 2.4645397663116455 0.0712616816163063
787.1782286167145 2.4964113235473633 0.0712616816163063
787.8091087341309 2.359743356704712 0.0712616816163063
788.4391222000122 2.4385101795196533 0.0712616816163063
789.067440032959 2.494185447692871 0.0712616816163063
789.6997120380402 2.3699803352355957 0.0712616816163063
790.3312981128693 2.1608142852783203 0.0712616816163063
790.9662249088287 2.2767863273620605 0.0712616816163063
791.5948221683502 2.4582977294921875 0.0712616816163063
792.2285821437836 2.3532285690307617 0.0712616816163063
792.8586895465851 2.285670757293701 0.0712616816163063
793.4882640838623 2.4134774208068848 0.0712616816163063
794.118360042572 2.474904775619507 0.0712616816163063
794.7536497116089 2.334578037261963 0.0712616816163063
795.3835544586182 2.5609354972839355 0.0712616816163063
796.0251777172089 2.552809715270996 0.0712616816163063
796.6651434898376 2.3630521297454834 0.0712616816163063
797.3099579811096 2.447375774383545 0.0712616816163063
797.9491078853607 2.452854871749878 0.0712616816163063
798.5867121219635 2.3962478637695312 0.0712616816163063
799.2210919857025 2.4103307723999023 0.0712616816163063
799.8533029556274 2.4227397441864014 0.0712616816163063
800.4899728298187 2.3673529624938965 0.0712616816163063
801.1290497779846 2.3785319328308105 0.0712616816163063
801.760986328125 2.239370822906494 0.0712616816163063
802.3895621299744 2.2815027236938477 0.0712616816163063
803.0207118988037 2.5530614852905273 0.0712616816163063
803.647707939148 2.271780014038086 0.0712616816163063
804.274510383606 2.4286465644836426 0.0712616816163063
804.9056117534637 2.422916889190674 0.0712616816163063
805.5332593917847 2.381168842315674 0.0712616816163063
806.163140296936 2.493295192718506 0.0712616816163063
806.7875242233276 2.4066925048828125 0.0712616816163063
807.4119026660919 2.332460403442383 0.0712616816163063
808.0460162162781 2.4594662189483643 0.0712616816163063
808.6825714111328 2.448863983154297 0.0712616816163063
809.3206918239594 2.292181968688965 0.0712616816163063
809.9572460651398 2.4303629398345947 0.0712616816163063
810.6058392524719 2.2891993522644043 0.0712616816163063
811.2468807697296 2.2549779415130615 0.0712616816163063
811.8802711963654 2.258312702178955 0.0712616816163063
812.5109791755676 2.3432369232177734 0.0712616816163063
813.1444211006165 2.555380344390869 0.0712616816163063
813.7862193584442 2.31223726272583 0.0712616816163063
814.4286363124847 2.166891574859619 0.0712616816163063
815.0581693649292 2.3909854888916016 0.0712616816163063
815.6928143501282 2.384658098220825 0.0712616816163063
816.3283667564392 2.3410682678222656 0.0712616816163063
816.9656684398651 2.4310860633850098 0.0712616816163063
817.6020605564117 2.228694438934326 0.0712616816163063
818.236289024353 2.26365327835083 0.0712616816163063
818.8720397949219 2.3881349563598633 0.0712616816163063
819.5150513648987 2.174995183944702 0.0712616816163063
820.1522002220154 2.5793826580047607 0.0712616816163063
820.7948377132416 2.3488123416900635 0.0712616816163063
821.4380037784576 2.521263599395752 0.0712616816163063
822.0798101425171 2.266879081726074 0.0712616816163063
822.7181148529053 2.2907297611236572 0.0712616816163063
823.3560948371887 2.3329548835754395 0.0712616816163063
823.9949789047241 2.509958267211914 0.0712616816163063
824.6358745098114 2.495748281478882 0.0712616816163063
825.2736842632294 2.382455825805664 0.0712616816163063
825.8963003158569 2.2802586555480957 0.0712616816163063
826.5258903503418 2.4683847427368164 0.0712616816163063
827.1592252254486 2.2876758575439453 0.0712616816163063
827.7959544658661 2.1637215614318848 0.0712616816163063
828.4329307079315 2.559483528137207 0.0712616816163063
829.0626518726349 2.413180351257324 0.0712616816163063
829.6979031562805 2.4440455436706543 0.0712616816163063
830.3336744308472 2.405982732772827 0.0712616816163063
830.9714477062225 2.503904342651367 0.0712616816163063
831.6064035892487 2.3714780807495117 0.0712616816163063
832.2655246257782 2.413114547729492 0.0712616816163063
832.9164378643036 2.4522922039031982 0.0712616816163063
833.5651459693909 2.4359021186828613 0.0712616816163063
834.2104897499084 2.3578743934631348 0.0712616816163063
834.8541638851166 2.279507875442505 0.0712616816163063
835.4942455291748 2.21004581451416 0.0712616816163063
836.1357793807983 2.4092819690704346 0.0712616816163063
836.7828602790833 2.4512009620666504 0.0712616816163063
837.4320757389069 2.336402416229248 0.0712616816163063
838.0769102573395 2.438143491744995 0.0712616816163063
838.7194738388062 2.462085247039795 0.0712616816163063
839.3606894016266 2.443589210510254 0.0712616816163063
840.0028367042542 2.510692596435547 0.0712616816163063
840.6536886692047 2.4017527103424072 0.0712616816163063
841.2870428562164 2.2734456062316895 0.0712616816163063
841.922634601593 2.2692270278930664 0.0712616816163063
842.5627210140228 2.425440788269043 0.0712616816163063
843.1999146938324 2.3079187870025635 0.0712616816163063
843.8417201042175 2.5139307975769043 0.0712616816163063
844.5012066364288 2.321993350982666 0.0712616816163063
845.1393284797668 2.6004347801208496 0.0712616816163063
845.7879242897034 2.631347894668579 0.0712616816163063
846.4227757453918 2.367218017578125 0.0712616816163063
847.0512189865112 2.519857883453369 0.0712616816163063
847.6861336231232 2.387150287628174 0.0712616816163063
848.318475484848 2.4574902057647705 0.0712616816163063
848.9560513496399 2.451899766921997 0.0712616816163063
849.5840137004852 2.614254951477051 0.0712616816163063
850.2175331115723 2.459242820739746 0.0712616816163063
850.8531951904297 2.262451410293579 0.0712616816163063
851.4885926246643 2.3830206394195557 0.0712616816163063
852.1208250522614 2.278200387954712 0.0712616816163063
852.7590460777283 2.338284730911255 0.0712616816163063
853.3973050117493 2.3258512020111084 0.0712616816163063
854.0323700904846 2.3559722900390625 0.0712616816163063
854.6666970252991 2.4755449295043945 0.0712616816163063
855.3056588172913 2.3763270378112793 0.0712616816163063
855.9448184967041 2.3433005809783936 0.0712616816163063
856.5791003704071 2.4158334732055664 0.0712616816163063
857.2229273319244 2.407989740371704 0.0712616816163063
857.8816845417023 2.45924973487854 0.0712616816163063
858.5177154541016 2.506509780883789 0.0712616816163063
859.1554019451141 2.457998514175415 0.0712616816163063
859.7972292900085 2.5177578926086426 0.0712616816163063
860.4419345855713 2.437056541442871 0.0712616816163063
861.0727744102478 2.4660754203796387 0.0712616816163063
861.7060062885284 2.3865718841552734 0.0712616816163063
862.33877825737 2.4785878658294678 0.0712616816163063
862.9700696468353 2.406724691390991 0.0712616816163063
863.6010448932648 2.3464808464050293 0.0712616816163063
864.2377219200134 2.5499534606933594 0.0712616816163063
864.8750896453857 2.264240264892578 0.0712616816163063
865.5118498802185 2.2648894786834717 0.0712616816163063
866.1410250663757 2.2910923957824707 0.0712616816163063
866.7699458599091 2.5012407302856445 0.0712616816163063
867.4052419662476 2.4344537258148193 0.0712616816163063
868.052188873291 2.5337400436401367 0.0712616816163063
868.689285993576 2.1991305351257324 0.0712616816163063
869.3264057636261 2.3807454109191895 0.0712616816163063
869.9845967292786 2.318441390991211 0.0712616816163063
870.6317558288574 2.5433878898620605 0.0712616816163063
871.270308971405 2.3818421363830566 0.0712616816163063
871.9108912944794 2.4821972846984863 0.0712616816163063
872.5436334609985 2.459610939025879 0.0712616816163063
873.1754102706909 2.411602735519409 0.0712616816163063
873.8098845481873 2.4760022163391113 0.0712616816163063
874.4430849552155 2.4269940853118896 0.0712616816163063
875.0739667415619 2.385834217071533 0.0712616816163063
875.7014834880829 2.431947708129883 0.0712616816163063
876.3305134773254 2.4500656127929688 0.0712616816163063
876.9666078090668 2.372347354888916 0.0712616816163063
877.6088080406189 2.4159162044525146 0.0712616816163063
878.239798784256 2.4744064807891846 0.0712616816163063
878.8658022880554 2.427462577819824 0.0712616816163063
879.4983410835266 2.4568047523498535 0.0712616816163063
880.1312294006348 2.4883720874786377 0.0712616816163063
880.7684910297394 2.415682315826416 0.0712616816163063
881.406448841095 2.4466989040374756 0.0712616816163063
882.0607488155365 2.4184417724609375 0.0712616816163063
882.6911449432373 2.4008727073669434 0.0712616816163063
883.3284320831299 2.5606696605682373 0.0712616816163063
883.9635601043701 2.3595049381256104 0.0712616816163063
884.6030960083008 2.3784823417663574 0.0712616816163063
885.23122215271 2.3715662956237793 0.0712616816163063
885.860579252243 2.357973575592041 0.0712616816163063
886.4938280582428 2.3670172691345215 0.0712616816163063
887.1228742599487 2.490764617919922 0.0712616816163063
887.7545022964478 2.332240104675293 0.0712616816163063
888.3872065544128 2.3796801567077637 0.0712616816163063
889.0170021057129 2.384768486022949 0.0712616816163063
889.6497354507446 2.4609177112579346 0.0712616816163063
890.2802357673645 2.3148751258850098 0.0712616816163063
890.9142818450928 2.3344779014587402 0.0712616816163063
891.5506081581116 2.4477243423461914 0.0712616816163063
892.1877110004425 2.4799046516418457 0.0712616816163063
892.8320214748383 2.5014219284057617 0.0712616816163063
893.4854257106781 2.146425247192383 0.0712616816163063
894.1347134113312 2.259528636932373 0.0712616816163063
894.7768940925598 2.387604236602783 0.0712616816163063
895.413289308548 2.333466053009033 0.0712616816163063
896.0446836948395 2.3812780380249023 0.0712616816163063
896.6768352985382 2.366909980773926 0.0712616816163063
897.3005862236023 2.455925941467285 0.0712616816163063
897.9429919719696 2.4416046142578125 0.0712616816163063
898.5762012004852 2.366257667541504 0.0712616816163063
899.2072443962097 2.529020309448242 0.0712616816163063
899.8342981338501 2.5643978118896484 0.0712616816163063
900.4624361991882 2.40448260307312 0.0712616816163063
901.1061131954193 2.4922900199890137 0.0712616816163063
901.7429876327515 2.543506145477295 0.0712616816163063
902.3766183853149 2.4285216331481934 0.0712616816163063
903.0119128227234 2.519418716430664 0.0712616816163063
903.6559765338898 2.380608320236206 0.0712616816163063
904.300389289856 2.402761936187744 0.0712616816163063
904.9418382644653 2.5063819885253906 0.0712616816163063
905.5770871639252 2.422044277191162 0.0712616816163063
906.2130806446075 2.447388172149658 0.0712616816163063
906.8410148620605 2.374931812286377 0.0712616816163063
907.4724299907684 2.4990315437316895 0.0712616816163063
908.1048228740692 2.4291794300079346 0.0712616816163063
908.7392776012421 2.4656143188476562 0.0712616816163063
909.375212430954 2.186972141265869 0.0712616816163063
910.0068321228027 2.187854051589966 0.0712616816163063
910.6434626579285 2.4420924186706543 0.0712616816163063
911.2804329395294 2.4946210384368896 0.0712616816163063
911.9293291568756 2.3535139560699463 0.0712616816163063
912.5816121101379 2.304381847381592 0.0712616816163063
913.2311527729034 2.5532684326171875 0.0712616816163063
913.8678753376007 2.421998977661133 0.0712616816163063
914.5094168186188 2.493534564971924 0.0712616816163063
915.146632194519 2.546494483947754 0.0712616816163063
915.7891972064972 2.4395172595977783 0.0712616816163063
916.4313714504242 2.450146198272705 0.0712616816163063
917.073805809021 2.407660961151123 0.0712616816163063
917.712833404541 2.4863076210021973 0.0712616816163063
918.3528428077698 2.493079662322998 0.0712616816163063
918.9965584278107 2.343580484390259 0.0712616816163063
919.6384570598602 2.418356418609619 0.0712616816163063
920.2769260406494 2.214669704437256 0.0712616816163063
920.9104118347168 2.379342555999756 0.0712616816163063
921.5473802089691 2.346515417098999 0.0712616816163063
922.1745483875275 2.4956681728363037 0.0712616816163063
922.8129642009735 2.427422046661377 0.0712616816163063
923.4611480236053 2.4153714179992676 0.0712616816163063
924.1091680526733 2.4906792640686035 0.0712616816163063
924.7483975887299 2.5329880714416504 0.0712616816163063
925.3882148265839 2.458217144012451 0.0712616816163063
926.0220565795898 2.386183738708496 0.0712616816163063
926.6597599983215 2.451158046722412 0.0712616816163063
927.2956204414368 2.351356267929077 0.0712616816163063
927.9321346282959 2.335516929626465 0.0712616816163063
928.5666172504425 2.4104878902435303 0.0712616816163063
929.195298910141 2.265665054321289 0.0712616816163063
929.8285155296326 2.431666612625122 0.0712616816163063
930.4634227752686 2.2192254066467285 0.0712616816163063
931.0950543880463 2.4906396865844727 0.0712616816163063
931.7269155979156 2.371260166168213 0.0712616816163063
932.3653111457825 2.297375440597534 0.0712616816163063
933.0023567676544 2.518298625946045 0.0712616816163063
933.6328022480011 2.388411045074463 0.0712616816163063
934.2630968093872 2.484373092651367 0.0712616816163063
934.9116578102112 2.355898141860962 0.0712616816163063
935.5561137199402 2.362147331237793 0.0712616816163063
936.1971657276154 2.3484034538269043 0.0712616816163063
936.8334040641785 2.3708438873291016 0.0712616816163063
937.4673418998718 2.2790727615356445 0.0712616816163063
938.0915350914001 2.389972448348999 0.0712616816163063
938.725980758667 2.3655171394348145 0.0712616816163063
939.3639142513275 2.3135411739349365 0.0712616816163063
939.9955577850342 2.4097723960876465 0.0712616816163063
940.6289429664612 2.4217166900634766 0.0712616816163063
941.2641324996948 2.474925994873047 0.0712616816163063
941.8984582424164 2.479160785675049 0.0712616816163063
942.5297689437866 2.317906141281128 0.0712616816163063
943.1598598957062 2.3603036403656006 0.0712616816163063
943.7950780391693 2.444638252258301 0.0712616816163063
944.4249606132507 2.407801866531372 0.0712616816163063
945.0516836643219 2.39846134185791 0.0712616816163063
945.6883955001831 2.330497980117798 0.0712616816163063
946.3163118362427 2.4524967670440674 0.0712616816163063
946.9532363414764 2.380357503890991 0.0712616816163063
947.596809387207 2.3949897289276123 0.0712616816163063
948.2386014461517 2.4593334197998047 0.0712616816163063
948.8782839775085 2.3724520206451416 0.0712616816163063
949.5170567035675 2.4028258323669434 0.0712616816163063
950.1585237979889 2.3692684173583984 0.0712616816163063
950.8031334877014 2.476055383682251 0.0712616816163063
951.4472036361694 2.3082985877990723 0.0712616816163063
952.08629155159 2.358689546585083 0.0712616816163063
952.7239348888397 2.402038335800171 0.0712616816163063
953.360221862793 2.418062686920166 0.0712616816163063
953.996556520462 2.3937578201293945 0.0712616816163063
954.6386365890503 2.375049352645874 0.0712616816163063
955.2711870670319 2.3627054691314697 0.0712616816163063
955.9044437408447 2.4989240169525146 0.0712616816163063
956.5349493026733 2.537013292312622 0.0712616816163063
957.1470341682434 2.5009114742279053 0.0712616816163063
957.8508007526398 2.2524290084838867 0.0712616816163063
958.4894874095917 2.4348978996276855 0.0712616816163063
959.1298904418945 2.4824600219726562 0.0712616816163063
959.7756743431091 2.3830366134643555 0.0712616816163063
960.4202771186829 2.3711419105529785 0.0712616816163063
961.0574660301208 2.3795652389526367 0.0712616816163063
961.6976554393768 2.449432134628296 0.0712616816163063
962.3379929065704 2.3591113090515137 0.0712616816163063
962.9824237823486 2.3175179958343506 0.0712616816163063
963.6228613853455 2.4052305221557617 0.0712616816163063
964.2626645565033 2.365764617919922 0.0712616816163063
964.8988282680511 2.39321231842041 0.0712616816163063
965.5359411239624 2.42061710357666 0.0712616816163063
966.1794052124023 2.410703659057617 0.0712616816163063
966.8165068626404 2.4201059341430664 0.0712616816163063
967.4544441699982 2.4733500480651855 0.0712616816163063
968.0901291370392 2.438538074493408 0.0712616816163063
968.7290575504303 2.382404327392578 0.0712616816163063
969.3658676147461 2.3041024208068848 0.0712616816163063
970.0002663135529 2.4646353721618652 0.0712616816163063
970.6442365646362 2.419520854949951 0.0712616816163063
971.2729468345642 2.568281888961792 0.0712616816163063
971.9014098644257 2.319878101348877 0.0712616816163063
972.5337817668915 2.4079134464263916 0.0712616816163063
973.1649823188782 2.407959222793579 0.0712616816163063
973.8007423877716 2.520416259765625 0.0712616816163063
974.4294216632843 2.4053401947021484 0.0712616816163063
975.0596425533295 2.520803689956665 0.0712616816163063
975.6925218105316 2.471620798110962 0.0712616816163063
976.317079782486 2.510688066482544 0.0712616816163063
976.9545133113861 2.407273054122925 0.0712616816163063
977.5996098518372 2.4012274742126465 0.0712616816163063
978.2359297275543 2.3372983932495117 0.0712616816163063
978.87348985672 2.464238405227661 0.0712616816163063
979.5090007781982 2.4933743476867676 0.0712616816163063
980.141233921051 2.540635824203491 0.0712616816163063
980.77388215065 2.358384847640991 0.0712616816163063
981.4030830860138 2.306016206741333 0.0712616816163063
982.036600112915 2.5181589126586914 0.0712616816163063
982.6641702651978 2.2189993858337402 0.0712616816163063
983.297164440155 2.5008678436279297 0.0712616816163063
983.9306309223175 2.549647808074951 0.0712616816163063
984.5712242126465 2.4201159477233887 0.0712616816163063
985.2103543281555 2.5369482040405273 0.0712616816163063
985.8406918048859 2.467258930206299 0.0712616816163063
986.4705317020416 2.5129313468933105 0.0712616816163063
987.0947201251984 2.4812469482421875 0.0712616816163063
987.7212193012238 2.484159469604492 0.0712616816163063
988.3532183170319 2.3945202827453613 0.0712616816163063
988.985232591629 2.4792604446411133 0.0712616816163063
989.6153872013092 2.3670058250427246 0.0712616816163063
990.2403378486633 2.477975368499756 0.0712616816163063
990.8649635314941 2.3646740913391113 0.0712616816163063
991.4920001029968 2.477046489715576 0.0712616816163063
992.1165380477905 2.2897090911865234 0.0712616816163063
992.7438414096832 2.305293083190918 0.0712616816163063
993.3758816719055 2.3601818084716797 0.0712616816163063
994.0080652236938 2.479029417037964 0.0712616816163063
994.6370422840118 2.513068199157715 0.0712616816163063
995.2741611003876 2.4639012813568115 0.0712616816163063
995.910970211029 2.3232269287109375 0.0712616816163063
996.5533232688904 2.3056793212890625 0.0712616816163063
997.1933944225311 2.475283622741699 0.0712616816163063
997.8286099433899 2.4338104724884033 0.0712616816163063
998.4684398174286 2.370727300643921 0.0712616816163063
999.1019985675812 2.3355629444122314 0.0712616816163063
999.7347691059113 2.2662672996520996 0.0712616816163063
1000.3657891750336 2.3521499633789062 0.0712616816163063
1000.9856815338135 2.3529181480407715 0.0712616816163063
1001.6174702644348 2.4409146308898926 0.0712616816163063
1002.2548661231995 2.4421699047088623 0.0712616816163063
1002.89617395401 2.26081919670105 0.0712616816163063
1003.533118724823 2.444159507751465 0.0712616816163063
1004.1706883907318 2.4312074184417725 0.0712616816163063
1004.8079478740692 2.3990626335144043 0.0712616816163063
1005.4468374252319 2.5446083545684814 0.0712616816163063
1006.0850882530212 2.443753242492676 0.0712616816163063
1006.7172119617462 2.4936814308166504 0.0712616816163063
1007.3673462867737 2.368628978729248 0.0712616816163063
1008.0164458751678 2.4670166969299316 0.0712616816163063
1008.6737022399902 2.2803988456726074 0.0712616816163063
1009.3150653839111 2.4409422874450684 0.0712616816163063
1009.9543633460999 2.2900900840759277 0.0712616816163063
1010.5888719558716 2.3716635704040527 0.0712616816163063
1011.2239246368408 2.515439987182617 0.0712616816163063
1011.8615896701813 2.272111415863037 0.0712616816163063
1012.4955508708954 2.4139485359191895 0.0712616816163063
1013.1244797706604 2.533841133117676 0.0712616816163063
1013.7559278011322 2.285844564437866 0.0712616816163063
1014.3817200660706 2.4036221504211426 0.0712616816163063
1015.0033316612244 2.3635244369506836 0.0712616816163063
1015.6366226673126 2.3607089519500732 0.0712616816163063
1016.2657885551453 2.2642104625701904 0.0712616816163063
1016.8957486152649 2.4653282165527344 0.0712616816163063
1017.5279483795166 2.405308485031128 0.0712616816163063
1018.1616864204407 2.53100323677063 0.0712616816163063
1018.7952013015747 2.389087200164795 0.0712616816163063
1019.4333367347717 2.3434112071990967 0.0712616816163063
1020.0669133663177 2.156320095062256 0.0712616816163063
1020.7056739330292 2.319288492202759 0.0712616816163063
1021.3527104854584 2.375063896179199 0.0712616816163063
1021.99440574646 2.6017889976501465 0.0712616816163063
1022.6249158382416 2.4122581481933594 0.0712616816163063
1023.255824804306 2.3715291023254395 0.0712616816163063
1023.8811011314392 2.391709804534912 0.0712616816163063
1024.518616437912 2.4645397663116455 0.0712616816163063
1025.1490597724915 2.4964113235473633 0.0712616816163063
1025.776116847992 2.359743356704712 0.0712616816163063
1026.4006645679474 2.4385101795196533 0.0712616816163063
1027.020824432373 2.494185447692871 0.0712616816163063
1027.646199464798 2.3699803352355957 0.0712616816163063
1028.2686336040497 2.1608142852783203 0.0712616816163063
1028.8930723667145 2.2767863273620605 0.0712616816163063
1029.530923128128 2.4582977294921875 0.0712616816163063
1030.1613638401031 2.3532285690307617 0.0712616816163063
1030.7915842533112 2.285670757293701 0.0712616816163063
1031.4332430362701 2.4134774208068848 0.0712616816163063
1032.0686774253845 2.474904775619507 0.0712616816163063
1032.7070071697235 2.334578037261963 0.0712616816163063
1033.3514292240143 2.5609354972839355 0.0712616816163063
1033.9938807487488 2.552809715270996 0.0712616816163063
1034.6300966739655 2.3630521297454834 0.0712616816163063
1035.257639169693 2.447375774383545 0.0712616816163063
1035.8876655101776 2.452854871749878 0.0712616816163063
1036.5234413146973 2.3962478637695312 0.0712616816163063
1037.1645333766937 2.4103307723999023 0.0712616816163063
1037.7933945655823 2.4227397441864014 0.0712616816163063
1038.4276678562164 2.3673529624938965 0.0712616816163063
1039.0508465766907 2.3785319328308105 0.0712616816163063
1039.6937680244446 2.239370822906494 0.0712616816163063
1040.3306140899658 2.2815027236938477 0.0712616816163063
1040.9611556529999 2.5530614852905273 0.0712616816163063
1041.5882451534271 2.271780014038086 0.0712616816163063
1042.2204427719116 2.4286465644836426 0.0712616816163063
1042.848376750946 2.422916889190674 0.0712616816163063
1043.4855160713196 2.381168842315674 0.0712616816163063
1044.1159808635712 2.493295192718506 0.0712616816163063
1044.7476599216461 2.4066925048828125 0.0712616816163063
1045.3845760822296 2.332460403442383 0.0712616816163063
1046.0239086151123 2.4594662189483643 0.0712616816163063
1046.6566514968872 2.448863983154297 0.0712616816163063
1047.290866613388 2.292181968688965 0.0712616816163063
1047.9309256076813 2.4303629398345947 0.0712616816163063
1048.566642999649 2.2891993522644043 0.0712616816163063
1049.199788093567 2.2549779415130615 0.0712616816163063
1049.8367547988892 2.258312702178955 0.0712616816163063
1050.46515417099 2.3432369232177734 0.0712616816163063
1051.1116065979004 2.555380344390869 0.0712616816163063
1051.7492718696594 2.31223726272583 0.0712616816163063
1052.3836824893951 2.166891574859619 0.0712616816163063
1053.018616437912 2.3909854888916016 0.0712616816163063
1053.655395269394 2.384658098220825 0.0712616816163063
1054.290498971939 2.3410682678222656 0.0712616816163063
1054.91956448555 2.4310860633850098 0.0712616816163063
1055.5498015880585 2.228694438934326 0.0712616816163063
1056.1742498874664 2.26365327835083 0.0712616816163063
1056.8076529502869 2.3881349563598633 0.0712616816163063
1057.4364113807678 2.174995183944702 0.0712616816163063
1058.07892203331 2.5793826580047607 0.0712616816163063
1058.71839427948 2.3488123416900635 0.0712616816163063
1059.3536150455475 2.521263599395752 0.0712616816163063
1059.9957044124603 2.266879081726074 0.0712616816163063
1060.6311433315277 2.2907297611236572 0.0712616816163063
1061.2728593349457 2.3329548835754395 0.0712616816163063
1061.9078676700592 2.509958267211914 0.0712616816163063
1062.5496079921722 2.495748281478882 0.0712616816163063
1063.181987285614 2.382455825805664 0.0712616816163063
1063.8221611976624 2.2802586555480957 0.0712616816163063
1064.4627907276154 2.4683847427368164 0.0712616816163063
1065.0961771011353 2.2876758575439453 0.0712616816163063
1065.7301936149597 2.1637215614318848 0.0712616816163063
1066.3657619953156 2.559483528137207 0.0712616816163063
1066.989196062088 2.413180351257324 0.0712616816163063
1067.617994070053 2.4440455436706543 0.0712616816163063
1068.2476661205292 2.405982732772827 0.0712616816163063
1068.8879816532135 2.503904342651367 0.0712616816163063
1069.526875257492 2.3714780807495117 0.0712616816163063
1070.1659924983978 2.413114547729492 0.0712616816163063
1070.8022379875183 2.4522922039031982 0.0712616816163063
1071.435893535614 2.4359021186828613 0.0712616816163063
1072.0678527355194 2.3578743934631348 0.0712616816163063
1072.7017459869385 2.279507875442505 0.0712616816163063
1073.337477684021 2.21004581451416 0.0712616816163063
1073.9902942180634 2.4092819690704346 0.0712616816163063
1074.6423380374908 2.4512009620666504 0.0712616816163063
1075.2972702980042 2.336402416229248 0.0712616816163063
1075.9366855621338 2.438143491744995 0.0712616816163063
1076.5771715641022 2.462085247039795 0.0712616816163063
1077.2186131477356 2.443589210510254 0.0712616816163063
1077.8483636379242 2.510692596435547 0.0712616816163063
1078.4847428798676 2.4017527103424072 0.0712616816163063
1079.1179106235504 2.2734456062316895 0.0712616816163063
1079.7547392845154 2.2692270278930664 0.0712616816163063
1080.391511440277 2.425440788269043 0.0712616816163063
1081.0234382152557 2.3079187870025635 0.0712616816163063
1081.6581661701202 2.5139307975769043 0.0712616816163063
1082.2966334819794 2.321993350982666 0.0712616816163063
1082.9298510551453 2.6004347801208496 0.0712616816163063
1083.5679695606232 2.631347894668579 0.0712616816163063
1084.2072858810425 2.367218017578125 0.0712616816163063
1084.847888469696 2.519857883453369 0.0712616816163063
1085.4914727210999 2.387150287628174 0.0712616816163063
1086.134798526764 2.4574902057647705 0.0712616816163063
1086.7733747959137 2.451899766921997 0.0712616816163063
1087.4275062084198 2.614254951477051 0.0712616816163063
1088.0689017772675 2.459242820739746 0.0712616816163063
1088.7111356258392 2.262451410293579 0.0712616816163063
1089.3512988090515 2.3830206394195557 0.0712616816163063
1089.9900071620941 2.278200387954712 0.0712616816163063
1090.625384092331 2.338284730911255 0.0712616816163063
1091.2571992874146 2.3258512020111084 0.0712616816163063
1091.896559715271 2.3559722900390625 0.0712616816163063
1092.528882265091 2.4755449295043945 0.0712616816163063
1093.155975818634 2.3763270378112793 0.0712616816163063
1093.791830778122 2.3433005809783936 0.0712616816163063
1094.430299282074 2.4158334732055664 0.0712616816163063
1095.0688071250916 2.407989740371704 0.0712616816163063
1095.7095448970795 2.45924973487854 0.0712616816163063
1096.3481259346008 2.506509780883789 0.0712616816163063
1096.9824271202087 2.457998514175415 0.0712616816163063
1097.6227552890778 2.5177578926086426 0.0712616816163063
1098.261637687683 2.437056541442871 0.0712616816163063
1098.8937149047852 2.4660754203796387 0.0712616816163063
1099.5388469696045 2.3865718841552734 0.0712616816163063
1100.1724939346313 2.4785878658294678 0.0712616816163063
1100.7974486351013 2.406724691390991 0.0712616816163063
1101.4307851791382 2.3464808464050293 0.0712616816163063
1102.0571341514587 2.5499534606933594 0.0712616816163063
1102.6836712360382 2.264240264892578 0.0712616816163063
1103.317614555359 2.2648894786834717 0.0712616816163063
1103.9473485946655 2.2910923957824707 0.0712616816163063
1104.5795764923096 2.5012407302856445 0.0712616816163063
1105.216010093689 2.4344537258148193 0.0712616816163063
1105.856684923172 2.5337400436401367 0.0712616816163063
1106.4981031417847 2.1991305351257324 0.0712616816163063
1107.13409781456 2.3807454109191895 0.0712616816163063
1107.7628712654114 2.318441390991211 0.0712616816163063
1108.3882954120636 2.5433878898620605 0.0712616816163063
1109.011788368225 2.3818421363830566 0.0712616816163063
1109.6441011428833 2.4821972846984863 0.0712616816163063
1110.2716267108917 2.459610939025879 0.0712616816163063
1110.9010848999023 2.411602735519409 0.0712616816163063
1111.549629688263 2.4760022163391113 0.0712616816163063
1112.1849489212036 2.4269940853118896 0.0712616816163063
1112.8199994564056 2.385834217071533 0.0712616816163063
1113.4522404670715 2.431947708129883 0.0712616816163063
1114.082929611206 2.4500656127929688 0.0712616816163063
1114.7163572311401 2.372347354888916 0.0712616816163063
1115.3502173423767 2.4159162044525146 0.0712616816163063
1115.9853205680847 2.4744064807891846 0.0712616816163063
1116.6170144081116 2.427462577819824 0.0712616816163063
1117.2579472064972 2.4568047523498535 0.0712616816163063
1117.8916730880737 2.4883720874786377 0.0712616816163063
1118.5293419361115 2.415682315826416 0.0712616816163063
1119.15971326828 2.4466989040374756 0.0712616816163063
1119.8013434410095 2.4184417724609375 0.0712616816163063
1120.4462580680847 2.4008727073669434 0.0712616816163063
1121.091626882553 2.5606696605682373 0.0712616816163063
1121.7409811019897 2.3595049381256104 0.0712616816163063
1122.39701628685 2.3784823417663574 0.0712616816163063
1123.0407168865204 2.3715662956237793 0.0712616816163063
1123.6843285560608 2.357973575592041 0.0712616816163063
1124.3252775669098 2.3670172691345215 0.0712616816163063
1124.9709658622742 2.490764617919922 0.0712616816163063
1125.6224811077118 2.332240104675293 0.0712616816163063
1126.2672731876373 2.3796801567077637 0.0712616816163063
1126.905532360077 2.384768486022949 0.0712616816163063
1127.5460028648376 2.4609177112579346 0.0712616816163063
1128.179723739624 2.3148751258850098 0.0712616816163063
1128.811978340149 2.3344779014587402 0.0712616816163063
1129.4544792175293 2.4477243423461914 0.0712616816163063
1130.0867342948914 2.4799046516418457 0.0712616816163063
1130.7196855545044 2.5014219284057617 0.0712616816163063
1131.358558177948 2.146425247192383 0.0712616816163063
1131.9965329170227 2.259528636932373 0.0712616816163063
1132.6372804641724 2.387604236602783 0.0712616816163063
1133.2802710533142 2.333466053009033 0.0712616816163063
1133.9336159229279 2.3812780380249023 0.0712616816163063
1134.590964794159 2.366909980773926 0.0712616816163063
1135.2315864562988 2.455925941467285 0.0712616816163063
1135.8843247890472 2.4416046142578125 0.0712616816163063
1136.5228443145752 2.366257667541504 0.0712616816163063
1137.1629130840302 2.529020309448242 0.0712616816163063
1137.8065831661224 2.5643978118896484 0.0712616816163063
1138.4544479846954 2.40448260307312 0.0712616816163063
1139.0985753536224 2.4922900199890137 0.0712616816163063
1139.7426385879517 2.543506145477295 0.0712616816163063
1140.3843727111816 2.4285216331481934 0.0712616816163063
1141.023941040039 2.519418716430664 0.0712616816163063
1141.663153886795 2.380608320236206 0.0712616816163063
1142.3018450737 2.402761936187744 0.0712616816163063
1142.9452624320984 2.5063819885253906 0.0712616816163063
1143.584195137024 2.422044277191162 0.0712616816163063
1144.2287487983704 2.447388172149658 0.0712616816163063
1144.8762295246124 2.374931812286377 0.0712616816163063
1145.5311682224274 2.4990315437316895 0.0712616816163063
1146.185257434845 2.4291794300079346 0.0712616816163063
1146.8462233543396 2.4656143188476562 0.0712616816163063
1147.5122907161713 2.186972141265869 0.0712616816163063
1148.1618263721466 2.187854051589966 0.0712616816163063
1148.8081722259521 2.4420924186706543 0.0712616816163063
1149.444799900055 2.4946210384368896 0.0712616816163063
1150.0874843597412 2.3535139560699463 0.0712616816163063
1150.729263305664 2.304381847381592 0.0712616816163063
1151.3682696819305 2.5532684326171875 0.0712616816163063
1152.006975889206 2.421998977661133 0.0712616816163063
1152.6405165195465 2.493534564971924 0.0712616816163063
1153.2753355503082 2.546494483947754 0.0712616816163063
1153.9192161560059 2.4395172595977783 0.0712616816163063
1154.5643901824951 2.450146198272705 0.0712616816163063
1155.2043147087097 2.407660961151123 0.0712616816163063
1155.841359615326 2.4863076210021973 0.0712616816163063
1156.4851467609406 2.493079662322998 0.0712616816163063
1157.1199367046356 2.343580484390259 0.0712616816163063
1157.758849143982 2.418356418609619 0.0712616816163063
1158.4009783267975 2.214669704437256 0.0712616816163063
1159.045964717865 2.379342555999756 0.0712616816163063
1159.6927981376648 2.346515417098999 0.0712616816163063
1160.3523831367493 2.4956681728363037 0.0712616816163063
1160.9958307743073 2.427422046661377 0.0712616816163063
1161.6368799209595 2.4153714179992676 0.0712616816163063
1162.2743771076202 2.4906792640686035 0.0712616816163063
1162.909865140915 2.5329880714416504 0.0712616816163063
1163.5514159202576 2.458217144012451 0.0712616816163063
1164.1944394111633 2.386183738708496 0.0712616816163063
1164.831680059433 2.451158046722412 0.0712616816163063
1165.4690930843353 2.351356267929077 0.0712616816163063
1166.107185602188 2.335516929626465 0.0712616816163063
1166.7455217838287 2.4104878902435303 0.0712616816163063
1167.3838517665863 2.265665054321289 0.0712616816163063
1168.0295238494873 2.431666612625122 0.0712616816163063
1168.6729545593262 2.2192254066467285 0.0712616816163063
1169.313637495041 2.4906396865844727 0.0712616816163063
1169.9533228874207 2.371260166168213 0.0712616816163063
1170.6154265403748 2.297375440597534 0.0712616816163063
1171.2687408924103 2.518298625946045 0.0712616816163063
1171.9329278469086 2.388411045074463 0.0712616816163063
1172.577176809311 2.484373092651367 0.0712616816163063
1173.2037513256073 2.355898141860962 0.0712616816163063
1173.8413276672363 2.362147331237793 0.0712616816163063
1174.476262331009 2.3484034538269043 0.0712616816163063
1175.1088690757751 2.3708438873291016 0.0712616816163063
1175.7478704452515 2.2790727615356445 0.0712616816163063
1176.3832144737244 2.389972448348999 0.0712616816163063
1177.0161106586456 2.3655171394348145 0.0712616816163063
1177.649944782257 2.3135411739349365 0.0712616816163063
1178.2902915477753 2.4097723960876465 0.0712616816163063
