150.30877161026 0.1822429906542056 1.9392335414886475 1.9392335414886475
300.10253715515137 0.1822429906542056 1.9561653137207031 1.9561653137207031
450.04975032806396 0.1822429906542056 1.9293057918548584 1.9293057918548584
601.7586350440979 0.1822429906542056 1.8760520219802856 1.8760520219802856
750.3492126464844 0.2102803738317757 1.8045735359191895 1.8045735359191895
900.6174099445343 0.43399532710280375 1.7349084615707397 1.7349084615707397
1050.8323588371277 0.6203271028037384 1.6082018613815308 1.6082018613815308
1200.1821584701538 0.6203271028037384 1.5701782703399658 1.5701782703399658
1350.271623134613 0.6203271028037384 1.5605733394622803 1.5605733394622803
1500.4325532913208 0.6203271028037384 1.5014935731887817 1.5014935731887817
1650.5976548194885 0.6203271028037384 1.4905993938446045 1.4905993938446045
1800.0327439308167 0.6892523364485982 1.4007046222686768 1.4007046222686768
1950.34747672081 0.6892523364485982 1.3524904251098633 1.3524904251098633
2100.943643808365 0.6892523364485982 1.3361282348632812 1.3361282348632812
2250.6489577293396 0.6892523364485982 1.3062033653259277 1.3062033653259277
2400.4222457408905 0.6892523364485982 1.3018568754196167 1.3018568754196167
2550.435831308365 0.7850467289719626 1.2618496417999268 1.2618496417999268
2700.522752761841 0.7850467289719626 1.2200003862380981 1.2200003862380981
2850.9645800590515 0.7850467289719626 1.2200003862380981 1.2614719867706299
3000.42364525795 0.7850467289719626 1.2178679704666138 1.2178679704666138
3150.8414418697357 0.7850467289719626 1.1801414489746094 1.1801414489746094
3300.6671175956726 0.8341121495327103 1.1593737602233887 1.1593737602233887
3450.094155550003 0.8341121495327103 1.1593737602233887 1.16049325466156
3600.6044521331787 0.8469626168224299 1.1433335542678833 1.1433335542678833
3750.341578722 0.8469626168224299 1.1338531970977783 1.1338531970977783
3900.1516482830048 0.8469626168224299 1.1338531970977783 1.1425325870513916
4051.041331768036 0.8469626168224299 1.113922119140625 1.113922119140625
4200.966571807861 0.8469626168224299 1.102497935295105 1.102497935295105
4350.454286813736 0.8469626168224299 1.0736993551254272 1.0736993551254272
4500.0458018779755 0.8469626168224299 1.0677289962768555 1.0677289962768555
4650.294339418411 0.9287383177570093 1.0604612827301025 1.0604612827301025
4800.360584974289 0.9287383177570093 1.0552518367767334 1.0552518367767334
4950.790081977844 0.9287383177570093 1.0552518367767334 1.0740838050842285
5100.799674034119 0.9287383177570093 1.0552518367767334 1.0792458057403564
5250.48279094696 0.9287383177570093 1.0327708721160889 1.0327708721160889
5400.456743478775 0.9287383177570093 1.0077247619628906 1.0077247619628906
5550.520711183548 0.9287383177570093 1.0077247619628906 1.0467424392700195
5701.022674560547 0.9287383177570093 1.0077247619628906 1.0499894618988037
5850.196270227432 0.9287383177570093 1.0077247619628906 1.037461757659912
6001.046892881393 0.9287383177570093 0.9421934485435486 0.9421934485435486
6150.339772939682 0.9287383177570093 0.9421934485435486 0.9494120478630066
6300.808815002441 0.9287383177570093 0.9030376076698303 0.9030376076698303
6450.758001089096 0.9287383177570093 0.9030376076698303 0.9078246355056763
6600.4347314834595 0.9287383177570093 0.9030376076698303 0.9144884347915649
6750.624358654022 0.9287383177570093 0.8978672623634338 0.8978672623634338
6900.823132514954 0.9287383177570093 0.8961330652236938 0.8961330652236938
7050.387233018875 0.9287383177570093 0.8747603297233582 0.8747603297233582
7200.1395127773285 0.9287383177570093 0.8747603297233582 0.9042398929595947
