150.05062127113342 0.169392523364486 1.6933850049972534 1.6933850049972534
300.37648153305054 0.17932242990654207 1.4289188385009766 1.4289188385009766
450.09004306793213 0.5508177570093458 1.3133115768432617 1.3133115768432617
600.1880149841309 0.610981308411215 1.2629748582839966 1.2629748582839966
750.3112101554871 0.6203271028037384 1.2038421630859375 1.2038421630859375
900.0490913391113 0.6203271028037384 1.1470452547073364 1.1470452547073364
1050.2075326442719 0.655373831775701 1.1265056133270264 1.1265056133270264
1200.2453801631927 0.655373831775701 1.089581847190857 1.089581847190857
1350.3213624954224 0.655373831775701 1.0730832815170288 1.0730832815170288
1500.174914598465 0.7447429906542056 1.0351853370666504 1.0351853370666504
1650.0492866039276 0.7447429906542056 1.022322654724121 1.022322654724121
1800.28386592865 0.7447429906542056 0.9868071675300598 0.9868071675300598
1950.1845109462738 0.7447429906542056 0.9685513377189636 0.9685513377189636
2100.2335743904114 0.7447429906542056 0.9685513377189636 0.9685611724853516
2250.1468539237976 0.7447429906542056 0.9440668225288391 0.9440668225288391
2400.041622400284 0.7867990654205608 0.9440668225288391 0.9469795823097229
2550.12256193161 0.7867990654205608 0.9297098517417908 0.9297098517417908
2700.018745660782 0.8066588785046729 0.893958568572998 0.893958568572998
2850.000913143158 0.8504672897196262 0.893958568572998 0.8999834060668945
3000.047955274582 0.8504672897196262 0.893958568572998 0.905137836933136
3150.259313106537 0.8504672897196262 0.8837553858757019 0.8837553858757019
3300.130161523819 0.8504672897196262 0.8680020570755005 0.8680020570755005
3450.0906987190247 0.8691588785046729 0.8670225143432617 0.8670225143432617
3600.1523530483246 0.9264018691588785 0.8599098920822144 0.8599098920822144
3750.0497760772705 0.9264018691588785 0.8599098920822144 0.8678767681121826
3900.0562167167664 0.9264018691588785 0.831434965133667 0.831434965133667
4050.2031202316284 0.9264018691588785 0.8165110349655151 0.8165110349655151
4200.127759933472 0.9264018691588785 0.8165110349655151 0.8211340308189392
4350.074583768845 0.9264018691588785 0.80255526304245 0.80255526304245
4500.322057247162 0.9264018691588785 0.80255526304245 0.8161635398864746
4650.118194580078 0.9264018691588785 0.80255526304245 0.8144530057907104
4800.000328779221 0.9264018691588785 0.7789224982261658 0.7789224982261658
4950.067421197891 0.9264018691588785 0.7789224982261658 0.7919757962226868
5100.438183069229 0.9264018691588785 0.7789224982261658 0.7855476140975952
5250.289737939835 0.9264018691588785 0.7789224982261658 0.7977743148803711
5400.365688323975 0.9281542056074766 0.7125160098075867 0.7125160098075867
5550.250238656998 0.9281542056074766 0.6938344240188599 0.6938344240188599
5700.118418455124 0.9468457943925234 0.6898944973945618 0.6898944973945618
5850.202831745148 0.9468457943925234 0.6685714721679688 0.6685714721679688
6000.209331512451 0.9468457943925234 0.6685714721679688 0.6697348356246948
6150.061020374298 0.9503504672897196 0.6685714721679688 0.694776713848114
6300.237522602081 0.9503504672897196 0.6678569316864014 0.6678569316864014
6450.247537612915 0.9503504672897196 0.6678569316864014 0.6779519319534302
6600.443235874176 0.9503504672897196 0.6678569316864014 0.6715625524520874
6750.000087738037 0.9503504672897196 0.6505298614501953 0.6505298614501953
6900.406229972839 0.9503504672897196 0.6505298614501953 0.6630860567092896
7050.422335863113 0.9503504672897196 0.6505298614501953 0.6561915278434753
7200.412153720856 0.9503504672897196 0.6505298614501953 0.6618154644966125
