150.14919543266296 0.08352803738317757 1.4527667760849 1.4527667760849
300.15369629859924 0.39485981308411217 1.198861837387085 1.198861837387085
450.0639615058899 0.717873831775701 1.1084387302398682 1.1084387302398682
600.1539080142975 0.717873831775701 1.0393025875091553 1.0393025875091553
750.105167388916 0.8633177570093458 0.99886155128479 0.99886155128479
900.2711772918701 0.8633177570093458 0.9458554983139038 0.9458554983139038
1050.233435869217 0.8633177570093458 0.918655276298523 0.918655276298523
1200.2081627845764 0.8633177570093458 0.8803628087043762 0.8803628087043762
1350.202470779419 0.8633177570093458 0.8662322759628296 0.8662322759628296
1500.005343914032 0.9065420560747663 0.8471267819404602 0.8471267819404602
1650.0445024967194 0.9065420560747663 0.839660108089447 0.839660108089447
1800.0419821739197 0.9065420560747663 0.8064861297607422 0.8064861297607422
1950.1821610927582 0.9065420560747663 0.8039663434028625 0.8039663434028625
2100.116596221924 0.9065420560747663 0.8039663434028625 0.8046967387199402
2250.2383444309235 0.9065420560747663 0.7811627984046936 0.7811627984046936
2400.2462458610535 0.9065420560747663 0.7767980098724365 0.7767980098724365
2550.0245954990387 0.9065420560747663 0.7552900910377502 0.7552900910377502
2700.22802066803 0.9065420560747663 0.7344112992286682 0.7344112992286682
2850.0236456394196 0.9065420560747663 0.7344112992286682 0.7402471899986267
3000.262911081314 0.9065420560747663 0.7344112992286682 0.752334713935852
3150.231057405472 0.9065420560747663 0.7160413265228271 0.7160413265228271
3300.0195808410645 0.9065420560747663 0.7160413265228271 0.7193588614463806
3450.0224821567535 0.9252336448598131 0.7160413265228271 0.7207741141319275
3600.049655199051 0.929322429906542 0.7016011476516724 0.7016011476516724
3750.1371240615845 0.929322429906542 0.6754916310310364 0.6754916310310364
3900.1979575157166 0.9497663551401869 0.6754916310310364 0.686470627784729
4050.12818980217 0.9497663551401869 0.6698092818260193 0.6698092818260193
4200.163203716278 0.9497663551401869 0.6698092818260193 0.6786549687385559
4350.09216094017 0.9497663551401869 0.6572617292404175 0.6572617292404175
4500.149377584457 0.9497663551401869 0.6545768976211548 0.6545768976211548
4650.091602325439 0.9497663551401869 0.6545768976211548 0.6589899063110352
4800.123753786087 0.9497663551401869 0.6545768976211548 0.6549415588378906
4950.013870000839 0.9608644859813084 0.6401388049125671 0.6401388049125671
5100.238194942474 0.9608644859813084 0.6338480114936829 0.6338480114936829
5250.152765035629 0.9608644859813084 0.6197702884674072 0.6197702884674072
5400.100956439972 0.9608644859813084 0.6197702884674072 0.6348440647125244
5550.067631721497 0.9608644859813084 0.6197702884674072 0.6310834288597107
5700.203932523727 0.9608644859813084 0.6089049577713013 0.6089049577713013
5850.27481007576 0.9608644859813084 0.6089049577713013 0.6176356077194214
6000.147255659103 0.9608644859813084 0.6089049577713013 0.6166641712188721
6150.221048593521 0.9608644859813084 0.6044435501098633 0.6044435501098633
6300.209261417389 0.9626168224299065 0.6001905798912048 0.6001905798912048
6450.136880159378 0.9626168224299065 0.5823590159416199 0.5823590159416199
6600.2813630104065 0.9626168224299065 0.5823590159416199 0.5833103656768799
6750.130166530609 0.9626168224299065 0.5823590159416199 0.6002539992332458
6900.054497003555 0.9626168224299065 0.5823590159416199 0.5856124758720398
7050.131547451019 0.9626168224299065 0.5454395413398743 0.5454395413398743
7200.084329128265 0.9626168224299065 0.5350742340087891 0.5350742340087891
