150.08581280708313 0.08352803738317757 1.580511212348938 1.580511212348938
300.17385625839233 0.5712616822429907 1.2947396039962769 1.2947396039962769
450.13990473747253 0.5712616822429907 1.2088329792022705 1.2088329792022705
600.3075067996979 0.5712616822429907 1.1283127069473267 1.1283127069473267
750.0378019809723 0.7476635514018691 1.0711512565612793 1.0711512565612793
900.1243958473206 0.7476635514018691 1.0429608821868896 1.0429608821868896
1050.3302154541016 0.7757009345794392 1.0065840482711792 1.0065840482711792
1200.1340198516846 0.8288551401869159 0.9778376817703247 0.9778376817703247
1350.0806822776794 0.8288551401869159 0.9467917680740356 0.9467917680740356
1500.2612915039062 0.8288551401869159 0.9186583161354065 0.9186583161354065
1650.300043106079 0.8288551401869159 0.9172317981719971 0.9172317981719971
1800.331195116043 0.8288551401869159 0.8898744583129883 0.8898744583129883
1950.2120621204376 0.8288551401869159 0.8898744583129883 0.8907114267349243
2100.185958147049 0.8522196261682243 0.8562918901443481 0.8562918901443481
2250.141654253006 0.8522196261682243 0.8477627635002136 0.8477627635002136
2400.195211648941 0.8522196261682243 0.8407584428787231 0.8407584428787231
2550.185670852661 0.8522196261682243 0.8407584428787231 0.8477563858032227
2700.0879349708557 0.8954439252336449 0.8377630710601807 0.8377630710601807
2850.314471244812 0.8983644859813084 0.8081292510032654 0.8081292510032654
3000.284679889679 0.9299065420560748 0.799114465713501 0.799114465713501
3150.2586736679077 0.9299065420560748 0.7781866192817688 0.7781866192817688
3300.058116674423 0.9299065420560748 0.772161602973938 0.772161602973938
3450.2142918109894 0.9299065420560748 0.772161602973938 0.7739095687866211
3600.078267097473 0.9299065420560748 0.772161602973938 0.7757031321525574
3750.030005455017 0.9299065420560748 0.7465456128120422 0.7465456128120422
3900.096182823181 0.9299065420560748 0.7465456128120422 0.7597364783287048
4050.20530128479 0.9299065420560748 0.7465456128120422 0.7546067833900452
4200.256926774979 0.9316588785046729 0.7465456128120422 0.7597105503082275
4350.3058960437775 0.9316588785046729 0.6804326176643372 0.6804326176643372
4500.004857778549 0.9345794392523364 0.6483815312385559 0.6483815312385559
4650.215512752533 0.9351635514018691 0.6483815312385559 0.6588800549507141
4800.074068069458 0.9351635514018691 0.6483815312385559 0.6527092456817627
4950.188875436783 0.9351635514018691 0.6483815312385559 0.6541430354118347
5100.0100274086 0.967873831775701 0.6187694668769836 0.6187694668769836
5250.202141284943 0.967873831775701 0.6000015139579773 0.6000015139579773
5400.240731954575 0.967873831775701 0.5974261164665222 0.5974261164665222
5550.174884319305 0.9725467289719626 0.5974261164665222 0.6013379693031311
5700.0957362651825 0.9725467289719626 0.5923826694488525 0.5923826694488525
5850.118762016296 0.9725467289719626 0.5801618695259094 0.5801618695259094
6000.319847106934 0.9725467289719626 0.5801618695259094 0.5843604803085327
6150.052861452103 0.9725467289719626 0.5668981075286865 0.5668981075286865
6300.147345781326 0.9725467289719626 0.5593861937522888 0.5593861937522888
6450.20664191246 0.9725467289719626 0.5593861937522888 0.564576268196106
6600.238075733185 0.9725467289719626 0.5593861937522888 0.5678577423095703
6750.248331069946 0.9725467289719626 0.5526599884033203 0.5526599884033203
6900.2380521297455 0.9725467289719626 0.5525155067443848 0.5525155067443848
7050.04914855957 0.9725467289719626 0.5390262007713318 0.5390262007713318
7200.267730474472 0.9725467289719626 0.5390262007713318 0.5411515235900879
