150.31057620048523 0.07126168224299065 1.8973186016082764 1.8973186016082764
300.08411264419556 0.27102803738317754 1.8275681734085083 1.8275681734085083
450.58802247047424 0.37616822429906543 1.7687538862228394 1.7687538862228394
600.7673995494843 0.37616822429906543 1.6461296081542969 1.6461296081542969
750.8861773014069 0.5052570093457944 1.606487512588501 1.606487512588501
900.5346500873566 0.5251168224299065 1.4544588327407837 1.4544588327407837
1050.3722772598267 0.7593457943925234 1.4426912069320679 1.4426912069320679
1200.7317082881927 0.7593457943925234 1.368355393409729 1.368355393409729
1350.7716579437256 0.7593457943925234 1.3405147790908813 1.3405147790908813
1500.3569474220276 0.7593457943925234 1.2740808725357056 1.2740808725357056
1650.0903871059418 0.7593457943925234 1.231848955154419 1.231848955154419
1800.013130903244 0.7593457943925234 1.2101271152496338 1.2101271152496338
1950.13813662529 0.7704439252336449 1.198488473892212 1.198488473892212
2100.833166360855 0.7827102803738317 1.1745449304580688 1.1745449304580688
2250.045250892639 0.7827102803738317 1.1529903411865234 1.1529903411865234
2400.051039457321 0.7827102803738317 1.1506108045578003 1.1506108045578003
2550.6061968803406 0.8008177570093458 1.1323975324630737 1.1323975324630737
2700.295461177826 0.8060747663551402 1.102474570274353 1.102474570274353
2850.6239783763885 0.8060747663551402 1.049686074256897 1.049686074256897
3000.5329310894012 0.8230140186915887 1.049686074256897 1.0869725942611694
3150.057787656784 0.8422897196261683 1.027395248413086 1.027395248413086
3300.1745252609253 0.8422897196261683 1.027395248413086 1.070336937904358
3450.163865327835 0.8422897196261683 1.027395248413086 1.042087197303772
3600.6563637256622 0.8422897196261683 1.0190658569335938 1.0190658569335938
3750.595343351364 0.8422897196261683 0.9802497029304504 0.9802497029304504
3900.7521936893463 0.8422897196261683 0.9802497029304504 0.9993361234664917
4050.19011926651 0.8422897196261683 0.9802497029304504 0.9827070832252502
4200.063468456268 0.8662383177570093 0.9802497029304504 1.032517433166504
4350.175022125244 0.9392523364485982 0.9390859007835388 0.9390859007835388
4500.42187666893 0.9392523364485982 0.9133238196372986 0.9133238196372986
4650.061079978943 0.9392523364485982 0.9022828340530396 0.9022828340530396
4800.6947157382965 0.9392523364485982 0.9022828340530396 0.9254772663116455
4950.106334686279 0.9392523364485982 0.9022828340530396 0.9095918536186218
5100.186006784439 0.9392523364485982 0.8748778104782104 0.8748778104782104
5250.19689655304 0.9392523364485982 0.8748778104782104 0.8966108560562134
5400.544170618057 0.9392523364485982 0.8670822381973267 0.8670822381973267
5550.583451032639 0.9392523364485982 0.8670822381973267 0.8671746253967285
5700.583185434341 0.9392523364485982 0.8670822381973267 0.8771333694458008
5850.810800075531 0.9392523364485982 0.8500067591667175 0.8500067591667175
6000.869458436966 0.9392523364485982 0.8500067591667175 0.856055498123169
6150.796745300293 0.9392523364485982 0.8500067591667175 0.86558598279953
6300.360404968262 0.9392523364485982 0.8464334011077881 0.8464334011077881
6450.405991077423 0.9392523364485982 0.8464334011077881 0.8825905919075012
6600.579630374908 0.9485981308411215 0.8434340953826904 0.8434340953826904
6750.797499895096 0.9503504672897196 0.8434340953826904 0.8512732982635498
6900.647886991501 0.9532710280373832 0.8434340953826904 0.8701160550117493
7050.369082212448 0.9532710280373832 0.8296744227409363 0.8296744227409363
7200.027780532837 0.9532710280373832 0.8296744227409363 0.8475624918937683
