300.2139265537262 0.1822429906542056 2.370758791866205 2.370758791866205
600.4137616157532 0.1822429906542056 2.2558753558652316 2.2558753558652316
900.6804950237274 0.1822429906542056 2.0375468181936363 2.0375468181936363
1200.6099474430084 0.1822429906542056 1.9186880984456067 1.9186880984456067
1500.2725901603699 0.3171728971962617 1.740024159148515 1.740024159148515
1800.4603779315948 0.3475467289719626 1.740024159148515 1.7520014780143707
2100.7101476192474 0.4462616822429907 1.5731103620850122 1.5731103620850122
2400.3409130573273 0.4462616822429907 1.5594145758862954 1.5594145758862954
2700.297176361084 0.4462616822429907 1.4131236668658314 1.4131236668658314
3000.375487804413 0.4462616822429907 1.363139186711343 1.363139186711343
3300.47638964653 0.4462616822429907 1.2351618552019008 1.2351618552019008
3600.19033575058 0.4462616822429907 1.2351618552019008 1.2908946467782383
3900.3777182102203 0.4462616822429907 1.1821220606672678 1.1821220606672678
4200.144647121429 0.4462616822429907 1.1821220606672678 1.1938922245440504
4500.257973194122 0.46261682242990654 1.0830119307029922 1.0830119307029922
4800.3996505737305 0.47313084112149534 1.0830119307029922 1.142075649478274
5100.454415798187 0.47313084112149534 1.0503892785822861 1.0503892785822861
5400.453174114227 0.5823598130841121 1.0503892785822861 1.0515499000017032
5700.657651424408 0.5823598130841121 1.011056362837553 1.011056362837553
6000.520574569702 0.5823598130841121 1.011056362837553 1.0450999057412935
6300.331347942352 0.5823598130841121 0.9535018315916692 0.9535018315916692
6600.008134841919 0.5823598130841121 0.9535018315916692 0.9980924559888541
6900.118827342987 0.5823598130841121 0.9535018315916692 0.9559503025937699
7200.5924870967865 0.5823598130841121 0.9535018315916692 0.9648919985395112
7500.042069911957 0.5823598130841121 0.753077900595963 0.753077900595963
7800.421040773392 0.5823598130841121 0.7198413553015648 0.7198413553015648
8100.189013242722 0.5823598130841121 0.7198413553015648 0.7594579160303236
