5.497852087020874 2.039494037628174 0
6.165184736251831 2.021540641784668 0
6.836122751235962 2.0405807495117188 0
7.5097527503967285 1.9691870212554932 0
8.181277513504028 1.927100658416748 0
8.862677335739136 1.895496129989624 0
9.529415130615234 1.936751127243042 0
10.206035375595093 1.894309163093567 0
10.889322757720947 1.9258147478103638 0
11.558355808258057 1.910334587097168 0
12.24573564529419 1.79915189743042 0
12.938530445098877 2.084906578063965 0
13.615878820419312 1.8577077388763428 0
14.294461250305176 1.9100631475448608 0
14.969571352005005 1.7733588218688965 0
15.640198945999146 1.8805903196334839 0
16.297701597213745 1.914725661277771 0
16.972731590270996 1.8765349388122559 0
17.64160466194153 1.7557597160339355 0
18.30469250679016 1.7536052465438843 0
18.983513832092285 1.7296946048736572 0
19.662936449050903 1.8245092630386353 0
20.334105014801025 1.978245496749878 0
21.00293755531311 1.8079956769943237 0
21.66818857192993 1.7952494621276855 0
22.33515214920044 1.986539363861084 0
23.00673508644104 1.7030540704727173 0
23.674142122268677 1.7789812088012695 0
24.3602352142334 1.7521486282348633 0
25.050506591796875 1.9103561639785767 0
25.7256338596344 1.891535758972168 0
26.40929079055786 1.870673656463623 0
27.082132816314697 1.699934959411621 0
27.752763986587524 1.961027979850769 0
28.414061546325684 1.5754835605621338 0
29.0933518409729 1.8539025783538818 0
29.752449989318848 1.5699598789215088 0
30.423378229141235 1.7631926536560059 0
31.09835410118103 1.5703918933868408 0
31.758808612823486 1.6756596565246582 0
32.43094348907471 1.8741575479507446 0
33.096861362457275 1.7410862445831299 0
33.76950192451477 1.9135746955871582 0
34.441200733184814 1.7383520603179932 0
35.1139862537384 1.7233388423919678 0
35.77955865859985 1.718650221824646 0
36.45839476585388 1.6531734466552734 0
37.12142062187195 1.7774271965026855 0
37.790722370147705 1.6808781623840332 0
38.4901065826416 1.7088063955307007 0
40.77870202064514 2.0309228897094727 0
41.445263624191284 1.9533723592758179 0
42.1009407043457 2.0605854988098145 0
42.757368087768555 2.144484758377075 0
43.428667306900024 2.0421833992004395 0
44.10394239425659 1.591496229171753 0
44.77145743370056 1.9072685241699219 0
45.44892334938049 1.8560482263565063 0
46.1116042137146 1.6179438829421997 0
46.77602744102478 1.8482012748718262 0
47.44826030731201 1.8848381042480469 0
48.120893716812134 2.045079469680786 0
48.793065309524536 1.777052402496338 0
49.4763023853302 1.8261361122131348 0
50.146080493927 1.5682899951934814 0
50.82078218460083 1.7038071155548096 0
51.4811646938324 1.747119426727295 0
52.16492795944214 1.6555705070495605 0
52.82042360305786 1.690577507019043 0
53.48224186897278 1.765758752822876 0
54.139684438705444 1.7205010652542114 0
54.81546330451965 1.6542508602142334 0
55.47628450393677 1.8288052082061768 0
56.15192222595215 1.9893369674682617 0
56.81745219230652 1.8036043643951416 0
57.47784447669983 1.7862012386322021 0
58.13392686843872 1.6637775897979736 0
58.79996967315674 1.7926111221313477 0
59.47678565979004 1.7526357173919678 0
60.13475465774536 1.6657670736312866 0
60.80892825126648 1.9285820722579956 0
61.46972417831421 1.6490280628204346 0
62.12671136856079 1.4606672525405884 0
62.801852226257324 1.6501457691192627 0
63.471657276153564 1.543412208557129 0
64.14363145828247 1.6341949701309204 0
64.82032513618469 1.7400779724121094 0
65.47597670555115 1.7062361240386963 0
66.14689946174622 1.5328166484832764 0
66.8075520992279 1.729125738143921 0
67.47926139831543 1.557172417640686 0
68.13628101348877 1.4995580911636353 0
68.79713606834412 1.5274856090545654 0
69.45871686935425 1.9025248289108276 0
70.1204252243042 1.7707598209381104 0
70.79506731033325 1.9150141477584839 0
71.46719789505005 1.566756010055542 0
72.13537430763245 2.0519251823425293 0
72.80695223808289 1.5984399318695068 0
73.47622442245483 1.9727815389633179 0
75.45627617835999 2.3019826412200928 0
76.13615107536316 1.850973129272461 0
76.81340432167053 1.9572505950927734 0
77.49790954589844 2.2298693656921387 0
78.16238355636597 2.1179678440093994 0
78.82532262802124 2.0450901985168457 0
79.49484467506409 1.8964545726776123 0
80.17278289794922 1.794581413269043 0
80.85256886482239 1.805901050567627 0
81.5205602645874 1.7491897344589233 0
82.17689871788025 1.9797947406768799 0
82.85816216468811 1.7616961002349854 0
83.53571128845215 1.9074379205703735 0
84.21618318557739 1.9107840061187744 0
84.88760042190552 1.7635000944137573 0
85.55586242675781 1.6991606950759888 0
86.21711254119873 1.5655851364135742 0
86.90344309806824 1.662513017654419 0
87.56010150909424 1.6530452966690063 0
88.21622085571289 1.670958399772644 0
88.88994669914246 2.0302789211273193 0
89.55285620689392 1.863938808441162 0
90.21314406394958 2.1113381385803223 0
90.9047019481659 2.0311708450317383 0
91.58595514297485 1.8315023183822632 0
92.26141428947449 1.4834952354431152 0
92.93999028205872 1.407944917678833 0
93.60259056091309 1.7978217601776123 0
94.27171301841736 1.5965615510940552 0
94.95438241958618 1.740537405014038 0
95.61002111434937 1.8073155879974365 0
96.28099346160889 1.6484007835388184 0
96.94761657714844 1.5793957710266113 0
97.61970376968384 1.8890714645385742 0
98.30185985565186 1.8115336894989014 0
98.98375701904297 1.7893476486206055 0
99.65342211723328 1.4871426820755005 0
100.31478071212769 1.6238234043121338 0
100.97659254074097 1.6793445348739624 0
101.6411280632019 1.6183087825775146 0
102.30733251571655 1.5477728843688965 0
102.97766709327698 1.9047802686691284 0
103.64555597305298 1.3076989650726318 0
104.30807781219482 1.7496784925460815 0
104.96626472473145 1.9617197513580322 0
105.62053108215332 1.6521304845809937 0
106.2763454914093 1.4908428192138672 0
106.94511079788208 1.9146041870117188 0
107.60366749763489 1.7080684900283813 0
108.26534080505371 1.7331976890563965 0
110.23419451713562 1.8174744844436646 0
110.91341805458069 1.9423565864562988 0
111.58134722709656 2.0035219192504883 0
112.25021862983704 1.9923192262649536 0
112.92065858840942 1.8170901536941528 0
113.59501647949219 1.8894022703170776 0
114.26023554801941 1.8579204082489014 0
114.93908071517944 1.6815485954284668 0
115.62726664543152 1.9840518236160278 0
116.29696798324585 1.9449121952056885 0
116.95737409591675 1.6864640712738037 0
117.62177848815918 1.801438331604004 0
118.2988715171814 1.5952117443084717 0
118.9641044139862 1.7507303953170776 0
119.61271715164185 1.851283311843872 0
120.2691957950592 1.7772769927978516 0
120.9352011680603 1.696658968925476 0
121.61222672462463 1.7051340341567993 0
122.29370999336243 1.7670413255691528 0
122.97524642944336 1.6700985431671143 0
123.64525961875916 1.5263636112213135 0
124.32173442840576 1.5373964309692383 0
125.00183129310608 1.5162687301635742 0
125.65629649162292 1.6179962158203125 0
126.33575415611267 1.819879174232483 0
126.99706673622131 1.55997633934021 0
127.65653586387634 1.8145620822906494 0
128.31651973724365 2.0511233806610107 0
128.9706711769104 1.839573860168457 0
129.63673901557922 1.7237999439239502 0
130.29483604431152 1.421407699584961 0
130.9698657989502 1.5139837265014648 0
131.6341233253479 1.8040573596954346 0
132.2995491027832 1.5745649337768555 0
132.96471643447876 1.5297198295593262 0
133.6403684616089 1.4516260623931885 0
134.30535316467285 1.905418038368225 0
134.98517513275146 1.46504807472229 0
135.66229486465454 1.6819701194763184 0
136.32602286338806 1.688376784324646 0
136.99491047859192 1.6501086950302124 0
137.65861535072327 1.6664437055587769 0
138.3211681842804 1.511683464050293 0
138.98784136772156 1.79048752784729 0
139.65178894996643 1.5390315055847168 0
140.3139932155609 1.596602201461792 0
140.97306275367737 1.4715327024459839 0
141.63755917549133 1.5602495670318604 0
142.31045126914978 1.7706646919250488 0
142.9810390472412 1.3365203142166138 0
144.96441197395325 2.1533145904541016 0
145.6518111228943 1.8347933292388916 0
146.33977913856506 1.9941320419311523 0
147.06029653549194 1.8935364484786987 0
147.72978472709656 1.8413662910461426 0
148.39509892463684 2.029036045074463 0
149.05810737609863 2.1315088272094727 0
149.72910523414612 1.7487907409667969 0
150.39051485061646 1.886041522026062 0
151.05512261390686 1.8051508665084839 0
151.72221183776855 1.9420263767242432 0
152.39564442634583 1.9675079584121704 0
153.06824684143066 1.7379785776138306 0
153.73442387580872 1.7175970077514648 0
154.4051012992859 1.9383559226989746 0
155.07309007644653 1.6275553703308105 0
155.73731637001038 1.7579231262207031 0
156.41331267356873 1.7558369636535645 0
157.08437371253967 1.919026255607605 0
157.75675773620605 1.8596322536468506 0
158.4258589744568 1.5053555965423584 0
159.10702514648438 1.6129419803619385 0
159.7740330696106 1.7188162803649902 0
160.44702696800232 1.7612208127975464 0
161.11378407478333 1.5295698642730713 0
161.79246401786804 1.7661499977111816 0
162.474707365036 1.6753623485565186 0
163.13770246505737 1.5723984241485596 0
163.788165807724 1.4707311391830444 0
164.45331358909607 1.5937656164169312 0
165.11640524864197 2.0271668434143066 0
165.77920794487 1.4650540351867676 0
166.44692611694336 1.427753210067749 0
167.1270363330841 1.425084114074707 0
167.78708839416504 1.4040462970733643 0
168.45916366577148 1.5088542699813843 0
169.12328958511353 1.9220682382583618 0
169.7934548854828 1.7918477058410645 0
170.46068739891052 1.3980023860931396 0
171.13396954536438 1.465554118156433 0
171.8143434524536 1.332930088043213 0
172.47487783432007 1.5558135509490967 0
173.13556265830994 1.6239185333251953 0
173.7911515235901 1.5517632961273193 0
174.45397090911865 1.3936927318572998 0
175.1222221851349 1.6843069791793823 0
175.7840211391449 1.3631927967071533 0
176.45703506469727 2.189748764038086 0
177.12081003189087 2.0102710723876953 0
177.78787350654602 1.2519142627716064 0
179.72959876060486 1.9251863956451416 0
180.38682770729065 1.489405632019043 0
181.05455350875854 1.3566365242004395 0
181.7227144241333 1.7507436275482178 0
182.4008526802063 2.008840560913086 0
183.09449553489685 1.9550328254699707 0
183.76285600662231 1.5917177200317383 0
184.42942452430725 1.7465744018554688 0
185.0983910560608 2.088913917541504 0
185.76237034797668 1.577648639678955 0
186.42674946784973 1.9691919088363647 0
187.09343123435974 1.9228296279907227 0
187.75792336463928 1.6765015125274658 0
188.42043805122375 1.5312656164169312 0
189.0824317932129 1.9865010976791382 0
189.74918937683105 1.9303151369094849 0
190.41786885261536 1.794398307800293 0
191.08722138404846 1.5889816284179688 0
191.76129055023193 1.603590965270996 0
192.43558979034424 1.5273919105529785 0
193.10535192489624 1.9026620388031006 0
193.78768825531006 1.603549838066101 0
194.45431232452393 1.6375889778137207 0
195.13667607307434 1.7834017276763916 0
195.83324933052063 1.269657850265503 0
196.50369095802307 1.3631858825683594 0
197.1726679801941 1.549896001815796 0
197.83139491081238 1.6340007781982422 0
198.48362851142883 1.5063326358795166 0
199.13806104660034 1.4604275226593018 0
199.80077481269836 1.876571536064148 0
200.47106504440308 1.4016999006271362 0
201.12673354148865 1.908310890197754 0
201.7919499874115 1.590714454650879 0
202.46080613136292 1.4855622053146362 0
203.12740111351013 1.3041833639144897 0
203.79301524162292 1.4081984758377075 0
204.4617874622345 1.7425258159637451 0
205.12952756881714 1.4582362174987793 0
205.8091595172882 1.714072585105896 0
206.47919869422913 1.5034359693527222 0
207.14546012878418 1.7012702226638794 0
207.83040356636047 2.0975615978240967 0
208.50218963623047 1.3189010620117188 0
209.17470693588257 1.4992201328277588 0
209.85930967330933 1.744584083557129 0
210.531414270401 1.234102487564087 0
211.20704197883606 1.6912930011749268 0
211.8762927055359 1.5838613510131836 0
212.54950523376465 1.5266947746276855 0
214.51853704452515 1.8599836826324463 0
215.17927193641663 1.8304064273834229 0
215.86293601989746 1.450008511543274 0
216.54918766021729 1.7540889978408813 0
217.2378420829773 1.7838797569274902 0
217.92939281463623 1.7937169075012207 0
218.6119737625122 1.7399241924285889 0
219.2776837348938 1.686775803565979 0
219.95589876174927 1.6990059614181519 0
220.619567155838 1.5964126586914062 0
221.28336763381958 1.8075790405273438 0
221.96543335914612 1.8666138648986816 0
222.6339602470398 1.6902693510055542 0
223.32424998283386 1.6090781688690186 0
224.01084733009338 1.8521299362182617 0
224.6785717010498 1.805903673171997 0
225.3532838821411 2.0524415969848633 0
226.02425265312195 1.5611435174942017 0
226.68867659568787 1.6848100423812866 0
227.35583567619324 1.3229682445526123 0
228.0237431526184 1.6121165752410889 0
228.69075751304626 1.7687430381774902 0
229.3607792854309 1.403308629989624 0
230.04108667373657 1.92303466796875 0
230.7284550666809 1.8062326908111572 0
231.40590739250183 1.7676126956939697 0
232.08615708351135 1.6149744987487793 0
232.74949479103088 1.4562290906906128 0
233.4116554260254 1.6764113903045654 0
234.096116065979 1.8855868577957153 0
234.75956320762634 1.6751694679260254 0
235.4199459552765 1.729795217514038 0
236.07506132125854 1.5709965229034424 0
236.72946691513062 1.724041223526001 0
237.38728761672974 1.4567757844924927 0
238.0489480495453 1.654529333114624 0
238.70679330825806 1.5010014772415161 0
239.3649446964264 1.6458324193954468 0
240.04588341712952 1.5540273189544678 0
240.72707796096802 1.520456314086914 0
241.3980679512024 1.6427600383758545 0
242.0747890472412 1.587865948677063 0
242.74632620811462 1.490983247756958 0
243.41443753242493 1.5440442562103271 0
244.09582591056824 1.5242202281951904 0
244.77252340316772 1.4106872081756592 0
245.44019508361816 1.690733790397644 0
246.09732294082642 1.5074708461761475 0
246.7543501853943 1.6803288459777832 0
247.41292929649353 1.5481480360031128 0
249.36510062217712 1.735400915145874 0
250.04195737838745 1.805799961090088 0
250.71433115005493 1.7946434020996094 0
251.3811755180359 1.791243314743042 0
252.05440425872803 1.7874948978424072 0
252.72307205200195 1.621415376663208 0
253.386727809906 1.8621435165405273 0
254.0592484474182 1.8528172969818115 0
254.7207956314087 1.6092193126678467 0
255.3839807510376 1.5098237991333008 0
256.04892468452454 1.6863292455673218 0
256.70610070228577 1.6990962028503418 0
257.3663635253906 1.7439004182815552 0
258.03832054138184 1.8121583461761475 0
258.70362997055054 1.6637756824493408 0
259.364305973053 1.5403494834899902 0
260.022332906723 1.752386212348938 0
260.6720094680786 1.5856788158416748 0
261.34224033355713 1.6083474159240723 0
262.0040669441223 1.371762990951538 0
262.6581826210022 1.4605088233947754 0
263.31794834136963 1.6660927534103394 0
263.9828782081604 1.6535567045211792 0
264.6459126472473 1.607378602027893 0
265.3284981250763 1.7302495241165161 0
265.9974117279053 1.429205298423767 0
266.6608872413635 1.5548405647277832 0
267.32595109939575 1.3983891010284424 0
268.0018458366394 1.6712472438812256 0
268.65945315361023 1.4308242797851562 0
269.3446750640869 1.520538330078125 0
270.01396203041077 1.70212984085083 0
270.6812655925751 1.6754850149154663 0
271.3473596572876 1.2796635627746582 0
272.0116128921509 1.9018537998199463 0
272.6823642253876 1.6161625385284424 0
273.3746249675751 1.2933951616287231 0
274.04821276664734 1.9996298551559448 0
274.7152738571167 1.7741504907608032 0
275.3811774253845 1.4216192960739136 0
276.0407371520996 2.148700714111328 0
276.69349193573 1.6343765258789062 0
277.36536860466003 1.7458181381225586 0
278.05975222587585 1.909908413887024 0
278.746643781662 1.5393681526184082 0
279.41226983070374 1.8006994724273682 0
280.08802318573 1.4973729848861694 0
280.7551188468933 1.5442020893096924 0
281.4242911338806 1.6338706016540527 0
282.0833008289337 1.9853832721710205 0
283.9950613975525 1.8182032108306885 0
284.6452708244324 1.741041898727417 0
285.30962109565735 1.4557130336761475 0
285.9737470149994 1.819790244102478 0
286.62727761268616 2.3210792541503906 0
287.2761595249176 1.705636739730835 0
287.93536734580994 1.731043815612793 0
288.59536814689636 1.6120872497558594 0
289.2612075805664 1.8733866214752197 0
289.90976428985596 1.7510864734649658 0
290.58129048347473 1.6655926704406738 0
291.2490198612213 1.8304660320281982 0
291.9319341182709 1.6874027252197266 0
292.6006073951721 1.8300585746765137 0
293.26722288131714 1.3759808540344238 0
293.9316895008087 1.2955377101898193 0
294.587336063385 1.7921979427337646 0
295.2572364807129 1.491123914718628 0
295.9222378730774 1.618234634399414 0
296.592670917511 2.003180980682373 0
297.25728964805603 1.7398247718811035 0
297.92523860931396 1.6919525861740112 0
298.58390760421753 1.8989168405532837 0
299.2413284778595 1.6749058961868286 0
299.898175239563 1.3248095512390137 0
300.5554869174957 1.5388984680175781 0
