5.378159046173096 2.039494037628174 0
6.072045087814331 2.021536350250244 0
6.759700775146484 2.0406808853149414 0
7.434643507003784 1.9702832698822021 0
8.109855890274048 1.9255174398422241 0
8.79916763305664 1.9013439416885376 0
9.486411333084106 1.928831696510315 0
10.166759729385376 1.8857190608978271 0
10.841963291168213 1.9143939018249512 0
11.519199132919312 1.9056552648544312 0
12.196386814117432 1.7836437225341797 0
12.867847204208374 2.084500789642334 0
13.539342641830444 1.859287977218628 0
14.21714997291565 1.9321749210357666 0
14.883017539978027 1.7522807121276855 0
15.570168733596802 1.8849902153015137 0
16.252894163131714 1.898294448852539 0
16.955254077911377 1.8973371982574463 0
17.63668990135193 1.7399095296859741 0
18.31787133216858 1.7601170539855957 0
19.002509355545044 1.7354615926742554 0
19.679140090942383 1.8372491598129272 0
20.350271463394165 1.9775123596191406 0
21.03026580810547 1.781036615371704 0
21.694470167160034 1.8102619647979736 0
22.35640048980713 1.9681644439697266 0
23.023146152496338 1.7077018022537231 0
23.681423902511597 1.7998402118682861 0
24.34234356880188 1.7914552688598633 0
25.00597333908081 1.90810227394104 0
25.681803464889526 1.8961865901947021 0
26.342693328857422 1.8870940208435059 0
27.01025938987732 1.7194583415985107 0
27.681297063827515 1.9467883110046387 0
28.350619792938232 1.652050495147705 0
29.04601287841797 1.8155174255371094 0
29.720351934432983 1.5413923263549805 0
30.38317084312439 1.717769980430603 0
31.0460524559021 1.5804598331451416 0
31.717907667160034 1.7571425437927246 0
32.386324644088745 1.928514003753662 0
33.05948996543884 1.7490180730819702 0
33.72209668159485 1.9145971536636353 0
34.38638925552368 1.7378369569778442 0
35.04921627044678 1.6950936317443848 0
35.70715594291687 1.7740111351013184 0
36.3764169216156 1.6271369457244873 0
37.05531930923462 1.8144477605819702 0
37.7267632484436 1.6665347814559937 0
38.401049852371216 1.7024229764938354 0
40.74978303909302 1.8152284622192383 0
41.44099497795105 1.882507085800171 0
42.118807792663574 2.1609301567077637 0
42.80809426307678 2.1897945404052734 0
43.48818778991699 2.050872325897217 0
44.16417694091797 1.6301380395889282 0
44.839980125427246 1.7229962348937988 0
45.52451968193054 1.8107824325561523 0
46.200587034225464 1.8366135358810425 0
46.87152719497681 1.8360633850097656 0
47.55001187324524 1.916312575340271 0
48.21713614463806 1.9831821918487549 0
48.89379835128784 1.8172130584716797 0
49.58068084716797 1.8635156154632568 0
50.261581897735596 1.68918776512146 0
50.937500953674316 1.6276068687438965 0
51.622222900390625 1.7069607973098755 0
52.313427448272705 1.681119680404663 0
53.017515420913696 1.617568016052246 0
53.700899839401245 1.7205787897109985 0
54.36871361732483 1.666189432144165 0
55.038912296295166 1.6126655340194702 0
55.72411036491394 1.7511171102523804 0
56.39107036590576 2.015685558319092 0
57.06358456611633 1.8259468078613281 0
57.74112582206726 1.751384973526001 0
58.40834665298462 1.6536798477172852 0
59.07080078125 1.722900629043579 0
59.74582481384277 1.6668477058410645 0
60.420164346694946 1.5554401874542236 0
61.092761754989624 1.8778749704360962 0
61.771174907684326 1.6163884401321411 0
62.444759130477905 1.522871971130371 0
63.11477470397949 1.5609962940216064 0
63.789247274398804 1.5699419975280762 0
64.45780229568481 1.7274582386016846 0
65.13562726974487 1.663273572921753 0
65.81720781326294 1.7560029029846191 0
66.49238753318787 1.323930025100708 0
67.16824984550476 1.8680942058563232 0
67.83848714828491 1.5296895503997803 0
68.51366424560547 1.3664456605911255 0
69.19387078285217 1.407954216003418 0
69.87377834320068 1.934450626373291 0
70.54047441482544 1.6616137027740479 0
71.20142126083374 1.7385361194610596 0
71.86943459510803 1.6340765953063965 0
72.54417276382446 2.2278075218200684 0
73.22549533843994 1.6976405382156372 0
73.89968276023865 1.8341917991638184 0
75.85873055458069 2.5514888763427734 0
76.54015278816223 1.7691458463668823 0
77.22672605514526 1.9337146282196045 0
77.91410112380981 1.9315992593765259 0
78.58527612686157 2.143497943878174 0
79.2712996006012 1.8381989002227783 0
79.94713997840881 1.7625882625579834 0
80.61812424659729 1.7509608268737793 0
81.29290580749512 1.7488434314727783 0
81.96963620185852 1.5651761293411255 0
82.64961314201355 2.061676025390625 0
83.31718707084656 1.7202996015548706 0
83.98907017707825 1.8983829021453857 0
84.65480637550354 1.640239953994751 0
85.31430578231812 1.7766247987747192 0
85.97915029525757 1.7491066455841064 0
86.63803791999817 1.449385166168213 0
87.29892826080322 1.6101677417755127 0
87.9655237197876 1.5741946697235107 0
88.63260316848755 1.420542597770691 0
89.30517578125 1.8456072807312012 0
90.00351095199585 1.8786704540252686 0
90.66717028617859 2.247309923171997 0
91.33414483070374 1.9875710010528564 0
92.00236582756042 1.9372429847717285 0
92.66137194633484 1.4356918334960938 0
93.32445216178894 1.4147515296936035 0
93.99198794364929 1.8206876516342163 0
94.6674792766571 1.7212376594543457 0
95.33674144744873 1.6322345733642578 0
96.00344681739807 1.8797839879989624 0
96.6656448841095 1.6478047370910645 0
97.34122395515442 1.4933171272277832 0
98.00541472434998 1.7274303436279297 0
98.6721887588501 1.9867075681686401 0
99.33532214164734 1.8161895275115967 0
100.0165343284607 1.4423158168792725 0
100.68374013900757 1.7077486515045166 0
101.36618638038635 1.5917716026306152 0
102.06497836112976 1.534580945968628 0
102.75028681755066 1.5511937141418457 0
103.42115688323975 1.839141607284546 0
104.09230375289917 1.3555874824523926 0
104.75334095954895 1.8815473318099976 0
105.42362880706787 1.9189338684082031 0
106.09218001365662 1.8947813510894775 0
106.76397633552551 1.587322473526001 0
107.4306046962738 2.0862536430358887 0
108.10710263252258 1.8906346559524536 0
108.79728746414185 1.6326075792312622 0
110.7441258430481 1.9174950122833252 0
111.40530180931091 1.904923677444458 0
112.0863778591156 1.9363842010498047 0
112.76171779632568 2.1648974418640137 0
113.43417096138 1.8022018671035767 0
114.11583971977234 1.8749732971191406 0
114.7852692604065 1.8799817562103271 0
115.44578719139099 1.662580966949463 0
116.12158298492432 1.8164708614349365 0
116.78761649131775 1.7530570030212402 0
117.46208095550537 1.4947395324707031 0
118.13953685760498 1.8739771842956543 0
118.80700206756592 1.6764098405838013 0
119.47427654266357 1.6088943481445312 0
120.15359544754028 1.8289893865585327 0
120.82063889503479 1.7976535558700562 0
121.4752447605133 1.6319160461425781 0
122.14389300346375 1.7012510299682617 0
122.81816053390503 1.6984652280807495 0
123.49969792366028 1.7041687965393066 0
124.18628358840942 1.4592370986938477 0
124.85929727554321 1.5448267459869385 0
125.5220239162445 1.655625343322754 0
126.20095086097717 1.766081690788269 0
126.87937331199646 1.8702895641326904 0
127.53805255889893 1.552005410194397 0
128.20357251167297 1.778891682624817 0
128.86699318885803 1.8665320873260498 0
129.53083515167236 1.9286401271820068 0
130.2073585987091 1.8070003986358643 0
130.87909030914307 1.4481558799743652 0
131.5551176071167 1.612605333328247 0
132.22710013389587 1.6603567600250244 0
132.91147637367249 1.66913902759552 0
133.59459924697876 1.523681402206421 0
134.27161955833435 1.4922308921813965 0
134.93883848190308 1.9605648517608643 0
135.60555362701416 1.5231138467788696 0
136.27748346328735 1.8190295696258545 0
136.95103216171265 1.6251270771026611 0
137.62752079963684 1.6829071044921875 0
138.3093774318695 1.7626032829284668 0
138.9986355304718 1.4719138145446777 0
139.66702485084534 1.7468671798706055 0
140.33554697036743 1.5655944347381592 0
141.00213146209717 1.7730228900909424 0
141.67198514938354 1.5134233236312866 0
142.34278750419617 1.5940847396850586 0
143.0303122997284 1.7688084840774536 0
143.711820602417 1.4194045066833496 0
145.68157768249512 1.8292434215545654 0
146.3530752658844 1.840264916419983 0
147.0210337638855 2.1266798973083496 0
147.6885004043579 2.1686348915100098 0
148.36850428581238 1.6749083995819092 0
149.04398727416992 1.9781451225280762 0
149.71669149398804 2.0693299770355225 0
150.41261315345764 1.8258097171783447 0
151.09286499023438 1.894090175628662 0
151.7716200351715 1.9681442975997925 0
152.44751715660095 2.021169662475586 0
153.11768698692322 1.912297248840332 0
153.77781057357788 1.7713773250579834 0
154.44149088859558 1.8287129402160645 0
155.10338306427002 2.0112969875335693 0
155.77372360229492 1.7174290418624878 0
156.45280170440674 1.7435929775238037 0
157.1348421573639 1.6732456684112549 0
157.8073673248291 1.824763298034668 0
158.48056268692017 1.8792791366577148 0
159.1657679080963 1.5182350873947144 0
159.83897972106934 1.5432595014572144 0
160.52519059181213 1.8062889575958252 0
161.24875283241272 1.6980030536651611 0
161.94479131698608 1.4444549083709717 0
162.6188931465149 1.6977081298828125 0
163.31753849983215 1.8053184747695923 0
163.99192595481873 1.6261115074157715 0
164.66728019714355 1.6409574747085571 0
165.33039808273315 1.5105969905853271 0
166.00061535835266 1.9976131916046143 0
166.6710958480835 1.6935055255889893 0
167.3435661792755 1.5750327110290527 0
168.01828122138977 1.6103298664093018 0
168.69771671295166 1.7505700588226318 0
169.36968111991882 1.5971096754074097 0
170.05139136314392 1.9380218982696533 0
170.7374665737152 1.7409327030181885 0
171.41549110412598 1.5748655796051025 0
172.0831515789032 1.5961296558380127 0
172.75797414779663 1.4362187385559082 0
173.43834590911865 1.4905428886413574 0
174.1229603290558 1.7910606861114502 0
174.80986213684082 1.71258544921875 0
175.4933204650879 1.499988079071045 0
176.1725845336914 1.5994319915771484 0
176.8429834842682 1.286756992340088 0
177.5136947631836 2.0675346851348877 0
178.19183707237244 1.9798829555511475 0
178.8581738471985 1.5067862272262573 0
180.79970502853394 1.593956470489502 0
181.47196006774902 1.7016507387161255 0
182.13996505737305 1.6728267669677734 0
182.815190076828 1.8838961124420166 0
183.4791853427887 2.025176763534546 0
184.15271043777466 2.1452250480651855 0
184.8375928401947 1.5562025308609009 0
185.51638960838318 1.866740107536316 0
186.20223379135132 2.217349052429199 0
186.89024591445923 1.6438015699386597 0
187.56911277770996 1.890336513519287 0
188.2550151348114 1.924377202987671 0
188.93303418159485 1.6726456880569458 0
189.615234375 1.6653251647949219 0
190.298246383667 1.945030689239502 0
190.9654724597931 1.9550080299377441 0
191.63663172721863 1.8048696517944336 0
192.3139045238495 1.751044750213623 0
192.9886441230774 1.5218878984451294 0
193.6604449748993 1.5612236261367798 0
194.32820177078247 1.825275182723999 0
195.005676984787 1.642330527305603 0
195.67461967468262 1.4843666553497314 0
196.35234880447388 1.9484676122665405 0
197.04924488067627 1.1595615148544312 0
197.72850823402405 1.3812732696533203 0
198.42764568328857 1.6384680271148682 0
199.09860372543335 1.4852310419082642 0
199.77867984771729 1.5086116790771484 0
200.44898438453674 1.4338552951812744 0
201.12515950202942 1.8132611513137817 0
201.79727816581726 1.3790302276611328 0
202.4741485118866 2.078369617462158 0
203.15379977226257 1.588165044784546 0
203.83218026161194 1.4553117752075195 0
204.51368165016174 1.234802484512329 0
205.19996619224548 1.491736888885498 0
205.8864722251892 1.6634501218795776 0
206.55669355392456 1.3651107549667358 0
207.22714400291443 1.7129831314086914 0
207.8952031135559 1.4297196865081787 0
208.56309700012207 1.694361686706543 0
209.2459795475006 2.056363105773926 0
209.92044687271118 1.3562817573547363 0
210.61109375953674 1.567033052444458 0
211.2762336730957 1.8249262571334839 0
211.95603275299072 1.3165333271026611 0
212.625385761261 1.713019609451294 0
213.2840437889099 1.6213881969451904 0
213.96057271957397 1.6414252519607544 0
215.91441416740417 1.899620532989502 0
216.59701919555664 1.8724373579025269 0
217.2627296447754 1.4998705387115479 0
217.94261169433594 1.5671306848526 0
218.6196653842926 1.6301074028015137 0
219.28406715393066 1.7023221254348755 0
219.95649194717407 1.6727697849273682 0
220.64403319358826 1.6022883653640747 0
221.31725907325745 1.701908826828003 0
221.98868131637573 1.7564547061920166 0
222.6706051826477 1.89057195186615 0
223.34633874893188 1.915881872177124 0
224.02206254005432 1.7020447254180908 0
224.6983997821808 1.6928507089614868 0
225.36655044555664 1.6912169456481934 0
226.03948378562927 1.9239253997802734 0
226.7095730304718 1.5872129201889038 0
227.38439774513245 1.8451985120773315 0
228.0612816810608 1.7247612476348877 0
228.72821617126465 1.2595460414886475 0
229.40322470664978 1.459716558456421 0
230.08339381217957 1.6339274644851685 0
230.7506926059723 1.3893420696258545 0
231.4211859703064 1.6705929040908813 0
232.10700106620789 1.60480797290802 0
232.7823784351349 1.7557544708251953 0
233.4516315460205 1.773067831993103 0
234.13357973098755 1.632385015487671 0
234.81897401809692 1.667626142501831 0
235.48099303245544 1.5466076135635376 0
236.1635992527008 1.6614269018173218 0
236.8336751461029 1.8605647087097168 0
237.5060691833496 1.59504234790802 0
238.1762568950653 1.8191583156585693 0
238.84528946876526 1.356567621231079 0
239.5102937221527 1.6276711225509644 0
240.1832354068756 1.5937128067016602 0
240.85641360282898 1.7091693878173828 0
241.52778720855713 1.6125402450561523 0
242.20427989959717 1.506240963935852 0
242.86784720420837 1.7029237747192383 0
243.527272939682 1.5616874694824219 0
244.18831324577332 1.4224292039871216 0
244.85729885101318 1.6341958045959473 0
245.54719185829163 1.5180878639221191 0
246.2218689918518 1.4516105651855469 0
246.91187405586243 1.6298667192459106 0
247.59622049331665 1.5793688297271729 0
248.2840404510498 1.641418695449829 0
248.95629787445068 1.7063831090927124 0
250.92612648010254 1.5252621173858643 0
251.58653616905212 1.80471932888031 0
252.25062108039856 1.8979623317718506 0
252.925306558609 1.9367518424987793 0
253.5967869758606 1.8240609169006348 0
254.26570963859558 1.6080307960510254 0
254.94251108169556 1.7420802116394043 0
255.60697531700134 1.7841285467147827 0
256.290958404541 1.5086663961410522 0
256.96980690956116 1.4838762283325195 0
257.6607275009155 1.7324419021606445 0
258.33688974380493 1.5375161170959473 0
259.02218079566956 1.6949622631072998 0
259.69322538375854 1.6348824501037598 0
260.3639008998871 1.6089684963226318 0
261.0440516471863 1.5670344829559326 0
261.7156717777252 1.8729162216186523 0
262.377347946167 1.7381789684295654 0
263.04745531082153 1.6069754362106323 0
263.7148265838623 1.3972063064575195 0
264.38466787338257 1.3487892150878906 0
265.07645201683044 1.5708906650543213 0
265.7520091533661 1.7088059186935425 0
266.44097328186035 1.4498234987258911 0
267.118674993515 1.5684547424316406 0
267.7899661064148 1.5988483428955078 0
268.45619082450867 1.575146198272705 0
269.13900780677795 1.4895461797714233 0
269.82005977630615 1.8307952880859375 0
270.5010449886322 1.3239614963531494 0
271.20460081100464 1.5041663646697998 0
271.8785927295685 1.3870322704315186 0
272.5575475692749 1.6742527484893799 0
273.2396683692932 1.2205226421356201 0
273.9105348587036 2.0530428886413574 0
274.5853588581085 1.4271883964538574 0
275.2578411102295 1.2314467430114746 0
275.9352400302887 2.0326743125915527 0
276.61257576942444 1.8552536964416504 0
277.28786182403564 1.5084311962127686 0
277.9576029777527 2.187290668487549 0
278.62521409988403 1.9824035167694092 0
279.3099226951599 1.7681883573532104 0
279.98684310913086 1.5312738418579102 0
280.65430784225464 1.576852798461914 0
281.3538501262665 1.665810227394104 0
282.0552852153778 1.6946322917938232 0
282.73369908332825 1.5357396602630615 0
283.420773267746 1.6967504024505615 0
284.09858870506287 1.7898480892181396 0
286.0412609577179 1.745391607284546 0
286.7188708782196 1.5444047451019287 0
287.39542603492737 1.3820809125900269 0
288.0772213935852 1.622280240058899 0
288.7482211589813 2.0707435607910156 0
289.42354583740234 1.7419161796569824 0
290.0991678237915 1.556321382522583 0
290.780889749527 1.4248807430267334 0
291.4564745426178 1.86204993724823 0
292.13566160202026 1.6975334882736206 0
292.797931432724 1.6006498336791992 0
293.47800731658936 1.9074023962020874 0
294.14880990982056 1.5188837051391602 0
294.82673382759094 1.9108543395996094 0
295.5156195163727 1.4616279602050781 0
296.2037904262543 1.3521325588226318 0
296.8842043876648 1.8542730808258057 0
297.56521368026733 1.7396934032440186 0
298.24363446235657 1.4211047887802124 0
298.91070199012756 1.8601746559143066 0
299.579705953598 1.613747000694275 0
300.24267053604126 1.7292194366455078 0
