5.107056140899658 2.039494037628174 0
5.787440061569214 2.021538257598877 0
6.461014747619629 2.040651321411133 0
7.13826060295105 1.9697884321212769 0
7.803866624832153 1.925851821899414 0
8.477030992507935 1.8895245790481567 0
9.14531421661377 1.9373221397399902 0
9.815558910369873 1.8819772005081177 0
10.479849815368652 1.9147608280181885 0
11.151070833206177 1.9081275463104248 0.19450934579439252
11.815133810043335 1.81689453125 0.19450934579439252
12.48567509651184 2.091217279434204 0.19450934579439252
13.156495571136475 1.8541444540023804 0.19450934579439252
13.815905809402466 1.9238998889923096 0.19450934579439252
14.476479530334473 1.7253714799880981 0.19450934579439252
15.149614810943604 1.859842300415039 0.19450934579439252
15.811085939407349 1.8637059926986694 0.19450934579439252
16.491931915283203 1.9076170921325684 0.19450934579439252
17.166024446487427 1.7771472930908203 0.19450934579439252
17.83380103111267 1.7031142711639404 0.19450934579439252
18.52444887161255 1.758598804473877 0.19450934579439252
19.20349907875061 1.8171887397766113 0.19450934579439252
19.87059187889099 1.9521417617797852 0.19450934579439252
20.53439211845398 1.8215298652648926 0.19450934579439252
21.19851541519165 1.731826901435852 0.19450934579439252
21.867359399795532 1.9976401329040527 0.19450934579439252
22.51777672767639 1.6934235095977783 0.19450934579439252
23.17963171005249 1.7799012660980225 0.19450934579439252
23.846813440322876 1.7229641675949097 0.19450934579439252
24.50603699684143 1.9537911415100098 0.19450934579439252
25.18232035636902 1.8612027168273926 0.19450934579439252
25.86421012878418 1.8642749786376953 0.19450934579439252
26.53575110435486 1.7125483751296997 0.19450934579439252
27.184725761413574 1.9181956052780151 0.19450934579439252
27.84653377532959 1.5795862674713135 0.19450934579439252
28.50755524635315 1.7887362241744995 0.19450934579439252
29.172412633895874 1.4631907939910889 0.19450934579439252
29.832371473312378 1.704580307006836 0.19450934579439252
30.4859459400177 1.610417366027832 0.19450934579439252
