5.062421798706055 2.086778163909912 0
5.72694730758667 2.0107357501983643 0
6.381429672241211 2.1486268043518066 0
7.040748119354248 2.103034496307373 0
7.712651014328003 2.1050119400024414 0
8.380576372146606 2.188061237335205 0
9.059596538543701 2.3185739517211914 0
9.728698492050171 2.2652649879455566 0
10.385378360748291 1.8740878105163574 0
11.036601305007935 1.6436576843261719 0
11.687760591506958 1.6678893566131592 0
12.344645977020264 1.8634697198867798 0
13.005326509475708 1.9707709550857544 0
13.656395435333252 1.5395524501800537 0
14.330942630767822 2.2956323623657227 0
14.989731311798096 2.8399791717529297 0
15.645467281341553 2.7275686264038086 0
16.2991361618042 2.5652809143066406 0
16.96199369430542 1.744871973991394 0
17.620535850524902 2.754438877105713 0
18.2833149433136 2.3748819828033447 0
18.943751096725464 1.8128883838653564 0
19.602378368377686 1.988879919052124 0
20.261654376983643 1.6406692266464233 0
20.920379161834717 1.2851204872131348 0
21.57876229286194 1.871158480644226 0
22.236719369888306 3.1228203773498535 0
22.896994829177856 3.123020887374878 0
23.55590295791626 1.4136239290237427 0
24.21681809425354 1.8621251583099365 0
24.88524341583252 2.7510924339294434 0
25.55197834968567 1.7681350708007812 0
26.214658498764038 1.7435472011566162 0
26.87226676940918 2.237349510192871 0
27.530273914337158 2.0803136825561523 0
28.18825912475586 2.603752613067627 0
28.849549770355225 2.0099077224731445 0
29.50788140296936 1.9997450113296509 0
30.162322998046875 1.8284064531326294 0
30.824100732803345 2.6027064323425293 0
31.482489824295044 2.859678268432617 0
32.13806486129761 1.5182287693023682 0
32.79409384727478 2.2043778896331787 0
33.45919466018677 1.6134616136550903 0
34.112029790878296 2.1312832832336426 0
34.768798828125 1.4961565732955933 0
35.418177366256714 2.2917842864990234 0
36.07036805152893 2.29718279838562 0
36.73768210411072 2.0920424461364746 0
37.39719486236572 1.7581822872161865 0
39.6605863571167 1.7561569213867188 0
40.32109808921814 1.2887213230133057 0
40.9896445274353 1.0876240730285645 0
41.64823794364929 1.606276035308838 0
42.297173500061035 1.0242574214935303 0
42.9453399181366 1.7619150876998901 0
43.60280966758728 1.4081082344055176 0
44.260329246520996 0.582251787185669 0
44.91960382461548 0.7638236880302429 0
45.57735514640808 4.898877143859863 0
46.23370575904846 2.367567300796509 0
46.89036011695862 5.486886978149414 0
47.54260730743408 5.147108554840088 0
48.19573950767517 5.237367630004883 0
48.86447095870972 1.6363792419433594 0
49.551488399505615 0.7670423984527588 0
50.24863028526306 0.6604122519493103 0
50.91857862472534 3.876952648162842 0
51.57058882713318 1.6892913579940796 0
52.22773504257202 0.5775146484375 0
52.884376525878906 3.5771749019622803 0
53.535155057907104 1.8475863933563232 0
54.18984794616699 2.486192226409912 0
54.835144996643066 2.342067241668701 0
55.482887268066406 3.4741878509521484 0
56.13292098045349 2.581106662750244 0
56.78081488609314 1.1638531684875488 0
57.446006536483765 3.1214747428894043 0
58.101765632629395 2.035792350769043 0
58.75474309921265 1.0979013442993164 0
59.40619254112244 0.9476057291030884 0
60.05478882789612 2.1216211318969727 0
60.715972661972046 2.993603229522705 0
61.37463855743408 2.2142250537872314 0
62.041178464889526 1.8587452173233032 0
62.718390703201294 3.1495680809020996 0
63.37479114532471 2.136627435684204 0
64.02416253089905 2.3390769958496094 0
64.68793082237244 2.9082298278808594 0
65.3481674194336 3.1488044261932373 0
66.00905776023865 2.010560989379883 0
66.67064619064331 2.8576250076293945 0
67.32638239860535 1.8074781894683838 0
67.98798322677612 1.9545762538909912 0
68.64659237861633 1.6236122846603394 0
69.30120182037354 2.3030683994293213 0
69.9551146030426 1.336789846420288 0
70.60215139389038 2.5661420822143555 0
71.2484655380249 0.796416163444519 0
71.90055418014526 3.0051393508911133 0
73.84348678588867 2.8856215476989746 0
74.50855922698975 0.5612037777900696 0
75.16385889053345 1.5592286586761475 0
75.8182954788208 2.310995578765869 0
76.46886873245239 2.8582186698913574 0
77.12213706970215 2.3387486934661865 0
77.77236247062683 3.150498628616333 0
78.4282021522522 2.2563095092773438 0
79.0831823348999 1.7480380535125732 0
79.73733377456665 1.8688429594039917 0
80.38849568367004 1.290527582168579 0
81.0540463924408 1.9126148223876953 0
81.71166181564331 1.7212176322937012 0
82.36220622062683 1.8832204341888428 0
83.01958107948303 2.392303943634033 0
83.6755747795105 1.6032218933105469 0
84.33104634284973 2.940065860748291 0
84.98610329627991 2.6243929862976074 0
85.63671827316284 1.4436440467834473 0
86.29189085960388 1.6258206367492676 0
86.94733476638794 2.495844841003418 0
87.59734225273132 1.9861626625061035 0
88.25313973426819 1.9758448600769043 0
88.9185140132904 6.532641887664795 0
89.57260251045227 2.283991575241089 0
90.22771620750427 2.097059726715088 0
90.88262367248535 1.7009623050689697 0
91.53228664398193 5.212876319885254 0
92.18646383285522 1.8948912620544434 0
92.84334373474121 4.082695007324219 0
93.49250078201294 1.580399990081787 0
94.14481234550476 1.4639179706573486 0
94.79980659484863 1.2891252040863037 0
95.45025777816772 2.919623851776123 0
96.10477995872498 2.8596856594085693 0
96.75648283958435 3.470818519592285 0
97.42486262321472 4.972665786743164 0
98.07662844657898 2.238661289215088 0
98.74243092536926 1.5384498834609985 0
99.40097546577454 1.997572898864746 0
100.0664849281311 1.4368493556976318 0
100.72922372817993 1.642948865890503 0
101.38623833656311 1.950386881828308 0
102.04210591316223 2.1150827407836914 0
102.69365572929382 1.7357795238494873 0
103.34223055839539 1.4003804922103882 0
104.00082993507385 1.3209025859832764 0
104.6568832397461 1.5527197122573853 0
105.31295108795166 2.198986530303955 0
105.9701976776123 3.159177780151367 0
107.86398649215698 1.6427353620529175 0
108.51910614967346 1.7450593709945679 0
109.18017506599426 1.5868816375732422 0
109.83787107467651 4.0864033699035645 0
110.49151539802551 5.376478672027588 0
111.15907526016235 4.731184005737305 0
111.81838750839233 3.9710421562194824 0
112.4779326915741 0.5797379612922668 0
113.1375036239624 0.506166934967041 0
113.78662419319153 1.9126085042953491 0
114.44287371635437 1.137826919555664 0
115.10870790481567 2.962003707885742 0
115.76647853851318 3.9336721897125244 0
116.4158661365509 0.6531554460525513 0
117.06421661376953 1.8245850801467896 0
117.71399903297424 2.0992774963378906 0
118.35675358772278 2.1206183433532715 0
119.00631761550903 3.222721815109253 0
119.6634168624878 1.4621093273162842 0
120.31627583503723 1.2637356519699097 0
120.97779560089111 1.3410451412200928 0
121.64117479324341 2.1076507568359375 0
122.2996883392334 2.5259852409362793 0
122.96599316596985 2.8080692291259766 0
123.61399531364441 1.2279205322265625 0
124.26751947402954 1.2149624824523926 0
124.92664790153503 3.2602524757385254 0
125.586181640625 1.6286072731018066 0
126.24440622329712 1.8633122444152832 0
126.89425230026245 1.636212706565857 0
127.53507995605469 1.519392967224121 0
128.18851161003113 1.1520147323608398 0
128.83929824829102 3.1277823448181152 0
129.4999487400055 2.860013484954834 0
130.1544589996338 1.7385919094085693 0
130.81647539138794 1.798814296722412 0
131.4719488620758 1.380560278892517 0
132.1291844844818 1.576035499572754 0
132.77833008766174 2.6553525924682617 0
133.44177508354187 2.3146955966949463 0
134.10711336135864 1.354637622833252 0
134.77415347099304 2.6044721603393555 0
135.42978382110596 5.47219181060791 0
136.0803291797638 1.7234203815460205 0
136.7259018421173 1.6849733591079712 0
137.3850076198578 1.6735599040985107 0
138.0389313697815 2.2210192680358887 0
138.68448948860168 4.202303409576416 0
139.3346197605133 2.0038094520568848 0
139.98653054237366 1.6229360103607178 0
141.88046765327454 1.4954919815063477 0
142.52475142478943 1.6777130365371704 0
143.18208193778992 3.895564556121826 0
143.83008766174316 2.7185707092285156 0
144.4797260761261 1.3167494535446167 0
145.1466064453125 1.822329044342041 0
145.80383467674255 5.826107501983643 0
146.4655966758728 2.183677911758423 0
147.13314867019653 1.5440301895141602 0
147.78410005569458 2.945626974105835 0
148.44727993011475 1.7122424840927124 0
149.10572719573975 1.6837146282196045 0
149.76052141189575 1.3394767045974731 0
150.40998530387878 1.1477065086364746 0
151.06547093391418 5.71951961517334 0
151.71694993972778 4.860012054443359 0
152.36656713485718 4.117769241333008 0
153.0307490825653 4.672572135925293 0
153.684636592865 1.7309988737106323 0
154.33324027061462 1.6343576908111572 0
154.98846054077148 2.491973638534546 0
155.6445837020874 2.094296455383301 0
156.29738807678223 1.0443942546844482 0
156.94599223136902 1.8568464517593384 0
157.60375547409058 5.003045082092285 0
158.26437830924988 4.446043491363525 0
158.92420315742493 2.280531883239746 0
159.58387732505798 1.4700859785079956 0
160.2406234741211 4.305956840515137 0
160.89948153495789 3.4350547790527344 0
161.5694065093994 3.8148117065429688 0
162.22517728805542 3.0694546699523926 0
162.8795976638794 1.698751449584961 0
163.5339846611023 2.7476694583892822 0
164.19038581848145 2.5806899070739746 0
164.84657955169678 2.409717082977295 0
165.49909567832947 2.4767937660217285 0
166.15758514404297 2.122330665588379 0
166.8095371723175 1.931047797203064 0
167.46850085258484 2.630995273590088 0
168.12442302703857 2.046156883239746 0
168.77908158302307 2.334825277328491 0
169.447847366333 1.5598671436309814 0
170.11416745185852 2.652341842651367 0
170.78388047218323 1.696413516998291 0
171.45104312896729 2.725748062133789 0
172.1043725013733 2.5733087062835693 0
172.76409220695496 3.078442335128784 0
173.41987371444702 2.073648691177368 0
174.07947540283203 1.2666006088256836 0
175.98239493370056 1.2705163955688477 0
176.63404941558838 1.3528945446014404 0
177.3047001361847 1.6232919692993164 0
177.9632749557495 3.6468019485473633 0
178.61223912239075 3.8139376640319824 0
179.26163482666016 3.8521790504455566 0
179.90663957595825 3.4146599769592285 0
180.55206942558289 2.513664722442627 0
181.2067403793335 1.7620832920074463 0
181.8623344898224 3.5128841400146484 0
182.51917576789856 1.6648926734924316 0
183.1796259880066 2.1782140731811523 0
183.83422923088074 3.9123499393463135 0
184.48593044281006 1.483729362487793 0
185.15037441253662 2.1964001655578613 0
185.79763865470886 2.6319024562835693 0
186.4478394985199 4.095719337463379 0
187.10443019866943 1.6673429012298584 0
187.75255131721497 1.3352652788162231 0
188.40485501289368 2.412775754928589 0
189.05738162994385 2.3275232315063477 0
189.71413898468018 2.9530086517333984 0
190.36899065971375 1.0313918590545654 0
191.02341866493225 2.5757529735565186 0
191.680269241333 1.799928069114685 0
192.33635902404785 1.2483251094818115 0
192.9937071800232 0.93670654296875 0
193.66936373710632 2.8628973960876465 0
194.33970379829407 1.8188248872756958 0
195.0088243484497 1.2430641651153564 0
195.66074085235596 2.488563060760498 0
196.30833983421326 2.7042884826660156 0
196.96275758743286 2.561481475830078 0
197.6139941215515 2.3027124404907227 0
198.2626314163208 1.9578430652618408 0
198.90990352630615 1.9680070877075195 0
199.55803418159485 2.102505683898926 0
200.21540665626526 1.5780377388000488 0
200.86862111091614 1.4470384120941162 0
201.5342948436737 2.1274163722991943 0
202.18805813789368 1.6604647636413574 0
202.84761381149292 1.7722399234771729 0
203.49522519111633 3.130887031555176 0
204.14721584320068 1.4449149370193481 0
204.79472661018372 2.2135119438171387 0
205.4515097141266 1.301355242729187 0
206.1093728542328 2.9209108352661133 0
206.76400804519653 1.730544924736023 0
207.4291455745697 1.1470146179199219 0
208.09111881256104 2.213014602661133 0
210.00800275802612 4.925824165344238 0
210.66135621070862 1.5722758769989014 0
211.32130765914917 1.974700927734375 0
211.98074793815613 3.3473448753356934 0
212.64151239395142 3.54500150680542 0
213.296875 0.6939690113067627 0
213.95852327346802 0.6505866050720215 0
214.61788749694824 0.5751369595527649 0
215.28778719902039 2.0241105556488037 0
215.9528443813324 1.6143776178359985 0
216.6152322292328 1.029646635055542 0
217.29352235794067 3.739457845687866 0
217.9572455883026 5.43464469909668 0
218.62816166877747 4.584129333496094 0
219.31166172027588 2.1323165893554688 0
219.96891617774963 1.4908952713012695 0
220.62224221229553 0.7871463298797607 0
221.2730278968811 2.0539865493774414 0
221.9241075515747 2.7095751762390137 0
222.57461953163147 2.072392463684082 0
223.23059177398682 1.5888803005218506 0
223.88340997695923 2.96797513961792 0
224.53454542160034 2.1948437690734863 0
225.1998701095581 1.5528972148895264 0
225.8551242351532 1.5280351638793945 0
226.50828886032104 1.9482648372650146 0
227.1613745689392 3.355299949645996 0
227.8123745918274 2.930696487426758 0
228.4712851047516 2.4931838512420654 0
229.1253433227539 3.2801308631896973 0
229.787034034729 1.7804231643676758 0
230.45000052452087 2.2714011669158936 0
231.1055989265442 1.2436068058013916 0
231.77813148498535 2.4847683906555176 0
232.4330952167511 2.2819156646728516 0
233.10472440719604 3.0984926223754883 0
233.76558303833008 6.94614839553833 0
234.42111539840698 2.947834014892578 0
235.07742953300476 1.5434176921844482 0
235.73302912712097 1.5029070377349854 0
236.38928389549255 3.18487548828125 0
237.0417013168335 2.6697521209716797 0
237.6981132030487 2.3761770725250244 0
238.35648107528687 1.9459846019744873 0
239.0124373435974 1.2638883590698242 0
239.66526556015015 1.1381418704986572 0
240.31907844543457 2.2832157611846924 0
240.97807097434998 1.6936115026474 0
241.65011501312256 3.154533863067627 0
242.3096489906311 1.366615891456604 0
244.2240710258484 2.5274384021759033 0
244.90226912498474 2.1587233543395996 0
245.55842757225037 3.151367664337158 0
246.2081217765808 2.830432176589966 0
246.85010862350464 1.79975163936615 0
247.5025599002838 2.3190414905548096 0
248.16786074638367 3.150704860687256 0
248.83452439308167 2.3415446281433105 0
249.5054247379303 3.9367876052856445 0
250.16062474250793 2.8462605476379395 0
250.80715703964233 4.348740100860596 0
251.45571660995483 3.2993478775024414 0
252.10333228111267 1.3377571105957031 0
252.75003957748413 2.808783531188965 0
253.39538073539734 0.8787311315536499 0
254.06158709526062 1.6055681705474854 0
254.71861505508423 1.7378699779510498 0
255.3778042793274 2.145235538482666 0
256.0461869239807 1.447880744934082 0
256.7112970352173 2.380980968475342 0
257.3929328918457 1.7221614122390747 0
258.05488991737366 1.4856921434402466 0
258.7137026786804 1.9628159999847412 0
259.3746030330658 2.2603745460510254 0
260.0362591743469 1.7037757635116577 0
260.690678358078 1.5480461120605469 0
261.34664726257324 2.238206386566162 0
261.9992344379425 2.0078468322753906 0
262.6568696498871 2.201490879058838 0
263.3143689632416 2.8888959884643555 0
263.97255873680115 2.896696090698242 0
264.63808822631836 1.855710506439209 0
265.30312633514404 1.6521170139312744 0
265.97791481018066 1.3282692432403564 0
266.65136194229126 1.3095905780792236 0
267.3083908557892 2.4251365661621094 0
267.97643995285034 1.7542848587036133 0
268.63384461402893 1.9446055889129639 0
269.29037261009216 6.783253192901611 0
269.94703340530396 3.5375568866729736 0
270.60109400749207 3.0494306087493896 0
271.25713872909546 2.5312280654907227 0
271.91360306739807 3.187690258026123 0
272.56413674354553 5.783005714416504 0
273.2268853187561 1.2181950807571411 0
273.88138341903687 1.2924987077713013 0
274.5384838581085 1.8521323204040527 0
275.2017252445221 2.234182834625244 0
275.86810517311096 2.761786460876465 0
276.5333287715912 1.6111681461334229 0
278.43633937835693 2.8195743560791016 0
279.09617018699646 2.2719106674194336 0
279.7659080028534 2.0575811862945557 0
280.4359827041626 2.1473488807678223 0
281.1033320426941 1.2503719329833984 0
281.76471996307373 2.3732290267944336 0
282.4196398258209 0.6988768577575684 0
283.08541202545166 0.9193440675735474 0
283.74416184425354 2.3777389526367188 0
284.4042127132416 4.660116672515869 0
285.0643358230591 4.752628326416016 0
285.713495016098 4.263344764709473 0
286.3718388080597 2.334486484527588 0
287.0312702655792 3.0761494636535645 0
287.69042587280273 3.410407543182373 0
288.3507778644562 6.939481735229492 0
289.0145149230957 1.082940936088562 0
289.6741006374359 2.057748317718506 0
290.33491802215576 2.66802978515625 0
290.9986855983734 1.7990416288375854 0
291.65240716934204 1.0103063583374023 0
292.3089904785156 4.4638590812683105 0
292.96004486083984 4.6203813552856445 0
293.6120858192444 1.4448127746582031 0
294.2673752307892 5.184488296508789 0
294.92816710472107 2.825453758239746 0
295.5831859111786 2.278759479522705 0
296.2399184703827 1.2716741561889648 0
296.8994038105011 1.0936567783355713 0
297.56581258773804 1.5621039867401123 0
298.224689245224 2.729992151260376 0
298.8791937828064 2.353841781616211 0
299.5336401462555 1.9259397983551025 0
300.1799855232239 3.3113155364990234 0
