5.138915300369263 2.074641227722168 0
5.825666904449463 2.0183043479919434 0
6.495096206665039 2.016880512237549 0
7.174209117889404 1.9047935009002686 0
7.845598936080933 2.0024852752685547 0
8.512694597244263 2.071502685546875 0
9.17783498764038 1.9526069164276123 0
9.848446130752563 1.8344480991363525 0
10.51711130142212 1.9195504188537598 0
11.184328556060791 1.820127010345459 0
11.868091583251953 1.8502894639968872 0
12.534521579742432 1.7674493789672852 0
13.227235555648804 1.7698767185211182 0
13.89433765411377 1.9332101345062256 0
14.559494256973267 1.8075175285339355 0
15.227689504623413 1.7428913116455078 0
15.89536452293396 1.9464260339736938 0
16.55224108695984 1.7958049774169922 0
17.20423936843872 1.8684468269348145 0
17.859606504440308 1.8126561641693115 0
18.51522135734558 1.6614937782287598 0
19.173497438430786 1.661728024482727 0
19.835442543029785 1.6111880540847778 0
20.48781728744507 1.6405911445617676 0
21.147856950759888 1.8268678188323975 0
21.807215452194214 2.0642380714416504 0
22.462055444717407 1.7727073431015015 0
23.11697769165039 2.085901975631714 0
23.781087160110474 1.8686788082122803 0
24.439527988433838 1.883057951927185 0
25.102335929870605 1.7088351249694824 0
25.766716480255127 2.2315168380737305 0
26.42147207260132 1.9261120557785034 0
27.0910587310791 1.6356092691421509 0
27.748231887817383 1.7893315553665161 0
28.415401697158813 1.6116037368774414 0
29.065568208694458 1.7879536151885986 0
29.714799642562866 1.9274588823318481 0
30.362061738967896 1.8810009956359863 0
31.035112142562866 1.5416169166564941 0
31.704947471618652 1.8717596530914307 0
32.368788957595825 1.5606534481048584 0
33.03273248672485 1.694169044494629 0
33.698259592056274 1.7916202545166016 0
34.36492037773132 1.6702804565429688 0
35.04432678222656 1.4498815536499023 0
35.7251079082489 1.7015864849090576 0
36.40015244483948 1.8125441074371338 0
37.085702657699585 1.907954454421997 0
37.793705463409424 1.7514033317565918 0
40.146586179733276 1.9236476421356201 0
40.82125520706177 1.7671096324920654 0
41.50060772895813 1.810890793800354 0
42.166428327560425 1.9801101684570312 0
42.83162999153137 2.018949031829834 0
43.49927520751953 2.339754343032837 0
44.16542983055115 2.134504795074463 0
44.83114314079285 2.0730459690093994 0
45.49284863471985 1.840977668762207 0
46.15430212020874 2.047543525695801 0
46.82871651649475 1.8370035886764526 0
47.50131797790527 2.0142412185668945 0
48.19803977012634 1.860953450202942 0
48.89780306816101 1.9168862104415894 0
49.5843620300293 1.7692039012908936 0
50.26321315765381 2.034543991088867 0
50.948689222335815 2.0241923332214355 0
51.627222537994385 1.946874976158142 0
52.30073571205139 1.730123519897461 0
52.9637553691864 1.8127135038375854 0
53.621583700180054 1.9315969944000244 0
54.28956198692322 1.9171607494354248 0
54.97026467323303 2.084630250930786 0
55.63447880744934 2.029574155807495 0
56.28905439376831 1.897756814956665 0
56.95906615257263 1.7211228609085083 0
57.61528778076172 1.6240246295928955 0
58.29109334945679 1.5662001371383667 0
58.96191596984863 1.8044874668121338 0
59.63486909866333 1.668346881866455 0
60.312676668167114 1.999592900276184 0
60.99497890472412 1.9531785249710083 0
61.68156409263611 1.683660626411438 0
62.35956692695618 1.8009837865829468 0
63.02976870536804 1.636683464050293 0
63.698768854141235 1.6510562896728516 0
64.35937118530273 1.763647198677063 0
65.0211353302002 1.7905051708221436 0
65.68054795265198 1.5316269397735596 0
66.36265254020691 1.582590103149414 0
67.04701566696167 1.7573168277740479 0
67.71300482749939 1.4989715814590454 0
68.38037276268005 1.6725913286209106 0
69.03957653045654 1.9704203605651855 0
69.70107245445251 1.7384214401245117 0
70.3546040058136 1.5599137544631958 0
71.01687693595886 1.6761564016342163 0
71.69488167762756 1.8041772842407227 0
72.35656809806824 1.584804654121399 0
73.0336344242096 1.7929604053497314 0
75.02226161956787 2.0433521270751953 0
75.68856000900269 2.119380235671997 0
76.3530445098877 1.6809544563293457 0
77.01710486412048 1.9522050619125366 0
77.68013215065002 1.8436897993087769 0
78.34508419036865 2.0630664825439453 0
79.01965141296387 1.6866285800933838 0
79.68511128425598 1.9177581071853638 0
80.34682440757751 1.8251779079437256 0
81.00880312919617 1.9143810272216797 0
81.6764919757843 1.5503804683685303 0
82.34068131446838 1.6565563678741455 0
83.01224994659424 1.9075428247451782 0
83.68394589424133 1.9186923503875732 0
84.35920262336731 1.8234210014343262 0
85.03611159324646 1.6688477993011475 0
85.7215518951416 1.770208716392517 0
86.3917875289917 1.931549072265625 0
87.05969405174255 1.6256494522094727 0
87.72723984718323 1.6657476425170898 0
88.38561749458313 1.574955701828003 0
89.04628705978394 1.915583610534668 0
89.71602296829224 1.5494264364242554 0
90.388103723526 1.8677841424942017 0
91.0502564907074 1.503371000289917 0
91.70796632766724 1.839658260345459 0
92.36451053619385 1.8436474800109863 0
93.03403067588806 1.8834072351455688 0
93.70238828659058 1.6502708196640015 0
94.3699882030487 1.8939141035079956 0
95.03086733818054 1.9927502870559692 0
95.69920992851257 1.9553626775741577 0
96.368887424469 1.8559808731079102 0
97.06018543243408 2.006220817565918 0
97.76113533973694 1.5889489650726318 0
98.4430582523346 1.7219159603118896 0
99.10231685638428 1.492140769958496 0
99.76485180854797 1.7959935665130615 0
100.41895842552185 1.622067928314209 0
101.08017921447754 1.528304100036621 0
101.73846578598022 1.624903917312622 0
102.40014147758484 1.7201533317565918 0
103.06941795349121 1.6857253313064575 0
103.74433135986328 1.441848874092102 0
104.41114401817322 1.5268518924713135 0
105.07923674583435 1.6813745498657227 0
105.75093293190002 1.3258765935897827 0
106.41858792304993 1.8665173053741455 0
107.0812554359436 1.4125609397888184 0
107.74524116516113 1.496608018875122 0
109.71750068664551 1.9764710664749146 0
110.3919107913971 1.9039591550827026 0
111.05218148231506 2.1022331714630127 0
111.71570825576782 1.7025103569030762 0
112.37566900253296 1.69261634349823 0
113.03610134124756 1.6792770624160767 0
113.70703864097595 1.870543122291565 0
114.36937475204468 1.7074167728424072 0
115.03040552139282 1.3805229663848877 0
115.69976472854614 1.6772559881210327 0
116.3622899055481 1.9371854066848755 0
117.02641034126282 2.1611597537994385 0
117.68550205230713 1.810652256011963 0
118.34180903434753 1.759782075881958 0
118.99627184867859 1.6652687788009644 0
119.66957664489746 1.39987313747406 0
120.3437659740448 1.506069540977478 0
121.00926113128662 1.4950038194656372 0
121.66706943511963 1.7540762424468994 0
122.33468246459961 1.390613317489624 0
122.99062490463257 1.7221671342849731 0
123.64248633384705 1.7537081241607666 0
124.2938187122345 1.7058806419372559 0
124.95887875556946 1.4445124864578247 0
125.60351204872131 1.4847397804260254 0
126.25154042243958 1.7242686748504639 0
126.91389107704163 1.901133418083191 0
127.576486825943 1.5895664691925049 0
128.23544454574585 1.844285249710083 0
128.90229415893555 1.600881814956665 0
129.57522988319397 2.1360936164855957 0
130.2325417995453 1.6692655086517334 0
130.91120839118958 1.666210412979126 0
131.55843782424927 1.4859789609909058 0
132.2127320766449 1.9437124729156494 0
132.89710640907288 2.024832248687744 0
133.56539916992188 1.6015450954437256 0
134.24605989456177 1.5013515949249268 0
134.9116632938385 1.675101399421692 0
135.5929250717163 1.7203125953674316 0
136.26395773887634 1.4978889226913452 0
136.9443006515503 1.6672449111938477 0
137.60661840438843 2.013382911682129 0
138.2762303352356 1.5122694969177246 0
138.93718910217285 1.5988012552261353 0
139.6018078327179 1.6233813762664795 0
140.25894165039062 1.8369629383087158 0
140.919926404953 1.4783748388290405 0
141.57754015922546 1.4927177429199219 0
142.23720812797546 1.471199870109558 0
144.1918478012085 2.0154781341552734 0
144.87563061714172 1.9171537160873413 0
145.5541868209839 1.7891215085983276 0
146.23002290725708 1.9214184284210205 0
146.9006862640381 2.1034398078918457 0
147.5685043334961 2.0785679817199707 0
148.22636914253235 1.7402540445327759 0
148.8839750289917 1.565542459487915 0
149.5516836643219 1.973050594329834 0
150.2130630016327 1.8462719917297363 0
150.8883204460144 2.051199436187744 0
151.55678367614746 1.8201297521591187 0
152.2162730693817 1.8136568069458008 0
152.88202810287476 1.7518881559371948 0
153.55598878860474 1.472303032875061 0
154.20319509506226 1.7252392768859863 0
154.87954688072205 1.828343152999878 0
155.53936290740967 1.7588109970092773 0
156.1976399421692 1.7626006603240967 0
156.87775325775146 2.054051160812378 0
157.5594620704651 1.3502225875854492 0
158.2342836856842 1.6574820280075073 0
158.89080047607422 1.800229787826538 0
159.5427544116974 1.7971388101577759 0
160.19775652885437 1.7527272701263428 0
160.8531494140625 1.814647912979126 0
161.52130007743835 1.6438937187194824 0
162.18030524253845 1.8149205446243286 0
162.8448224067688 1.693939208984375 0
163.5071177482605 1.863224983215332 0
164.16878485679626 1.7358992099761963 0
164.83798027038574 1.5175904035568237 0
165.49343514442444 1.9919419288635254 0
166.140869140625 1.4868035316467285 0
166.79886865615845 2.050001621246338 0
167.4642071723938 1.5665189027786255 0
168.13696360588074 1.938576102256775 0
168.80677795410156 1.8031127452850342 0
169.48104786872864 2.118090867996216 0
170.14874124526978 1.8132801055908203 0
170.81514692306519 1.7959740161895752 0
171.48070669174194 1.2382075786590576 0
172.14260005950928 1.7918739318847656 0
172.8064706325531 1.699979305267334 0
173.45871138572693 1.6180232763290405 0
174.11566042900085 1.6195297241210938 0
174.78153562545776 1.647226333618164 0
175.43794560432434 1.5588129758834839 0
176.0938801765442 1.6890507936477661 0
176.74462366104126 1.651422381401062 0
178.67029786109924 1.6949622631072998 0
179.33607506752014 1.8843950033187866 0
180.0029101371765 1.8475757837295532 0
180.68165016174316 1.6222505569458008 0
181.36226201057434 1.7518348693847656 0
182.04815125465393 1.787010908126831 0
182.7284345626831 2.133995771408081 0
183.38532733917236 1.9706238508224487 0
184.05989241600037 1.523155927658081 0
184.73706221580505 1.478556513786316 0
185.39978885650635 1.9096431732177734 0
186.0626835823059 1.6306849718093872 0
186.73337054252625 1.5701966285705566 0
187.41237235069275 1.7660162448883057 0
188.08539199829102 1.7242763042449951 0
188.7498185634613 2.0485572814941406 0
189.40856385231018 1.4817097187042236 0
190.0742781162262 2.0497117042541504 0
190.73362374305725 1.5568348169326782 0
191.3839728832245 1.6295281648635864 0
192.05074000358582 1.510417103767395 0
192.71608471870422 1.7197718620300293 0
193.39563536643982 1.797566533088684 0
194.06476831436157 1.5047518014907837 0
194.75590014457703 1.862912893295288 0
195.43441772460938 1.3572916984558105 0
196.09509253501892 1.7518664598464966 0
196.75831198692322 1.5906325578689575 0
197.41361784934998 1.4355826377868652 0
198.0701322555542 1.72757887840271 0
198.7366645336151 1.6057231426239014 0
199.39072942733765 1.601623773574829 0
200.04828262329102 1.4782354831695557 0
200.7049789428711 1.7557265758514404 0
201.36015152931213 1.6449426412582397 0
202.02205538749695 1.8239905834197998 0
202.67919421195984 1.756360411643982 0
203.34290504455566 1.4664654731750488 0
204.01236176490784 1.598318099975586 0
204.6716935634613 1.7124338150024414 0
205.33941268920898 1.520294189453125 0
206.01390266418457 1.7805390357971191 0
206.69308042526245 1.8783857822418213 0
207.36227083206177 1.7918270826339722 0
208.0326645374298 1.5164796113967896 0
208.6973295211792 1.7058844566345215 0
209.35102200508118 1.5291268825531006 0
210.01730608940125 1.6625784635543823 0
210.67490458488464 1.4778550863265991 0
211.33131861686707 1.5782222747802734 0
213.26997590065002 1.6320090293884277 0
213.93908739089966 2.20979642868042 0
214.600172996521 1.6997218132019043 0
215.25433158874512 1.6230254173278809 0
215.9207193851471 1.818717360496521 0
216.58685564994812 1.7069035768508911 0
217.26746559143066 1.929695725440979 0
217.946453332901 1.729576587677002 0
218.62081170082092 1.7989234924316406 0
219.28360271453857 1.6044199466705322 0
219.9477460384369 1.3738347291946411 0
220.62461590766907 1.5017576217651367 0
221.2782142162323 1.5370123386383057 0
221.93618369102478 1.5403151512145996 0
222.59926795959473 1.74507737159729 0
223.2680778503418 1.8287534713745117 0
223.9353551864624 1.401512622833252 0
224.5972056388855 1.4315009117126465 0
225.25798678398132 1.5704177618026733 0
225.9193890094757 1.5762813091278076 0
226.5770926475525 1.8076553344726562 0
227.24599409103394 1.5693594217300415 0
227.91390252113342 1.675405502319336 0
228.58205246925354 1.2505645751953125 0
229.25785970687866 1.7831182479858398 0
229.9375865459442 1.9633119106292725 0
230.6114044189453 1.8922284841537476 0
231.29669880867004 1.485278606414795 0
231.97917127609253 1.7938408851623535 0
232.64124488830566 1.8686738014221191 0
233.30350589752197 1.2342140674591064 0
233.96499848365784 1.4684860706329346 0
234.63327431678772 1.6844947338104248 0
235.29908990859985 1.921958327293396 0
235.9602813720703 1.453999638557434 0
236.6150243282318 1.5847070217132568 0
237.27458548545837 1.578851342201233 0
237.9386429786682 1.3843605518341064 0
238.60063576698303 1.8095653057098389 0
239.2635316848755 1.509138822555542 0
239.92564702033997 1.632763385772705 0
240.59399700164795 1.416110873222351 0
241.2693326473236 1.6516475677490234 0
241.94360518455505 1.6192739009857178 0
242.6124129295349 1.715653419494629 0
243.2932689189911 1.8091381788253784 0
243.95456767082214 1.5077686309814453 0
244.6088740825653 1.7638640403747559 0
245.2624068260193 1.6964645385742188 0
245.93506526947021 1.9239708185195923 0
247.87188243865967 1.7556698322296143 0
248.52761244773865 1.6952210664749146 0
249.1906979084015 2.138943672180176 0
249.85580325126648 1.515464425086975 0
250.51652693748474 1.891224980354309 0
251.17935991287231 1.8916277885437012 0
251.83514404296875 1.9069478511810303 0
252.49293875694275 1.3602938652038574 0
253.14728832244873 1.459737777709961 0
253.82733273506165 1.6505815982818604 0
254.48115801811218 1.7514879703521729 0
255.1655032634735 1.7121179103851318 0
255.83566188812256 1.6956160068511963 0
256.5094861984253 1.6887712478637695 0
257.1735062599182 1.458082675933838 0
257.8506519794464 1.418548583984375 0
258.516863822937 1.494980812072754 0
259.1764380931854 1.8722740411758423 0
259.8321907520294 1.465482234954834 0
260.4856381416321 1.7390329837799072 0
261.1445746421814 1.4319331645965576 0
261.81898522377014 1.9163384437561035 0
262.4731116294861 1.7698941230773926 0
263.1302237510681 2.1610965728759766 0
263.80098724365234 1.4035066366195679 0
264.4603750705719 1.372654914855957 0
265.13189458847046 1.5949933528900146 0
265.81583976745605 1.3615292310714722 0
266.4819872379303 1.7808046340942383 0
267.15948152542114 1.5675048828125 0
267.824063539505 1.4483323097229004 0
268.495653629303 1.4705820083618164 0
269.15881156921387 1.8566533327102661 0
269.8233184814453 1.9025685787200928 0
270.47917914390564 1.5220701694488525 0
271.13695549964905 1.6547160148620605 0
271.7975928783417 1.686329960823059 0
272.456405878067 1.7849886417388916 0
273.1191236972809 1.644791603088379 0
273.78840017318726 1.5648629665374756 0
274.44716024398804 1.4930275678634644 0
275.117219209671 1.9435384273529053 0
275.78343892097473 1.6633082628250122 0
276.4504189491272 1.4889745712280273 0
277.10943603515625 1.3161730766296387 0
277.78440523147583 1.4735084772109985 0
278.4791076183319 1.8289847373962402 0
279.1803662776947 1.7830157279968262 0
279.8582663536072 1.6159653663635254 0
280.5301043987274 1.8203237056732178 0
282.4792728424072 1.578852891921997 0
283.1437933444977 1.461280107498169 0
283.81342220306396 1.69852614402771 0
284.4854097366333 1.3985555171966553 0
285.15327286720276 1.7993285655975342 0
285.8168890476227 1.4912745952606201 0
286.48954582214355 1.7522649765014648 0
287.1536955833435 1.3784687519073486 0
287.8161418437958 1.8827018737792969 0
288.4761207103729 1.7311877012252808 0
289.12769079208374 1.891469955444336 0
289.8049793243408 1.5281882286071777 0
290.4840621948242 1.5856904983520508 0
291.1550717353821 1.535149335861206 0
291.8340075016022 1.6315877437591553 0
292.49225878715515 1.655271291732788 0
293.1574397087097 1.6386075019836426 0
293.8301947116852 1.5526379346847534 0
294.49312806129456 1.6249889135360718 0
295.1978054046631 1.9029953479766846 0
295.92768955230713 1.566406488418579 0
296.6016960144043 1.7557661533355713 0
297.2739531993866 1.268770456314087 0
297.9420397281647 1.6158201694488525 0
298.5951454639435 1.5721077919006348 0
299.259259223938 1.5809314250946045 0
299.9166224002838 1.3373336791992188 0
300.57639956474304 1.797712802886963 0
