150.0219132900238 0.33762057877813506 1.7773253625752974 1.7773253625752974
300.2813985347748 0.33762057877813506 1.679992147601477 1.679992147601477
450.2810113430023 0.644840689856767 1.60202188219004 1.60202188219004
600.2144863605499 0.644840689856767 1.5263480511792187 1.5263480511792187
750.2406396865845 0.6995030692779889 1.3884500195679155 1.3884500195679155
900.6219353675842 0.6995030692779889 1.3448248430726608 1.3448248430726608
1050.0592408180237 0.6995030692779889 1.309556470912637 1.309556470912637
1200.6488506793976 0.6995030692779889 1.225907248373215 1.225907248373215
1350.2164962291718 0.6995030692779889 1.1862513697841792 1.1862513697841792
1500.6752622127533 0.6995030692779889 1.149297385261609 1.149297385261609
1650.3675065040588 0.7529961999415375 1.1312660969397872 1.1312660969397872
1800.1573038101196 0.7529961999415375 1.1116433705108753 1.1116433705108753
1950.537707567215 0.7988892136802105 1.087053768588725 1.087053768588725
2100.211590051651 0.7988892136802105 1.0790136369686683 1.0790136369686683
2250.1230425834656 0.7988892136802105 1.037344541943189 1.037344541943189
2400.612001657486 0.7988892136802105 1.037344541943189 1.0418369761369761
2550.3335320949554 0.7988892136802105 1.000191738208135 1.000191738208135
2700.6060094833374 0.889505992399883 1.000191738208135 1.0067534481606832
2850.0509226322174 0.889505992399883 0.9820997367784815 0.9820997367784815
3000.4375405311584 0.889505992399883 0.9441425441538246 0.9441425441538246
3150.6545605659485 0.889505992399883 0.9441425441538246 0.9613619061928351
3300.2894229888916 0.889505992399883 0.9441425441538246 0.9518144551700759
3450.171628475189 0.889505992399883 0.9441425441538246 0.9808927323054342
3600.00120306015 0.889505992399883 0.8925982857622752 0.8925982857622752
3750.0651338100433 0.912890967553347 0.8593793037720925 0.8593793037720925
3900.449503183365 0.9163987138263665 0.8593793037720925 0.8812717457036465
4050.312373161316 0.9163987138263665 0.8593793037720925 0.8675981590137389
4200.164754390717 0.9163987138263665 0.8412143559131807 0.8412143559131807
4350.47084069252 0.9163987138263665 0.8396273322689992 0.8396273322689992
4500.481551170349 0.9163987138263665 0.8361138261637642 0.8361138261637642
4650.57345366478 0.9394913767904122 0.8361138261637642 0.8394587093475953
4800.410792350769 0.9394913767904122 0.8245323041590249 0.8245323041590249
4950.1680274009705 0.9394913767904122 0.8236786366962805 0.8236786366962805
5100.415310621262 0.9409529377375037 0.8120615953959308 0.8120615953959308
5250.158736467361 0.9409529377375037 0.8120615953959308 0.8381640274350236
5400.229872465134 0.9409529377375037 0.8120615953959308 0.8147416907606773
5550.278775215149 0.9409529377375037 0.8120615953959308 0.8553165501182519
5700.640069246292 0.9409529377375037 0.7788836314910795 0.7788836314910795
5850.343180894852 0.9409529377375037 0.7788836314910795 0.7838150960643117
6000.022246599197 0.949137679041216 0.7622684817207922 0.7622684817207922
6150.554190158844 0.949137679041216 0.7622684817207922 0.7653301037735676
6300.51722574234 0.949137679041216 0.7622684817207922 0.784075922305041
6450.743056535721 0.949137679041216 0.7378706636995372 0.7378706636995372
6600.391207933426 0.949137679041216 0.7378706636995372 0.7628382301390774
6750.310152769089 0.949137679041216 0.7378706636995372 0.7431930267449581
6900.695529222488 0.949137679041216 0.7378706636995372 0.746849784384603
7050.540552139282 0.949137679041216 0.7291998482331997 0.7291998482331997
7200.653903245926 0.949137679041216 0.7275186083167071 0.7275186083167071
