150.4418339729309 0.4104063139432914 1.759995662804806 1.759995662804806
300.0672905445099 0.4104063139432914 1.6848923525786752 1.6848923525786752
450.0874149799347 0.4104063139432914 1.5498982541572113 1.5498982541572113
600.5260851383209 0.4405144694533762 1.4349949094984267 1.4349949094984267
750.5472383499146 0.4405144694533762 1.309732014124614 1.309732014124614
900.5578188896179 0.7360420929552762 1.2625917304886711 1.2625917304886711
1050.5328722000122 0.7360420929552762 1.2094194857279459 1.2094194857279459
1200.3204617500305 0.7360420929552762 1.1483311025442275 1.1483311025442275
1350.3533432483673 0.7360420929552762 1.1206059926854712 1.1206059926854712
1500.356175661087 0.7360420929552762 1.0930931700300848 1.0930931700300848
1650.1451840400696 0.7638117509500146 1.0930931700300848 1.1012920742541288
1800.4006295204163 0.7638117509500146 1.0694857717087838 1.0694857717087838
1950.1952300071716 0.7638117509500146 1.0373211594930305 1.0373211594930305
2100.115368127823 0.7638117509500146 1.009694631666864 1.009694631666864
2250.3278040885925 0.7638117509500146 1.009694631666864 1.0204011868489415
2400.255315065384 0.7638117509500146 0.9679662401455614 0.9679662401455614
2550.0961225032806 0.8529669687225957 0.9679662401455614 0.9900523689349843
2700.3852751255035 0.8529669687225957 0.9499371684434121 0.9499371684434121
2850.5747089385986 0.8529669687225957 0.9302272227193628 0.9302272227193628
3000.3088960647583 0.8529669687225957 0.9302272227193628 0.9351112912367056
3150.4705188274384 0.8529669687225957 0.9302272227193628 0.9509839220431888
3300.6598675251007 0.8529669687225957 0.9302272227193628 0.9390811539284317
3450.5421154499054 0.8985676702718504 0.8698156919714581 0.8698156919714581
3600.004987001419 0.8985676702718504 0.8647587898066226 0.8647587898066226
3750.207534313202 0.9032446653025431 0.84961536220674 0.84961536220674
3900.405891895294 0.9032446653025431 0.8416393573305249 0.8416393573305249
4050.1761882305145 0.9275065770242619 0.8154893446285113 0.8154893446285113
4200.4868013858795 0.9275065770242619 0.8154893446285113 0.84584733412454
4350.020951747894 0.9351066939491377 0.8019401639831224 0.8019401639831224
4500.188315629959 0.9351066939491377 0.8019401639831224 0.80953181025229
4650.187395811081 0.9351066939491377 0.8019401639831224 0.8159274246199015
4800.491850137711 0.9351066939491377 0.8019401639831224 0.8314082216013942
4950.465926647186 0.9359836305173925 0.7807382862818869 0.7807382862818869
5100.413864374161 0.9476761180941246 0.7807382862818869 0.8193164554461508
5250.1948325634 0.9476761180941246 0.761468341172004 0.761468341172004
5400.382015943527 0.9497223034200526 0.761468341172004 0.7705734382641998
5550.565690755844 0.9497223034200526 0.761468341172004 0.7652779007167146
5700.511274814606 0.9535223618824905 0.761468341172004 0.7702419755228779
5850.015310525894 0.9535223618824905 0.7404841703202756 0.7404841703202756
6000.2457048892975 0.9561531715872552 0.7287958253939599 0.7287958253939599
6150.597742795944 0.9561531715872552 0.7287958253939599 0.7291443161502283
6300.121776580811 0.9561531715872552 0.7177908727776111 0.7177908727776111
6450.4201283454895 0.9561531715872552 0.71341449218361 0.71341449218361
6600.289156198502 0.9561531715872552 0.71341449218361 0.7254339442179915
6750.543726444244 0.9561531715872552 0.71341449218361 0.73541923875892
6900.072279214859 0.9561531715872552 0.71341449218361 0.7295498624772228
7050.041538476944 0.9561531715872552 0.71341449218361 0.7281671263146818
7200.645310163498 0.9561531715872552 0.7101614809712988 0.7101614809712988
