150.66352152824402 0.07161648640748319 1.7602955678209145 1.7602955678209145
300.1565158367157 0.24261911721718796 1.66263931121641 1.66263931121641
450.4667317867279 0.6176556562408653 1.5365059611877958 1.5365059611877958
600.4421844482422 0.6176556562408653 1.45833062526712 1.45833062526712
750.3827450275421 0.6962876351943876 1.334776242479894 1.334776242479894
900.2469594478607 0.6962876351943876 1.310411780788785 1.310411780788785
1050.2087907791138 0.6962876351943876 1.240526827176412 1.240526827176412
1200.0316679477692 0.6962876351943876 1.2114531139532725 1.2114531139532725
1350.3653972148895 0.6962876351943876 1.146411623434998 1.146411623434998
1500.6270604133606 0.7106109324758842 1.0984746367445488 1.0984746367445488
1650.6852052211761 0.7106109324758842 1.0984746367445488 1.1118126957902412
1800.178751707077 0.7106109324758842 1.0788691622788826 1.0788691622788826
1950.3896930217743 0.8149663840982169 1.0788691622788826 1.0831522161926703
2100.2999787330627 0.8149663840982169 1.0336468677385158 1.0336468677385158
2250.245496749878 0.8149663840982169 1.013227716088295 1.013227716088295
2400.3276307582855 0.8149663840982169 1.013227716088295 1.0254894642629355
2550.1800196170807 0.8149663840982169 0.9784152434681946 0.9784152434681946
2700.1636805534363 0.8149663840982169 0.9784152434681946 0.9927636775859566
2850.1538774967194 0.8149663840982169 0.9514539428921633 0.9514539428921633
3000.190198659897 0.8155510084770535 0.9298041218935057 0.9298041218935057
3150.1533496379852 0.8155510084770535 0.9298041218935057 0.9498021974120029
3300.0164666175842 0.9049985384390529 0.9298041218935057 0.954096204458281
3450.3211936950684 0.9049985384390529 0.9298041218935057 0.9436852204245191
3600.3855912685394 0.9049985384390529 0.8532751855995734 0.8532751855995734
3750.261334657669 0.9049985384390529 0.8532751855995734 0.8787720174290413
3900.017260313034 0.9049985384390529 0.8532751855995734 0.8644649311203823
4050.10408616066 0.9049985384390529 0.8445638282354488 0.8445638282354488
4200.072494268417 0.9087985969014908 0.8341864595579547 0.8341864595579547
4350.636954307556 0.9175679625840397 0.8328890437605204 0.8328890437605204
4500.640419244766 0.9263373282665888 0.8303758456049678 0.8303758456049678
4650.415420293808 0.9263373282665888 0.8200085657973623 0.8200085657973623
4800.251802682877 0.9283835135925168 0.8135829064208018 0.8135829064208018
4950.000875234604 0.9283835135925168 0.808124395313664 0.808124395313664
5100.287129402161 0.9313066354866998 0.808124395313664 0.8385556847960861
5250.663251399994 0.9313066354866998 0.8009271268234697 0.8009271268234697
5400.535187482834 0.9313066354866998 0.8009271268234697 0.8374219241569627
5550.02092051506 0.9313066354866998 0.7980173546383639 0.7980173546383639
5700.6567125320435 0.9313066354866998 0.7980173546383639 0.7983424697123783
5850.263550519943 0.9313066354866998 0.7980173546383639 0.8026300331331649
6000.014891862869 0.9313066354866998 0.7980173546383639 0.8098185482733654
6150.21736073494 0.9505992399883075 0.758845433939335 0.758845433939335
6300.452841997147 0.9505992399883075 0.754804527567279 0.754804527567279
6450.291127920151 0.9505992399883075 0.7452077045340404 0.7452077045340404
6600.167321920395 0.9505992399883075 0.7452077045340404 0.7475953207544561
6750.6313996315 0.9505992399883075 0.7279203437544681 0.7279203437544681
6900.6904718875885 0.9505992399883075 0.7279203437544681 0.7369973795993305
7050.0511066913605 0.9505992399883075 0.7279203437544681 0.7326113037380254
7200.319275856018 0.9505992399883075 0.7279203437544681 0.7645868510007858
