150.07072639465332 0.1373867243528366 1.3682360363200428 1.3682360363200428
300.82427430152893 0.27535808086395264 0.5877719063843999 0.5877719063843999
450.9323935508728 0.7649809718132019 0.39281096996356407 0.39281096996356407
600.7024536132812 0.8190587759017944 0.3357404539665432 0.3357404539665432
750.660727262497 0.8190587759017944 0.29595639609487345 0.29595639609487345
900.5122430324554 0.8371821045875549 0.23821410837450196 0.23821410837450196
1050.4335625171661 0.8371821045875549 0.21942828981377555 0.21942828981377555
1201.0600485801697 0.8728442192077637 0.17663771947119253 0.17663771947119253
1350.7045855522156 0.8728442192077637 0.1726761717282768 0.1726761717282768
1500.285132408142 0.9298450946807861 0.14387134228433882 0.14387134228433882
1650.4113373756409 0.9298450946807861 0.14387134228433882 0.14995879796168482
1800.5368287563324 0.9298450946807861 0.14387134228433882 0.14502359777424775
1950.6599283218384 0.9298450946807861 0.1325265882603292 0.1325265882603292
2100.328318834305 0.938906729221344 0.12348055673230972 0.12348055673230972
2250.087941646576 0.938906729221344 0.1158992857771351 0.1158992857771351
2400.5189871788025 0.938906729221344 0.0938810379977556 0.0938810379977556
2550.1354596614838 0.9453375935554504 0.0922933799780107 0.0922933799780107
2700.761424779892 0.9453375935554504 0.0922933799780107 0.0935826092093179
2850.239551305771 0.9453375935554504 0.08000022913495611 0.08000022913495611
3000.560502052307 0.9453375935554504 0.08000022913495611 0.10375406675318137
3150.8043596744537 0.9453375935554504 0.07509515395863577 0.07509515395863577
3300.291907310486 0.9453375935554504 0.06259337923090373 0.06259337923090373
3450.985107421875 0.9462145566940308 0.06259337923090373 0.07982168159553292
3600.699627161026 0.9462145566940308 0.06259337923090373 0.06961556673382542
3750.4437041282654 0.9467991590499878 0.06118037474890506 0.06118037474890506
3900.223651409149 0.9467991590499878 0.051971787006186786 0.051971787006186786
4050.419269800186 0.9467991590499878 0.046181535071394005 0.046181535071394005
4200.854235649109 0.9666764140129089 0.046181535071394005 0.06573472023883369
4350.511636018753 0.9666764140129089 0.0396432689761111 0.0396432689761111
4500.231662750244 0.9666764140129089 0.0396432689761111 0.10265440024252581
4650.676553964615 0.9666764140129089 0.0396432689761111 0.08965084405123844
4800.675243616104 0.9666764140129089 0.0396432689761111 0.06723344110359904
4951.025714159012 0.9722303152084351 0.035799814600345564 0.035799814600345564
5100.4482209682465 0.9815843105316162 0.01395886494262543 0.01395886494262543
5250.0838034152985 0.9815843105316162 0.009349846898528216 0.009349846898528216
5400.841686487198 0.9815843105316162 0.004738270575287983 0.004738270575287983
5550.467561483383 0.9815843105316162 0.0017080969643367488 0.0017080969643367488
5700.819607257843 0.9815843105316162 0.0012181160201310247 0.0012181160201310247
5850.003428220749 0.9830458760261536 0.000757986699459612 0.000757986699459612
6000.818003892899 0.9830458760261536 0.0004800879753071729 0.0004800879753071729
6150.827295303345 0.9830458760261536 0.00045622626696837997 0.00045622626696837997
6300.689553260803 0.9830458760261536 0.0003900770391626518 0.0003900770391626518
6450.914355278015 0.9830458760261536 0.0003029225443229381 0.0003029225443229381
6600.749928951263 0.9830458760261536 0.0003029225443229381 0.0003205620499751863
6750.069306850433 0.9830458760261536 0.00024882416216720965 0.00024882416216720965
6900.503806352615 0.9830458760261536 0.00023568535309582522 0.00023568535309582522
7050.123788833618 0.9830458760261536 0.0002270130622799141 0.0002270130622799141
7200.823474884033 0.9830458760261536 0.00018871243081413375 0.00018871243081413375
