150.98834037780762 0.1373867243528366 1.4784752859009638 1.4784752859009638
300.7351231575012 0.503069281578064 0.6567008029407179 0.6567008029407179
450.623743057251 0.869921088218689 0.38076902520039985 0.38076902520039985
600.1216726303101 0.869921088218689 0.32801987379789355 0.32801987379789355
750.6175742149353 0.8903829455375671 0.2791309016310189 0.2791309016310189
900.9252662658691 0.8903829455375671 0.22368479250320072 0.22368479250320072
1050.2114808559418 0.910552442073822 0.21466697744714716 0.21466697744714716
1200.7051315307617 0.9482607245445251 0.17042881801467516 0.17042881801467516
1350.4746398925781 0.9482607245445251 0.17042881801467516 0.17433301942785168
1500.3424565792084 0.9482607245445251 0.14117240966137112 0.14117240966137112
1650.8633801937103 0.9482607245445251 0.11808873875516242 0.11808873875516242
1800.4703545570374 0.9482607245445251 0.11808873875516242 0.12399124464189465
1950.9858314990997 0.9482607245445251 0.1128502094668561 0.1128502094668561
2101.036894083023 0.9482607245445251 0.08964904783836876 0.08964904783836876
2251.0094950199127 0.9482607245445251 0.08715429273596802 0.08715429273596802
2400.328865289688 0.9482607245445251 0.07465578153260521 0.07465578153260521
2550.9421937465668 0.9482607245445251 0.07465578153260521 0.09774498022549476
2700.2488436698914 0.9482607245445251 0.07465578153260521 0.08353105760212023
2850.8823885917664 0.9482607245445251 0.07203771476152128 0.07203771476152128
3000.5456607341766 0.9482607245445251 0.07203771476152128 0.08328656040733524
3150.085129261017 0.9482607245445251 0.07203771476152128 0.10640639052205308
3300.205557346344 0.9482607245445251 0.06986960401389233 0.06986960401389233
3450.8701519966125 0.9485530257225037 0.06986960401389233 0.07644354519019643
3601.024594783783 0.9485530257225037 0.06986960401389233 0.07172195142584628
3750.0426018238068 0.9485530257225037 0.05616329890391272 0.05616329890391272
3900.9799003601074 0.9485530257225037 0.05616329890391272 0.07128992723301053
4050.8830258846283 0.9485530257225037 0.05616329890391272 0.07004092716017803
4200.648030996323 0.9543992877006531 0.05616329890391272 0.06757311785015567
4350.47309589386 0.9801227450370789 0.035938990134585264 0.035938990134585264
4500.173250198364 0.982168972492218 0.026903147709250834 0.026903147709250834
4650.114006996155 0.9833381772041321 0.0090343879682317 0.0090343879682317
4800.991219520569 0.9833381772041321 0.004121774092734447 0.004121774092734447
4950.999501466751 0.9850921034812927 0.0018845048149975401 0.0018845048149975401
5100.975067615509 0.9850921034812927 0.0012806181095396008 0.0012806181095396008
5250.1916670799255 0.9850921034812927 0.0008758684410976355 0.0008758684410976355
5400.05072927475 0.9853844046592712 0.0004753915078355122 0.0004753915078355122
5550.341750383377 0.9853844046592712 0.00044659387956550025 0.00044659387956550025
5700.672735452652 0.9853844046592712 0.000335050887801556 0.000335050887801556
5850.088784694672 0.9853844046592712 0.0002996329777336844 0.0002996329777336844
6000.070158004761 0.9853844046592712 0.0002996329777336844 0.0002998344474753108
6150.148062944412 0.9853844046592712 0.00022887942034466161 0.00022887942034466161
6300.345319747925 0.9853844046592712 0.00022887942034466161 0.00023034504589179114
6450.116575241089 0.9853844046592712 0.00020883795745060618 0.00020883795745060618
6600.284910440445 0.9853844046592712 0.00016768632623756402 0.00016768632623756402
6750.346651792526 0.9853844046592712 0.00016768632623756402 0.00018024528391582989
6900.029692411423 0.9853844046592712 0.00014557046839588016 0.00014557046839588016
7050.995041847229 0.9853844046592712 0.0001426791444180409 0.0001426791444180409
7200.1639947891235 0.9853844046592712 0.00013444314437391667 0.00013444314437391667
