150.99066472053528 0.13680210709571838 1.5603556689314955 1.5603556689314955
300.4735105037689 0.5077462792396545 0.7068221678196545 0.7068221678196545
450.9097902774811 0.5416544675827026 0.42598689753433755 0.42598689753433755
600.5373830795288 0.9178602695465088 0.35085487194980186 0.35085487194980186
750.2653822898865 0.9178602695465088 0.30024924874305725 0.30024924874305725
900.3733723163605 0.9178602695465088 0.23933259441724253 0.23933259441724253
1050.4168155193329 0.9178602695465088 0.23650610175294182 0.23650610175294182
1200.0452828407288 0.9178602695465088 0.19632547118494081 0.19632547118494081
1350.5624878406525 0.9196141362190247 0.19392883888092535 0.19392883888092535
1500.8343923091888 0.9196141362190247 0.15385142490267753 0.15385142490267753
1650.2379732131958 0.9272142648696899 0.13082503252533367 0.13082503252533367
1800.8906834125519 0.9272142648696899 0.13082503252533367 0.1417436718619589
1950.3030207157135 0.9272142648696899 0.12649675876065328 0.12649675876065328
2100.540227174759 0.9272142648696899 0.11467725684042966 0.11467725684042966
2250.517908334732 0.9272142648696899 0.11467725684042966 0.1146825433951681
2400.0379843711853 0.9272142648696899 0.10158486874180211 0.10158486874180211
2550.861000776291 0.9272142648696899 0.10158486874180211 0.1037299716979158
2700.21582698822 0.9272142648696899 0.08586160164244853 0.08586160164244853
2850.233258485794 0.9386144280433655 0.08586160164244853 0.09196932764683405
3000.361902952194 0.9386144280433655 0.08472235233226008 0.08472235233226008
3150.6337859630585 0.9386144280433655 0.07777396752330326 0.07777396752330326
3300.678011894226 0.9386144280433655 0.07030267566712438 0.07030267566712438
3450.6143929958344 0.9386144280433655 0.07030267566712438 0.07763922491880215
3600.7569782733917 0.9386144280433655 0.07030267566712438 0.08785536005566626
3751.0469019412994 0.9386144280433655 0.07030267566712438 0.0970167032631951
3900.0456051826477 0.950014591217041 0.06729762513286379 0.06729762513286379
4051.1667881011963 0.9593685865402222 0.03494721037112986 0.03494721037112986
4200.45862698555 0.9736918807029724 0.026110704675109474 0.026110704675109474
4351.077675580978 0.9736918807029724 0.013289682726979769 0.013289682726979769
4500.549139499664 0.9745688438415527 0.009287516244512517 0.009287516244512517
4650.333792686462 0.9745688438415527 0.0061443712505814445 0.0061443712505814445
4800.9697279930115 0.977784276008606 0.0022803771532473047 0.0022803771532473047
4950.952083349228 0.9780765771865845 0.0014466624717605402 0.0014466624717605402
5101.007626056671 0.9780765771865845 0.0009259170648980934 0.0009259170648980934
5250.669867992401 0.9792458415031433 0.0005603773456409294 0.0005603773456409294
5400.82174539566 0.9792458415031433 0.0005176993150941427 0.0005176993150941427
5550.743329048157 0.9801227450370789 0.0004044559717739402 0.0004044559717739402
5700.095378637314 0.9801227450370789 0.0003461639398983289 0.0003461639398983289
5850.546776533127 0.9801227450370789 0.00030939534037468397 0.00030939534037468397
6000.304754972458 0.9801227450370789 0.00026120212383931276 0.00026120212383931276
6150.751451253891 0.9801227450370789 0.0002486096137325713 0.0002486096137325713
6300.147269248962 0.9801227450370789 0.00021893257506791188 0.00021893257506791188
6450.586382627487 0.9801227450370789 0.0001933066653848449 0.0001933066653848449
6600.7817142009735 0.9801227450370789 0.00018397765424793007 0.00018397765424793007
6750.454727172852 0.9801227450370789 0.00015787774810228762 0.00015787774810228762
6900.078842163086 0.9801227450370789 0.00015140502455324167 0.00015140502455324167
7050.056348085403 0.9801227450370789 0.00013365441810088264 0.00013365441810088264
7200.931805372238 0.9801227450370789 0.0001208158299677648 0.0001208158299677648
