151.8587987422943 0.161064013838768 1.6972417134159017 1.6972417134159017
300.42011880874634 0.161064013838768 1.4467798818241466 1.4467798818241466
451.6298143863678 0.3092662990093231 1.162509755364486 1.162509755364486
601.2348313331604 0.38322126865386963 0.7189612672664225 0.7189612672664225
752.249265909195 0.5773165822029114 0.6410456657409668 0.6410456657409668
901.0336220264435 0.5773165822029114 0.5075141116976738 0.5075141116976738
1051.0981464385986 0.5773165822029114 0.5075141116976738 0.5197598545346409
1202.3113105297089 0.5773165822029114 0.4584358448628336 0.4584358448628336
1351.3023598194122 0.7769657969474792 0.3727574164588605 0.3727574164588605
1501.017664194107 0.7769657969474792 0.3532696030451916 0.3532696030451916
1650.0014336109161 0.881028950214386 0.3172142228577286 0.3172142228577286
1800.0858697891235 0.881028950214386 0.3172142228577286 0.3227821054169908
1950.0974750518799 0.881028950214386 0.30483243509661406 0.30483243509661406
2101.3981807231903 0.9117217063903809 0.2820230594370514 0.2820230594370514
2251.6150226593018 0.9117217063903809 0.27169216400943696 0.27169216400943696
2400.8715426921844 0.9117217063903809 0.2613851740024984 0.2613851740024984
2552.5640115737915 0.9117217063903809 0.2613851740024984 0.27151369355045835
2701.898115873337 0.9117217063903809 0.2613851740024984 0.276232055737637
2850.8527748584747 0.9117217063903809 0.2427265894948505 0.2427265894948505
3001.6661806106567 0.9117217063903809 0.23044297876185738 0.23044297876185738
3150.743085861206 0.9117217063903809 0.15652197517920285 0.15652197517920285
3300.038169145584 0.9386144280433655 0.15652197517920285 0.19436826166929677
3451.633359670639 0.9386144280433655 0.15652197517920285 0.21112651409438024
3600.788685321808 0.9386144280433655 0.15652197517920285 0.22285957308486104
3750.578319787979 0.9584916830062866 0.13644777533772867 0.13644777533772867
3900.169899225235 0.9584916830062866 0.13644777533772867 0.14349268602381926
4050.168027162552 0.9584916830062866 0.11210189793200698 0.11210189793200698
4201.924790382385 0.9584916830062866 0.10900761066721036 0.10900761066721036
4351.639708042145 0.9584916830062866 0.10900761066721036 0.12075774896948133
4501.121786117554 0.9584916830062866 0.09954785757872742 0.09954785757872742
4650.946435689926 0.9584916830062866 0.0871657474526728 0.0871657474526728
4801.987156152725 0.9584916830062866 0.0871657474526728 0.09033739200094715
4952.2015652656555 0.9584916830062866 0.0871657474526728 0.09764593944603962
5101.241720199585 0.9584916830062866 0.08012158603378339 0.08012158603378339
5250.408710718155 0.9584916830062866 0.08012158603378339 0.11450392853294034
5402.011665582657 0.9584916830062866 0.07556070557508904 0.07556070557508904
5551.107925891876 0.9690148830413818 0.0676261799835629 0.0676261799835629
5700.822602033615 0.9690148830413818 0.0676261799835629 0.0740552239731187
5851.211222171783 0.9690148830413818 0.0676261799835629 0.07513840864703525
6000.881449222565 0.9690148830413818 0.06671529737650417 0.06671529737650417
6150.694057703018 0.9690148830413818 0.06671529737650417 0.09132584634789964
6300.926274061203 0.9690148830413818 0.055143549281638116 0.055143549281638116
6450.816577911377 0.9733995795249939 0.055143549281638116 0.05962487780561787
6600.144793748856 0.9733995795249939 0.055143549281638116 0.05882852663293422
6750.828624248505 0.9733995795249939 0.055143549281638116 0.06408382353220077
6900.423757076263 0.9733995795249939 0.04125570868200157 0.04125570868200157
7052.049704790115 0.9733995795249939 0.04125570868200157 0.054734139435822726
7200.6416015625 0.9733995795249939 0.032349397250246034 0.032349397250246034
