151.8587987422943 0.161064013838768 1.6972417134159017 1.6972417134159017
300.42011880874634 0.161064013838768 1.4467798818241466 1.4467798818241466
451.6298143863678 0.3092662990093231 1.162509755364486 1.162509755364486
601.2348313331604 0.38322126865386963 0.7189612672664225 0.7189612672664225
752.249265909195 0.5773165822029114 0.6410456657409668 0.6410456657409668
901.0336220264435 0.5773165822029114 0.5075141116976738 0.5075141116976738
1051.0981464385986 0.5773165822029114 0.5075141116976738 0.5197598545346409
1202.3113105297089 0.5773165822029114 0.4584358448628336 0.4584358448628336
1351.3023598194122 0.7769657969474792 0.3727574164588605 0.3727574164588605
1501.017664194107 0.7769657969474792 0.3532696030451916 0.3532696030451916
1650.0014336109161 0.881028950214386 0.3172142228577286 0.3172142228577286
1800.0858697891235 0.881028950214386 0.3172142228577286 0.3227821054169908
1950.0974750518799 0.881028950214386 0.30483243509661406 0.30483243509661406
2101.3981807231903 0.9117217063903809 0.2820230594370514 0.2820230594370514
2251.6150226593018 0.9117217063903809 0.27169216400943696 0.27169216400943696
2400.8715426921844 0.9117217063903809 0.2613851740024984 0.2613851740024984
2552.5640115737915 0.9117217063903809 0.2613851740024984 0.27151369355045835
2701.898115873337 0.9117217063903809 0.2613851740024984 0.276232055737637
2850.8527748584747 0.9117217063903809 0.2427265894948505 0.2427265894948505
3001.6661806106567 0.9117217063903809 0.23044297876185738 0.23044297876185738
3150.743085861206 0.9117217063903809 0.15652197517920285 0.15652197517920285
3300.038169145584 0.9386144280433655 0.15652197517920285 0.19436826166929677
3451.633359670639 0.9386144280433655 0.15652197517920285 0.21112651409438024
3600.788685321808 0.9386144280433655 0.15652197517920285 0.22285957308486104
3750.578319787979 0.9584916830062866 0.13644777533772867 0.13644777533772867
3900.169899225235 0.9584916830062866 0.13644777533772867 0.14349268602381926
4050.168027162552 0.9584916830062866 0.11210189793200698 0.11210189793200698
4201.924790382385 0.9584916830062866 0.10900761066721036 0.10900761066721036
4351.639708042145 0.9584916830062866 0.10900761066721036 0.12075774896948133
4501.121786117554 0.9584916830062866 0.09954785757872742 0.09954785757872742
4650.946435689926 0.9584916830062866 0.0871657474526728 0.0871657474526728
4801.987156152725 0.9584916830062866 0.0871657474526728 0.09033739200094715
4952.2015652656555 0.9584916830062866 0.0871657474526728 0.09764593944603962
5101.241720199585 0.9584916830062866 0.08012158603378339 0.08012158603378339
5250.408710718155 0.9584916830062866 0.08012158603378339 0.11450392853294034
5402.011665582657 0.9584916830062866 0.07556070557508904 0.07556070557508904
5551.107925891876 0.9690148830413818 0.0676261799835629 0.0676261799835629
5700.822602033615 0.9690148830413818 0.0676261799835629 0.0740552239731187
5851.211222171783 0.9690148830413818 0.0676261799835629 0.07513840864703525
6000.881449222565 0.9690148830413818 0.06671529737650417 0.06671529737650417
6150.694057703018 0.9690148830413818 0.06671529737650417 0.09132584634789964
6300.926274061203 0.9690148830413818 0.055143549281638116 0.055143549281638116
6450.816577911377 0.9733995795249939 0.055143549281638116 0.05962487780561787
6600.144793748856 0.9733995795249939 0.055143549281638116 0.05882852663293422
6750.828624248505 0.9733995795249939 0.055143549281638116 0.06408382353220077
6900.423757076263 0.9733995795249939 0.04125570868200157 0.04125570868200157
7052.049704790115 0.9733995795249939 0.04125570868200157 0.054734139435822726
7200.6416015625 0.9733995795249939 0.032349397250246034 0.032349397250246034
151.3774619102478 0.1824028044939041 1.621205921606584 1.621205921606584
304.7147386074066 0.1824028044939041 1.1352299961176786 1.1352299961176786
451.0279402732849 0.19467991590499878 1.0566282364455137 1.0566282364455137
601.0589408874512 0.19467991590499878 0.6348074702546 0.6348074702546
751.7469079494476 0.3633440434932709 0.5361379843670875 0.5361379843670875
901.6430714130402 0.7050570249557495 0.440199886681512 0.440199886681512
1052.1527364253998 0.7050570249557495 0.440199886681512 0.4403718520188704
1200.1358931064606 0.7050570249557495 0.33317442297462435 0.33317442297462435
1350.1130611896515 0.7050570249557495 0.33317442297462435 0.37148559535853565
1500.5164835453033 0.7050570249557495 0.33317442297462435 0.36430892418138683
1650.5369737148285 0.8658286929130554 0.33317442297462435 0.3444036873988807
1800.5942122936249 0.8658286929130554 0.27499198162695393 0.27499198162695393
1951.0904870033264 0.8658286929130554 0.18993598618544638 0.18993598618544638
2101.423743724823 0.9573224186897278 0.18993598618544638 0.22032158391084522
2251.5514085292816 0.9573224186897278 0.18993598618544638 0.2035084156668745
2402.0457797050476 0.9573224186897278 0.1817978882463649 0.1817978882463649
2550.3591482639313 0.9573224186897278 0.1817978882463649 0.20430448633574305
2701.4921355247498 0.9573224186897278 0.1817978882463649 0.1860203773539979
2851.0831723213196 0.9573224186897278 0.13580473388234773 0.13580473388234773
3001.268076658249 0.9573224186897278 0.13580473388234773 0.18272358443937264
3151.3590862751007 0.9573224186897278 0.13580473388234773 0.14964487764518708
3301.4278061389923 0.9573224186897278 0.13580473388234773 0.142068770743208
3451.946357488632 0.9573224186897278 0.12779096761369146 0.12779096761369146
3602.0684173107147 0.9581993818283081 0.12779096761369146 0.13759480393491685
3750.0571098327637 0.959953248500824 0.08167675576571908 0.08167675576571908
3900.7515511512756 0.9622917175292969 0.08167675576571908 0.11735341814346611
4051.5482246875763 0.9622917175292969 0.08167675576571908 0.0960007936519105
4200.790089845657 0.9640455842018127 0.08167675576571908 0.09884704435096374
4350.892082452774 0.9695995450019836 0.07493758724740474 0.07493758724740474
4501.198884963989 0.9695995450019836 0.07493758724740474 0.0819529915243038
4651.490554571152 0.9695995450019836 0.07048000587019487 0.07048000587019487
4800.8448259830475 0.9722303152084351 0.07048000587019487 0.0711911105827312
4950.884636640549 0.9722303152084351 0.06529438340658089 0.06529438340658089
5100.399688005447 0.9722303152084351 0.05892455622597481 0.05892455622597481
5251.137513399124 0.9722303152084351 0.05892455622597481 0.07207219536212506
5401.715918540955 0.9722303152084351 0.05562601148994872 0.05562601148994872
5551.616767168045 0.9722303152084351 0.05402128474088386 0.05402128474088386
5701.575526237488 0.9722303152084351 0.05402128474088386 0.05518012345419265
5851.506836414337 0.9722303152084351 0.05140389454754768 0.05140389454754768
6001.493629693985 0.9722303152084351 0.04733049538117484 0.04733049538117484
6151.855832099915 0.9722303152084351 0.04733049538117484 0.051688210343854735
6301.861370801926 0.9725226759910583 0.04733049538117484 0.04735827394324588
6452.300622701645 0.9725226759910583 0.04089961586942081 0.04089961586942081
6602.303937196732 0.9725226759910583 0.04089961586942081 0.044347501130687306
6750.409881591797 0.9725226759910583 0.038993238951892606 0.038993238951892606
6901.1646366119385 0.9728149771690369 0.033161900298182445 0.033161900298182445
7051.513474225998 0.9728149771690369 0.033161900298182445 0.03615251942392206
7200.142379522324 0.9728149771690369 0.033161900298182445 0.03327639754270277
