150.8304693698883 0.15638701617717743 1.7921311488518348 1.7921311488518348
301.81242656707764 0.15638701617717743 1.374479207609381 1.374479207609381
451.1401309967041 0.1824028044939041 1.1451724859801207 1.1451724859801207
601.7839095592499 0.22741888463497162 0.6485254517756402 0.6485254517756402
750.1038258075714 0.6463022232055664 0.6485254517756402 0.7029047991548266
900.6419920921326 0.6463022232055664 0.49894479918293655 0.49894479918293655
1052.1300642490387 0.6463022232055664 0.46496215637307614 0.46496215637307614
1200.380802154541 0.6626717448234558 0.3952033892273903 0.3952033892273903
1350.7398707866669 0.7073954939842224 0.3952033892273903 0.4087031548842788
1500.9759802818298 0.7608886361122131 0.33580263378098607 0.33580263378098607
1651.7914717197418 0.8798596858978271 0.3211989221163094 0.3211989221163094
1802.1024224758148 0.8798596858978271 0.3211989221163094 0.3315932936966419
1950.7158885002136 0.8798596858978271 0.3211989221163094 0.35555719891710885
2101.699664592743 0.8798596858978271 0.3211989221163094 0.3297258809907362
2250.142821788788 0.8968138098716736 0.3094254797176709 0.3094254797176709
2400.8905215263367 0.8968138098716736 0.23275267507415265 0.23275267507415265
2551.516679286957 0.9368605613708496 0.23000366799533367 0.23000366799533367
2701.988626718521 0.9435837268829346 0.21614497003611177 0.21614497003611177
2850.8869388103485 0.9473838210105896 0.14474744867119524 0.14474744867119524
3001.8584830760956 0.9508915543556213 0.14474744867119524 0.2070899119862588
3150.2813329696655 0.9508915543556213 0.14474744867119524 0.1924499904825574
3301.3734834194183 0.9508915543556213 0.14474744867119524 0.23188515182118863
3452.2587399482727 0.9508915543556213 0.14474744867119524 0.16824265012110118
3601.034232378006 0.9508915543556213 0.14474744867119524 0.15825623924297
3751.9224314689636 0.9614148139953613 0.10667959996499121 0.10667959996499121
3900.2661266326904 0.9652148485183716 0.10667959996499121 0.12738861415594344
4050.903018951416 0.9652148485183716 0.10667959996499121 0.12175454896350857
4201.420103311539 0.9652148485183716 0.10667959996499121 0.11227141819836106
4351.611373662949 0.9652148485183716 0.10127940132952062 0.10127940132952062
4500.086801528931 0.9678456783294678 0.09689109422089089 0.09689109422089089
4650.771608829498 0.9678456783294678 0.07787589775398374 0.07787589775398374
4801.334141969681 0.971061110496521 0.07787589775398374 0.07816792898665881
4951.290952920914 0.9719380140304565 0.07787589775398374 0.08278130028338637
5101.4306445121765 0.9728149771690369 0.07787589775398374 0.08116789975611027
5252.185809135437 0.9739842414855957 0.07541055379988393 0.07541055379988393
5402.096150875092 0.9739842414855957 0.06431287825398613 0.06431287825398613
5552.334212303162 0.9739842414855957 0.06186322100984398 0.06186322100984398
5700.018895149231 0.9739842414855957 0.05410642304738599 0.05410642304738599
5852.223466396332 0.9739842414855957 0.05410642304738599 0.062444961045940335
6000.484516382217 0.9739842414855957 0.05410642304738599 0.057237538782554484
6150.457232236862 0.9739842414855957 0.05410642304738599 0.06366982139297761
6300.6249833106995 0.9739842414855957 0.05303476638982829 0.05303476638982829
6450.903799295425 0.9739842414855957 0.04702942522999365 0.04702942522999365
6601.045269489288 0.9739842414855957 0.0460789534918149 0.0460789534918149
6751.529564380646 0.9739842414855957 0.0460789534918149 0.052280827942013275
6900.326725959778 0.9739842414855957 0.04268655510589717 0.04268655510589717
7050.896842241287 0.9763227105140686 0.04268655510589717 0.049369966949598165
7201.750869274139 0.9763227105140686 0.04268655510589717 0.04618984118314984
