155.35233640670776 0.08301666378974915 1.789318323135376 1.789318323135376
301.2465057373047 0.18591055274009705 0.9300973415374756 0.9300973415374756
450.27144742012024 0.41040632128715515 0.5335980653762817 0.5335980653762817
600.6464188098907 0.41040632128715515 0.3482453525066376 0.3482453525066376
750.1934061050415 0.41040632128715515 0.3440469205379486 0.3440469205379486
901.3705866336823 0.5875474810600281 0.3244782090187073 0.3244782090187073
1050.5387885570526 0.604209303855896 0.2769095301628113 0.2769095301628113
1200.7725713253021 0.604209303855896 0.225497305393219 0.225497305393219
1351.6457591056824 0.7988892197608948 0.225497305393219 0.2319335639476776
1500.5394880771637 0.7988892197608948 0.225497305393219 0.24276438355445862
1650.1981251239777 0.7988892197608948 0.19831112027168274 0.19831112027168274
1800.1155230998993 0.8550131320953369 0.1496853232383728 0.1496853232383728
1951.0096118450165 0.8707979917526245 0.1496853232383728 0.1752948760986328
2100.539975166321 0.8707979917526245 0.1496853232383728 0.19003108143806458
2250.0239446163177 0.9280912280082703 0.143486887216568 0.143486887216568
2400.911922931671 0.9280912280082703 0.143486887216568 0.14357754588127136
2550.74072432518 0.9280912280082703 0.143486887216568 0.16999150812625885
2701.2801790237427 0.9280912280082703 0.143486887216568 0.1512765735387802
2850.6734466552734 0.9313066601753235 0.09117544442415237 0.09117544442415237
3001.0124299526215 0.9313066601753235 0.09067152440547943 0.09067152440547943
3150.36208152771 0.9313066601753235 0.07751603424549103 0.07751603424549103
3300.2257721424103 0.9520608186721802 0.07159535586833954 0.07159535586833954
3451.1260330677032 0.9520608186721802 0.05792562663555145 0.05792562663555145
3601.256559610367 0.9520608186721802 0.05792562663555145 0.07518859207630157
3751.0917072296143 0.9567378163337708 0.05792562663555145 0.05864464119076729
3900.1873915195465 0.9567378163337708 0.048297345638275146 0.048297345638275146
4051.0092372894287 0.9567378163337708 0.048297345638275146 0.05565030872821808
4200.31809592247 0.9567378163337708 0.048297345638275146 0.05705875903367996
4351.106607198715 0.9567378163337708 0.042496208101511 0.042496208101511
4500.689217329025 0.9567378163337708 0.042041219770908356 0.042041219770908356
4650.234620094299 0.961122453212738 0.042041219770908356 0.06841419637203217
4800.663743257523 0.961122453212738 0.042041219770908356 0.04431280493736267
4950.222467660904 0.961122453212738 0.03616281598806381 0.03616281598806381
5100.866076231003 0.961122453212738 0.03616281598806381 0.04804782569408417
5250.018540859222 0.961122453212738 0.03616281598806381 0.06609176099300385
5400.957901954651 0.961122453212738 0.03589700162410736 0.03589700162410736
5550.230864048004 0.961122453212738 0.03589700162410736 0.03603657707571983
5700.639541387558 0.961122453212738 0.03589700162410736 0.048679035156965256
5850.63095164299 0.961122453212738 0.03589700162410736 0.03828490525484085
6000.461776018143 0.961122453212738 0.022654950618743896 0.022654950618743896
6151.332661151886 0.961122453212738 0.022654950618743896 0.023497024551033974
6300.533086776733 0.9812920093536377 0.013295138254761696 0.013295138254761696
6450.122083902359 0.9812920093536377 0.011585463769733906 0.011585463769733906
6601.103303432465 0.9812920093536377 0.010987565852701664 0.010987565852701664
6750.528151273727 0.9812920093536377 0.00836425181478262 0.00836425181478262
6900.213508844376 0.9812920093536377 0.005452426616102457 0.005452426616102457
7051.023048877716 0.9812920093536377 0.004522295203059912 0.004522295203059912
7200.611752271652 0.9812920093536377 0.004137813579291105 0.004137813579291105
