151.1766996383667 0.1824028044939041 1.4724881649017334 1.4724881649017334
300.79698371887207 0.1847413033246994 0.9297168850898743 0.9297168850898743
451.22501826286316 0.4191756844520569 0.48362255096435547 0.48362255096435547
601.3521602153778 0.4191756844520569 0.3734486401081085 0.3734486401081085
750.8047094345093 0.4191756844520569 0.30935853719711304 0.30935853719711304
900.6589577198029 0.45571470260620117 0.2937150299549103 0.2937150299549103
1050.6944327354431 0.45571470260620117 0.2633970379829407 0.2633970379829407
1200.570161819458 0.8064893484115601 0.21290089190006256 0.21290089190006256
1350.5904893875122 0.8064893484115601 0.21290089190006256 0.23147530853748322
1500.4046576023102 0.8412744998931885 0.21290089190006256 0.22187305986881256
1650.643028974533 0.8412744998931885 0.19444239139556885 0.19444239139556885
1800.7192080020905 0.8412744998931885 0.16642864048480988 0.16642864048480988
1951.2398269176483 0.8412744998931885 0.16642864048480988 0.1863161027431488
2100.5067291259766 0.8412744998931885 0.16642864048480988 0.176351398229599
2250.0266551971436 0.8412744998931885 0.14695779979228973 0.14695779979228973
2400.238687515259 0.9123063683509827 0.1439058482646942 0.1439058482646942
2550.892513036728 0.9123063683509827 0.1439058482646942 0.14873714745044708
2700.9701840877533 0.9123063683509827 0.13138002157211304 0.13138002157211304
2850.9670190811157 0.9123063683509827 0.13138002157211304 0.13616059720516205
3001.223710536957 0.9123063683509827 0.11094247549772263 0.11094247549772263
3151.1523435115814 0.9517685174942017 0.11091672629117966 0.11091672629117966
3301.402773141861 0.9517685174942017 0.1030183956027031 0.1030183956027031
3450.566481113434 0.9517685174942017 0.1030183956027031 0.11843736469745636
3600.891909599304 0.9517685174942017 0.08808205276727676 0.08808205276727676
3750.1184277534485 0.9517685174942017 0.08808205276727676 0.11329612135887146
3900.779129743576 0.9517685174942017 0.08765621483325958 0.08765621483325958
4051.1352169513702 0.9517685174942017 0.08765621483325958 0.08964726328849792
4201.470214366913 0.9517685174942017 0.08553669601678848 0.08553669601678848
4350.445604801178 0.9517685174942017 0.08553669601678848 0.10703758895397186
4500.40908241272 0.9517685174942017 0.08553669601678848 0.10245994478464127
4650.903913021088 0.9517685174942017 0.07590483874082565 0.07590483874082565
4800.069148778915 0.9517685174942017 0.07590483874082565 0.07609931379556656
4950.900463581085 0.9517685174942017 0.07590483874082565 0.07957588881254196
5100.458295345306 0.9576147198677063 0.07496633380651474 0.07496633380651474
5250.635805130005 0.9576147198677063 0.04559718444943428 0.04559718444943428
5400.701264858246 0.9576147198677063 0.04559718444943428 0.06635716557502747
5550.65329003334 0.9576147198677063 0.04559718444943428 0.05510162562131882
5700.073981046677 0.9576147198677063 0.04559718444943428 0.046172961592674255
5851.6217975616455 0.9669687151908875 0.033269334584474564 0.033269334584474564
6001.146256446838 0.9669687151908875 0.028125284239649773 0.028125284239649773
6150.066105127335 0.9669687151908875 0.024999603629112244 0.024999603629112244
6300.331257343292 0.9669687151908875 0.024999603629112244 0.02867303043603897
6450.149977684021 0.9669687151908875 0.021232133731245995 0.021232133731245995
6601.3001255989075 0.9684302806854248 0.014819120988249779 0.014819120988249779
6750.525769233704 0.9731072783470154 0.014819120988249779 0.01501523144543171
6900.697353601456 0.9731072783470154 0.011382782831788063 0.011382782831788063
7050.678025484085 0.9731072783470154 0.01042396854609251 0.01042396854609251
7200.961297035217 0.9731072783470154 0.01042396854609251 0.012608320452272892
