2.076231002807617
2.0655698776245117
2.045907497406006
2.0265026092529297
2.0047805309295654
1.9741603136062622
1.9410117864608765
1.9085131883621216
1.8800207376480103
1.8335639238357544
1.8114097118377686
1.7896760702133179
1.7407277822494507
1.6694198846817017
1.6756830215454102
1.6103160381317139
1.6076003313064575
1.5199873447418213
1.53570556640625
1.5076193809509277
1.4524163007736206
1.405105471611023
1.3383204936981201
1.314790964126587
1.2959351539611816
1.2473806142807007
1.2443300485610962
1.1968376636505127
1.1630430221557617
1.1470085382461548
1.1118618249893188
1.0851023197174072
1.08591628074646
1.0759731531143188
1.079446792602539
0.9782873392105103
0.9201291799545288
0.9220433831214905
1.0341105461120605
0.8920416831970215
1.0019159317016602
0.9679515361785889
0.9667771458625793
0.8871284127235413
0.8478814363479614
0.9125416278839111
0.910750150680542
0.8909972906112671
0.8764110803604126
0.8269168138504028
0.7890822887420654
0.8313106894493103
0.8471980094909668
0.7792777419090271
0.7173929810523987
0.7414838075637817
0.7486262321472168
0.769593358039856
0.7212004065513611
0.7571804523468018
0.7792056798934937
0.6883020997047424
0.7560076713562012
0.7266384363174438
0.760191798210144
0.6768234968185425
0.7317169904708862
0.7160284519195557
0.6630524396896362
0.7123275995254517
0.6151895523071289
0.7018396258354187
0.643280565738678
0.6413648128509521
0.6288853883743286
0.6250566244125366
0.6009390950202942
0.636054277420044
0.5725229978561401
0.5923058986663818
0.6449823379516602
0.654880940914154
0.6665759086608887
0.55384361743927
0.5403175950050354
0.506589949131012
0.6261424422264099
0.5840614438056946
0.5738775730133057
0.5996034145355225
0.5761851668357849
0.5187718868255615
0.49756014347076416
0.5859974026679993
0.5291669964790344
0.526073157787323
0.5613042116165161
0.47116854786872864
0.5145873427391052
0.5498400330543518
0.5154227018356323
0.4933178424835205
0.4421418309211731
0.4563853144645691
0.4875349700450897
0.49051064252853394
0.47554507851600647
0.5069280862808228
0.5154964923858643
0.4484080374240875
0.5369632840156555
0.5221838355064392
0.5100903511047363
0.4371575117111206
0.5042115449905396
0.45788922905921936
0.41019555926322937
0.5021576285362244
0.39944422245025635
0.536961019039154
0.4335429072380066
0.4536248445510864
0.4401039183139801
0.4514509439468384
0.41811272501945496
0.4564235508441925
0.38975024223327637
0.4269877076148987
0.5016698837280273
0.5000238418579102
0.49199241399765015
0.4148014187812805
0.40015819668769836
0.3840993344783783
0.49256420135498047
0.4629073441028595
0.4085069000720978
0.43621957302093506
0.41958698630332947
0.3869895339012146
0.36759573221206665
0.46560633182525635
0.4014875888824463
0.3748807907104492
0.4519474506378174
0.3441310524940491
0.41197943687438965
0.44976142048835754
0.4069136679172516
0.4039847254753113
0.37099578976631165
0.36310121417045593
0.4051454961299896
0.42372697591781616
0.3844364285469055
0.4459879398345947
0.3779204785823822
0.35855403542518616
0.46216636896133423
0.4725252687931061
0.42527613043785095
0.3659228980541229
0.42154234647750854
0.37868714332580566
0.34439510107040405
0.4264705181121826
0.3330172896385193
0.47312095761299133
0.3652176558971405
0.3648802936077118
0.3713894784450531
0.36566150188446045
0.3377491533756256
0.3772445023059845
0.31422170996665955
0.3469257652759552
0.4278472363948822
0.4335840940475464
0.4101927876472473
0.3584184944629669
0.32859253883361816
0.3052172362804413
0.4172615706920624
0.3980092406272888
0.3724248707294464
0.3966500759124756
0.3771730363368988
0.32318204641342163
0.33233803510665894
0.40673449635505676
0.35155370831489563
0.33701664209365845
0.4190842807292938
0.2986378073692322
0.3651282489299774
0.4068141281604767
0.34728890657424927
0.36277657747268677
0.3301633894443512
0.31671833992004395
0.35779112577438354
0.37036529183387756
0.3189878463745117
0.37243878841400146
0.32112228870391846
0.29277294874191284
0.39952075481414795
0.41166019439697266
0.4007800817489624
0.336355060338974
0.36490896344184875
0.3116016089916229
0.30261582136154175
0.36093130707740784
0.2937557101249695
0.4202204644680023
0.31360092759132385
0.3118131756782532
0.3104221820831299
0.3160240948200226
0.29366534948349
0.31825652718544006
0.2845001220703125
0.2951173782348633
0.3711699843406677
0.3741782009601593
0.3653865456581116
0.3197097182273865
0.2956651747226715
0.2563435435295105
0.3562436103820801
0.36485040187835693
0.32213377952575684
0.3385844826698303
0.3334042727947235
0.28512269258499146
0.2986260652542114
0.36377325654029846
0.3066629469394684
0.27416670322418213
0.3736210763454437
0.24868722259998322
0.3264537751674652
0.35532933473587036
0.2965281307697296
0.3086073696613312
0.2799248993396759
0.2792820930480957
0.3224751055240631
0.31995251774787903
0.26687681674957275
0.31062647700309753
0.26351216435432434
0.2592604458332062
0.35011279582977295
0.3641407787799835
0.32963722944259644
0.3015917241573334
0.34926000237464905
0.2856050133705139
0.273404985666275
0.3578391373157501
0.2672594487667084
0.39089927077293396
0.2701769769191742
0.2811620235443115
0.26251649856567383
0.29839882254600525
0.266391783952713
0.28418445587158203
0.25262510776519775
0.27819669246673584
0.33154168725013733
0.34251996874809265
0.3298228979110718
0.2832557260990143
0.27048763632774353
0.2200237214565277
0.3052496314048767
0.32349711656570435
0.28360554575920105
0.3094387948513031
0.303527295589447
0.2618146538734436
0.26025331020355225
0.330247700214386
0.2861397862434387
0.251102089881897
0.3385823369026184
0.22585821151733398
0.29716163873672485
0.3285667300224304
0.2516559958457947
0.2900676131248474
0.24463696777820587
0.25103825330734253
0.2964726686477661
0.29092931747436523
0.25158172845840454
0.2895016372203827
0.22678259015083313
0.243108868598938
0.33788609504699707
0.342021107673645
0.32005879282951355
0.28023356199264526
0.3327324688434601
0.2574976682662964
0.280507355928421
0.3059934973716736
0.25026658177375793
0.36896494030952454
0.24980074167251587
0.27233850955963135
0.2676190137863159
0.2989082336425781
0.24700289964675903
0.2585861384868622
0.25268521904945374
0.2716991603374481
0.33432242274284363
0.3244889974594116
0.3191591203212738
0.28118896484375
0.28205013275146484
0.220516636967659
0.3306520879268646
0.33511805534362793
0.27631789445877075
0.327476441860199
0.31463396549224854
0.2496761679649353
0.2756504714488983
0.3644169569015503
0.32535257935523987
0.26213207840919495
0.36773353815078735
0.22756972908973694
0.30132731795310974
0.3548634648323059
0.26875147223472595
0.31552445888519287
0.29527467489242554
0.32251936197280884
0.3243616223335266
0.3204141855239868
0.30173516273498535
0.31168699264526367
0.2757400870323181
0.26668471097946167
0.37680771946907043
0.39754462242126465
0.3764377534389496
0.2937311828136444
0.34574607014656067
0.2839684784412384
0.2721477150917053
0.33366501331329346
0.25364530086517334
0.3770906925201416
0.2759244740009308
0.27538663148880005
0.25500252842903137
0.28491413593292236
0.24979791045188904
0.25988349318504333
0.24190382659435272
0.268949419260025
0.3588011860847473
0.3154362142086029
0.3275816738605499
0.28262659907341003
0.2778698801994324
0.2394160032272339
0.33120834827423096
0.32165658473968506
0.27409908175468445
0.3204684555530548
0.28551602363586426
0.2547992467880249
0.2528577744960785
0.3668496310710907
0.27969980239868164
0.2205798178911209
0.3444192409515381
0.20158472657203674
0.2737482786178589
0.3185317814350128
0.2754976749420166
0.26957839727401733
0.27241551876068115
0.25813964009284973
0.3037698566913605
0.27879953384399414
0.290740042924881
0.30925384163856506
0.25825265049934387
0.22660194337368011
0.3292621076107025
0.3635754883289337
0.3337017893791199
0.26030823588371277
0.2971658408641815
0.2631700932979584
0.23276521265506744
0.30096542835235596
0.2354947179555893
0.3478240966796875
0.23057356476783752
0.2565622329711914
0.2648644745349884
0.2659151554107666
0.24110516905784607
0.2431144267320633
0.22060437500476837
0.2591417133808136
0.3306637704372406
0.28850704431533813
0.2968754768371582
0.24585911631584167
0.25066354870796204
0.20968680083751678
0.3058401048183441
0.29329413175582886
0.24811705946922302
0.2750489115715027
0.2752620279788971
0.2327040731906891
0.24123097956180573
0.32938966155052185
0.2661506235599518
0.2029508501291275
0.32739201188087463
0.1895107477903366
0.25513797998428345
0.30174124240875244
0.24780850112438202
0.2643868923187256
0.26336026191711426
0.2445518970489502
0.2757333517074585
0.2723275423049927
0.25930407643318176
0.3055650293827057
0.2403792142868042
0.22562247514724731
0.3132709264755249
0.35550373792648315
0.3395916223526001
0.23478034138679504
0.2988350987434387
0.2549463212490082
0.23190169036388397
0.26545941829681396
0.2350521981716156
0.33998435735702515
0.22109204530715942
0.25580263137817383
0.24415360391139984
0.25491639971733093
0.21164874732494354
0.23488713800907135
0.21148763597011566
0.2505491077899933
0.31139880418777466
0.29604142904281616
0.27368777990341187
0.22823478281497955
0.24338828027248383
0.2054700255393982
0.3024344742298126
0.29495614767074585
0.23461078107357025
0.26535564661026
0.26073649525642395
0.22002466022968292
0.23598334193229675
0.30490031838417053
0.244553804397583
0.2214384526014328
0.31398388743400574
0.18133874237537384
0.2569236159324646
0.2849055230617523
0.23093946278095245
0.24281781911849976
0.2679719030857086
0.2282712459564209
0.2675182819366455
0.2658340334892273
0.24157223105430603
0.2762538492679596
0.22678613662719727
0.2037203013896942
0.280244380235672
0.3418484628200531
0.3295890986919403
0.24522846937179565
0.2907051146030426
0.2386934608221054
2.1288082599639893
1.9666367769241333
1.8123445510864258
1.668271780014038
1.627914309501648
1.55283784866333
1.5232181549072266
1.4297140836715698
1.2756582498550415
1.2917181253433228
1.2381116151809692
1.2022401094436646
1.1940385103225708
1.2209445238113403
1.1810853481292725
1.1368330717086792
1.060447335243225
1.0215461254119873
1.1503446102142334
1.0084469318389893
1.0266523361206055
0.9934430122375488
1.0424972772598267
0.9494076371192932
0.8885498046875
0.9114195108413696
0.8816057443618774
0.8404637575149536
0.900544285774231
0.7922251224517822
0.7770527005195618
0.7791327238082886
0.8216987252235413
0.7036951780319214
0.6214958429336548
0.6009048223495483
0.6541383266448975
0.6490750312805176
0.6314188838005066
0.6099919080734253
0.6136915683746338
0.5510438680648804
0.6026658415794373
0.6957910060882568
0.5835539102554321
0.504170835018158
0.5374667644500732
0.46140414476394653
0.43863797187805176
0.4910915791988373
0.4419613480567932
0.47868672013282776
0.4803389310836792
0.42416658997535706
0.4331718981266022
0.4282825291156769
0.3597772717475891
0.4010467827320099
0.33534637093544006
0.3410533368587494
0.43525561690330505
0.41491055488586426
0.42857980728149414
0.32326000928878784
0.259826123714447
0.2677158713340759
0.5062769651412964
0.30912303924560547
0.35212478041648865
0.37836119532585144
0.43446001410484314
0.26184436678886414
0.2895509898662567
0.3197806179523468
0.33181124925613403
0.29918578267097473
0.3301261067390442
0.2744958996772766
0.3517948389053345
0.30192041397094727
0.3280814588069916
0.31788650155067444
0.25322067737579346
0.2312701940536499
0.3244827389717102
0.26315873861312866
0.2857060432434082
0.26598426699638367
0.2339109629392624
0.2646070718765259
0.2745189368724823
0.32509845495224
0.2404574304819107
0.2511386573314667
0.26062434911727905
0.23398420214653015
0.2429467737674713
0.26187852025032043
0.22279752790927887
0.30337047576904297
0.2426222711801529
0.22144366800785065
0.2145128697156906
0.23058919608592987
0.2088358998298645
0.2086447775363922
0.1909274011850357
0.166519433259964
0.23806096613407135
0.2669413983821869
0.2449037730693817
0.17030103504657745
0.1471896916627884
0.1633300930261612
0.29259824752807617
0.22251179814338684
0.19950245320796967
0.20500175654888153
0.24669085443019867
0.12718433141708374
0.17500938475131989
0.19771689176559448
0.19468139111995697
0.18205808103084564
0.19633635878562927
0.14580398797988892
0.2598201334476471
0.1633276492357254
0.1886231005191803
0.22507596015930176
0.17901504039764404
0.14254282414913177
0.20024842023849487
0.17925983667373657
0.16738145053386688
0.1538500040769577
0.15107639133930206
0.1941721886396408
0.1909399777650833
0.23123081028461456
0.17766277492046356
0.1452048271894455
0.1615651249885559
0.15152285993099213
0.17987298965454102
0.16760799288749695
0.17004770040512085
0.22958844900131226
0.17668472230434418
0.16025808453559875
0.1346629112958908
0.16971419751644135
0.1429714858531952
0.16162599623203278
0.10250093042850494
0.09463587403297424
0.15823093056678772
0.17694510519504547
0.18861213326454163
0.10130497068166733
0.14016202092170715
0.09720020741224289
0.212520033121109
0.09525647759437561
0.15586258471012115
0.1484038531780243
0.1716664433479309
0.08124779164791107
0.1284589022397995
0.11894095689058304
0.1496320366859436
0.096269391477108
0.14375579357147217
0.08897988498210907
0.17628084123134613
0.14628975093364716
0.1376916766166687
0.1511322408914566
0.09761915355920792
0.08379308134317398
0.14530953764915466
0.13207252323627472
0.1234845444560051
0.10877057164907455
0.11366621404886246
0.14636148512363434
0.14708684384822845
0.17170321941375732
0.12217359989881516
0.17260535061359406
0.13101671636104584
0.10292059928178787
0.13637542724609375
0.11134295165538788
0.1322687268257141
0.23768103122711182
0.14456593990325928
0.1017109677195549
0.11083600670099258
0.10640593618154526
0.13167747855186462
0.11067141592502594
0.09011256694793701
0.06003478914499283
0.116700679063797
0.13739097118377686
0.12724995613098145
0.06692460924386978
0.09319474548101425
0.07246527075767517
0.1764294058084488
0.08590976148843765
0.12091749906539917
0.11164361983537674
0.1305423080921173
0.05233117938041687
0.07124965637922287
0.10557868331670761
0.11639364808797836
0.06055426225066185
0.08477313816547394
0.08816751837730408
0.1458110511302948
0.1083073690533638
0.07346151024103165
0.07462295889854431
0.05708398297429085
0.060389257967472076
0.0793033093214035
0.0847562626004219
0.08836968243122101
0.07526729255914688
0.08717738837003708
0.08483316004276276
0.09720015525817871
0.112747423350811
0.08318132162094116
0.08622974157333374
0.08610177040100098
0.0749683827161789
0.0918523371219635
0.08658386766910553
0.08689956367015839
0.18892014026641846
0.0824175775051117
0.0758892372250557
0.06843449175357819
0.10637091100215912
0.12275930494070053
0.07876337319612503
0.061193231493234634
0.030693965032696724
0.06824495643377304
0.08950500190258026
0.09999118000268936
0.05000060424208641
0.09094928950071335
0.05085350573062897
0.08600695431232452
0.06748184561729431
0.05083533748984337
0.07067342102527618
0.09067027270793915
0.041587963700294495
0.0709737241268158
0.08874811977148056
0.08453942835330963
0.03015943430364132
0.04089867323637009
0.059694159775972366
0.0967710092663765
0.08754284679889679
0.07037436962127686
0.07096058130264282
0.04246151074767113
0.051938824355602264
0.0656047835946083
0.08395341783761978
0.06681530177593231
0.05827252194285393
0.051119714975357056
0.06415005773305893
0.045189615339040756
0.07451862841844559
0.07787802815437317
0.04324556887149811
0.051812849938869476
0.027838660404086113
0.07788646221160889
0.04682524502277374
0.06553337723016739
0.12628869712352753
0.0828380361199379
0.059045176953077316
0.06644029170274734
0.06708937883377075
0.0716918334364891
0.0502718947827816
0.05752673000097275
0.023859694600105286
0.06290813535451889
0.1206718310713768
0.04076620563864708
0.03224138915538788
0.06798265874385834
0.03603830933570862
0.062320612370967865
0.059542641043663025
0.036995161324739456
0.048977937549352646
0.08521857112646103
0.027076203376054764
0.03804263472557068
0.06575755774974823
0.06567787379026413
0.04114159941673279
0.04752213880419731
0.0460415743291378
0.05743531882762909
0.06347309052944183
0.049238331615924835
0.057442184537649155
0.03875812515616417
0.06027749180793762
0.06612738221883774
0.062046147882938385
0.04528805613517761
0.03008163534104824
0.016585461795330048
0.04327446594834328
0.05800434574484825
0.04492608457803726
0.062299977988004684
0.036454617977142334
0.05506260693073273
0.03169606998562813
0.07677970826625824
0.06178928539156914
0.03975934162735939
0.049368299543857574
0.04659165069460869
0.04718124493956566
0.06046127527952194
0.0627329871058464
0.04097762331366539
0.03598766773939133
0.02790406532585621
0.021716708317399025
0.04097513481974602
0.06289900094270706
0.03313680738210678
0.052143748849630356
0.029739873483777046
0.020348453894257545
0.04233334958553314
0.03499210625886917
0.03533650189638138
0.044121526181697845
0.0801071971654892
0.024671044200658798
0.02860734611749649
0.058198537677526474
0.03130321949720383
0.01999979093670845
0.03264547511935234
0.030584273859858513
0.03980372101068497
0.06075894087553024
0.06834369897842407
0.05197549983859062
0.029115062206983566
0.02985023334622383
0.05353682115674019
0.044613197445869446
0.04904124513268471
0.02174062840640545
0.013342432677745819
0.03995177522301674
0.029361173510551453
0.02811260335147381
0.04274124279618263
0.034453943371772766
0.02984360046684742
0.01971040666103363
0.03719479963183403
0.030644850805401802
0.02650030516088009
0.06267180293798447
0.025932125747203827
0.03084070235490799
0.03190656751394272
0.033158283680677414
0.019426830112934113
0.026422735303640366
0.02787364274263382
0.012397467158734798
0.02985297702252865
0.049828726798295975
0.029775535687804222
0.016100158914923668
0.026961658149957657
0.026607919484376907
0.08016117662191391
0.022956373170018196
0.040987346321344376
0.03559437766671181
0.04272223636507988
0.018901165574789047
0.012712576426565647
0.049467895179986954
0.025589274242520332
0.013176173903048038
0.02187689207494259
0.024145904928445816
0.03185855224728584
0.043221365660429
0.022537708282470703
0.017423218116164207
0.011588066816329956
0.031263452023267746
0.018247609958052635
0.012257592752575874
0.02901029959321022
0.01858813501894474
0.011316862888634205
0.015499944798648357
0.019341308623552322
0.03642513230443001
0.03964592143893242
0.014661954715847969
0.015682319179177284
0.015722814947366714
0.021355651319026947
0.02001337893307209
0.025666983798146248
0.05240960419178009
0.026027441024780273
0.023059114813804626
0.01869797520339489
0.031697697937488556
0.03493450582027435
0.01812618598341942
0.013664038851857185
0.022946354001760483
0.03928649425506592
0.048642322421073914
0.046108342707157135
0.02420930750668049
0.01882704347372055
0.016450949013233185
0.0477130189538002
0.033528901636600494
0.04913831502199173
0.03800065070390701
0.06263754516839981
0.02899252250790596
0.04589815065264702
0.04897819831967354
0.044776055961847305
0.01625777967274189
0.026625294238328934
0.027561569586396217
0.036878641694784164
0.03007981739938259
0.026586761698126793
0.03774065524339676
0.0753716230392456
0.05811326205730438
0.05884590744972229
0.05683521553874016
0.01547303143888712
0.035322610288858414
0.062365058809518814
0.025894461199641228
0.02780683897435665
0.04165547713637352
0.07998702675104141
0.02644074149429798
0.044916581362485886
0.028866585344076157
0.04208899661898613
0.016897426918148994
0.014686398208141327
0.08462974429130554
0.025690041482448578
0.01958499662578106
0.019881274551153183
0.048267170786857605
0.0412190705537796
0.025525817647576332
0.02565215714275837
0.018957963213324547
0.03501458466053009
0.02252669632434845
0.021090323105454445
0.04264555126428604
0.033640582114458084
0.031326815485954285
0.04694554954767227
0.039116617292165756
2.2378389835357666
1.6562789678573608
1.3002614974975586
1.218712568283081
0.8708540797233582
0.8886196613311768
0.8724732398986816
0.6716831922531128
0.7124224305152893
0.5303160548210144
0.6613714694976807
0.6992127895355225
0.649135410785675
0.46451184153556824
0.42067238688468933
0.32190340757369995
0.42326173186302185
0.4607909917831421
0.36363640427589417
0.4291955530643463
0.38215020298957825
0.4204616844654083
0.47986364364624023
0.5312745571136475
0.42504358291625977
0.40348634123802185
0.3833411931991577
0.3619500398635864
0.3387850522994995
0.348515123128891
0.3436662554740906
0.44148167967796326
0.28585919737815857
0.3285232484340668
0.3240261673927307
0.32294878363609314
0.32453253865242004
0.3049086928367615
0.30593204498291016
0.2680967450141907
0.366120308637619
0.38497141003608704
0.3119209110736847
0.2953605055809021
0.23661379516124725
0.2194884717464447
0.2963755428791046
0.27975180745124817
0.26744914054870605
0.33905866742134094
0.3394288420677185
0.20816338062286377
0.22082754969596863
0.2132594883441925
0.26624220609664917
0.23354482650756836
0.2953004240989685
0.160085067152977
0.21619094908237457
0.264450341463089
0.22939737141132355
0.23081369698047638
0.17837567627429962
0.18013925850391388
0.24759095907211304
0.24936212599277496
0.217598095536232
0.23011478781700134
0.1823953092098236
0.20503409206867218
0.2241601049900055
0.2708953619003296
0.20026956498622894
0.21184901893138885
0.23388634622097015
0.17517267167568207
0.178053617477417
0.1865227371454239
0.22751322388648987
0.31340041756629944
0.16972491145133972
0.1832960993051529
0.16026590764522552
0.16881728172302246
0.18537110090255737
0.1804565042257309
0.1460789442062378
0.12756764888763428
0.20645304024219513
0.24078325927257538
0.18835602700710297
0.17379066348075867
0.16015461087226868
0.10649936646223068
0.1914091855287552
0.17983318865299225
0.15930132567882538
0.19623172283172607
0.24337854981422424
0.11320080608129501
0.17003080248832703
0.11564420908689499
0.16901427507400513
0.1518353521823883
0.17687466740608215
0.11025556921958923
0.17521756887435913
0.20939356088638306
0.142425537109375
0.14921768009662628
0.1253407597541809
0.1356247216463089
0.1769203096628189
0.17912420630455017
0.15578339993953705
0.1320190131664276
0.11080434173345566
0.12124260514974594
0.181769460439682
0.20419719815254211
0.15114547312259674
0.15905313193798065
0.1537717580795288
0.10872366279363632
0.15143552422523499
0.14264123141765594
0.1756044626235962
0.2693687975406647
0.13866734504699707
0.13196249306201935
0.13977648317813873
0.1269053816795349
0.17113707959651947
0.13257572054862976
0.1116175428032875
0.07805692404508591
0.13160207867622375
0.17080628871917725
0.14709869027137756
0.1242358386516571
0.1422889679670334
0.07964843511581421
0.14723911881446838
0.08808761090040207
0.11352195590734482
0.18420352041721344
0.20704013109207153
0.0917525514960289
0.11789136379957199
0.13063475489616394
0.15621620416641235
0.12391743808984756
0.14207610487937927
0.081816665828228
0.11389373987913132
0.14320889115333557
0.14249569177627563
0.12876757979393005
0.0990803986787796
0.14056214690208435
0.13738305866718292
0.16874270141124725
0.10748782008886337
0.10872207581996918
0.07007681578397751
0.0743691697716713
0.12372647225856781
0.14887747168540955
0.11655419319868088
0.08842969685792923
0.10202578455209732
0.06490851193666458
0.10925206542015076
0.08924896270036697
0.129031702876091
0.1926785707473755
0.08536852896213531
0.08535775542259216
0.1026185154914856
0.10155882686376572
0.0952238216996193
0.08871141076087952
0.0810638964176178
0.051247913390398026
0.12392520159482956
0.17377428710460663
0.10338067263364792
0.07083261758089066
0.09413884580135345
0.04099814593791962
0.10573538392782211
0.06550893187522888
0.09110216796398163
0.10931932926177979
0.1615176647901535
0.07279349118471146
0.0957629606127739
0.08336978405714035
0.09687463194131851
0.06793505698442459
0.11209194362163544
0.066026970744133
0.10606364160776138
0.1001758724451065
0.07322195172309875
0.09794504195451736
0.09851717203855515
0.085500068962574
0.1013299971818924
0.09878343343734741
0.09006393700838089
0.07917466014623642
0.04998769611120224
0.04714581370353699
0.10128958523273468
0.13468055427074432
0.07810848951339722
0.04594304785132408
0.07250945270061493
0.07421848922967911
0.09833954274654388
0.07046341150999069
0.12135389447212219
0.1427815556526184
0.07376871258020401
0.06885726749897003
0.08566448837518692
0.10205987840890884
0.11973117291927338
0.06606739014387131
0.06650467962026596
0.028758632019162178
0.10985106229782104
0.11677403748035431
0.05746261775493622
0.056257154792547226
0.07107991725206375
0.0508367083966732
0.0657854974269867
0.06400144845247269
0.05955648794770241
0.07096383720636368
0.12445643544197083
0.04687070474028587
0.08135610818862915
0.0930359736084938
0.08910654485225677
0.0506533682346344
0.07171601802110672
0.03369293361902237
0.08349635452032089
0.08179814368486404
0.04728786647319794
0.056829191744327545
0.06834980100393295
0.07315925508737564
0.08332214504480362
0.08845886588096619
0.056361354887485504
0.04162290319800377
0.041230689734220505
0.0502510666847229
0.06198492273688316
0.06277181208133698
0.05075020715594292
0.04206258803606033
0.05115789547562599
0.038691964000463486
0.05589849129319191
0.0351523719727993
0.0868494063615799
0.10654816776514053
0.05565083771944046
0.037022415548563004
0.06669390201568604
0.05269162729382515
0.04820195212960243
0.039414938539266586
0.043782688677310944
0.028854096308350563
0.057707250118255615
0.08352342247962952
0.0555984303355217
0.051764972507953644
0.05042208358645439
0.031292129307985306
0.0675104632973671
0.03438037633895874
0.054859600961208344
0.04367964342236519
0.1173715889453888
0.028193261474370956
0.051555149257183075
0.058380622416734695
0.06808491796255112
0.026264380663633347
0.057284776121377945
0.044253937900066376
0.041590895503759384
0.050637803971767426
0.058344319462776184
0.03767435997724533
0.044808030128479004
0.06405811011791229
0.060362327843904495
0.05695701390504837
0.04639643430709839
0.039219316095113754
0.01920410245656967
0.02997533045709133
0.02592499554157257
0.0515429824590683
0.04104939103126526
0.03618565946817398
0.030637161806225777
0.029815101996064186
0.049581628292798996
0.022206321358680725
0.06546032428741455
0.05201194807887077
0.02309160865843296
0.030844833701848984
0.0265232864767313
0.037641532719135284
0.046126436442136765
0.035515498369932175
0.019561201333999634
0.01998155750334263
0.03726615011692047
0.05270224064588547
0.019315551966428757
0.04495588317513466
0.017634527757763863
0.02757922001183033
0.04464314877986908
0.017701778560876846
0.03064577840268612
0.02855665050446987
0.07020394504070282
0.026632770895957947
0.0412912592291832
0.024945663288235664
0.043620869517326355
0.02929607592523098
0.02633592300117016
0.038556504994630814
0.024060703814029694
0.024418149143457413
0.025336261838674545
0.027661725878715515
0.026794208213686943
0.03211793676018715
0.044382281601428986
0.05961722880601883
0.04002706706523895
0.043328844010829926
0.011197132989764214
0.01843705028295517
0.030991140753030777
0.03246787190437317
0.02975952997803688
0.02050718106329441
0.0173453651368618
0.011482826434075832
0.027335776016116142
0.021156348288059235
0.03208751603960991
0.052898820489645004
0.022489169612526894
0.021942833438515663
0.015512975864112377
0.02065879851579666
0.014253702014684677
0.02053152397274971
0.014601794071495533
0.010914212092757225
0.03304373100399971
0.02307448349893093
0.026030797511339188
0.018996331840753555
0.0145699018612504
0.02132517471909523
0.038181718438863754
0.018676182255148888
0.012403467670083046
0.012205666862428188
0.049437016248703
0.0289247278124094
0.01474786177277565
0.032323502004146576
0.018955519422888756
0.01659991778433323
0.014307500794529915
0.026681292802095413
0.021875781938433647
0.019020872190594673
0.017630470916628838
0.014692940749228
0.010085375048220158
0.018943585455417633
0.014448655769228935
0.01352811511605978
0.014708337374031544
0.03632083535194397
0.0057133217342197895
0.017569800838828087
0.018530748784542084
0.01994730904698372
0.023772701621055603
0.0070408000610768795
0.013750338926911354
0.01026560366153717
0.03161310404539108
0.02199557051062584
0.04189636930823326
0.031991444528102875
0.013856355100870132
0.019645847380161285
0.017621396109461784
0.020499728620052338
0.017040539532899857
0.01004728302359581
0.01898428425192833
0.00870564952492714
0.018315721303224564
0.032612331211566925
0.016477501019835472
0.009256137534976006
0.01215684786438942
0.010850094258785248
0.02407054975628853
0.008646934293210506
0.026123875752091408
0.016361622139811516
0.019471950829029083
0.010165339335799217
0.016143228858709335
0.018418533727526665
0.023124035447835922
0.008135418407619
0.02204126864671707
0.013216525316238403
0.010801156982779503
0.020511506125330925
0.00919767189770937
0.009387434460222721
0.014224306680262089
0.01604282483458519
0.016071321442723274
0.01937723532319069
0.017604975029826164
0.008453022688627243
0.005046537145972252
0.014859315939247608
0.007943806238472462
0.015275666490197182
0.010195299983024597
0.008265487849712372
0.01043834537267685
0.013533168472349644
0.009908128529787064
0.019138187170028687
0.014437831938266754
0.020577460527420044
0.005263614933937788
0.01231287233531475
0.007826375775039196
0.011144807562232018
0.01736629568040371
0.029557975009083748
0.009310268796980381
0.013780019246041775
0.012964432127773762
0.02610187418758869
0.010758152231574059
0.01291803177446127
0.016906283795833588
0.008080624043941498
0.00919037964195013
0.016681531444191933
0.012230786494910717
0.009856365621089935
0.016449155285954475
0.013421518728137016
0.010199432261288166
0.026285134255886078
0.013433282263576984
0.018196655437350273
0.009936166927218437
0.008667897433042526
0.005758655723184347
0.021492652595043182
0.004862344358116388
0.010279855690896511
0.006296895444393158
0.013223223388195038
0.010904058814048767
0.014660358428955078
0.008782504126429558
0.008804173208773136
2.409020185470581
1.0282953977584839
0.7883933782577515
0.7481957674026489
0.6978904008865356
0.6545152068138123
0.5953802466392517
0.5015302896499634
0.4911682605743408
0.4529103636741638
0.4154663383960724
0.4414518475532532
0.34878990054130554
0.37626025080680847
0.36675143241882324
0.3447166085243225
0.2896665632724762
0.3038569390773773
0.3231714963912964
0.3002069592475891
0.40282028913497925
0.3675793409347534
0.33684515953063965
0.24987418949604034
0.2251676619052887
0.22490665316581726
0.31480616331100464
0.2180396169424057
0.2405654340982437
0.3008100390434265
0.2793760299682617
0.23449556529521942
0.19019265472888947
0.2264835238456726
0.25344008207321167
0.2295883148908615
0.2934209108352661
0.19165708124637604
0.21003767848014832
0.26291269063949585
0.2707435190677643
0.21715089678764343
0.21061581373214722
0.19439351558685303
0.2823576033115387
0.25990068912506104
0.2442089468240738
0.27466443181037903
0.17105476558208466
0.20821331441402435
0.22972595691680908
0.2939242422580719
0.19626350700855255
0.20188267529010773
0.22233662009239197
0.17829389870166779
0.20126348733901978
0.18205787241458893
0.15692292153835297
0.2688549757003784
0.14485999941825867
0.17557114362716675
0.16510382294654846
0.15369024872779846
0.16395795345306396
0.17640352249145508
0.14588597416877747
0.12242139875888824
0.21978165209293365
0.17346300184726715
0.1636851727962494
0.13731981813907623
0.1494903564453125
0.15421625971794128
0.16333745419979095
0.14853772521018982
0.15721367299556732
0.19318349659442902
0.18887914717197418
0.12773944437503815
0.12452059984207153
0.1321789026260376
0.17548806965351105
0.14867323637008667
0.16660133004188538
0.11559060215950012
0.17488840222358704
0.1658339947462082
0.18070001900196075
0.11390788853168488
0.15740364789962769
0.14789947867393494
0.16756601631641388
0.20694617927074432
0.14461129903793335
0.14654086530208588
0.08580473065376282
0.1439499408006668
0.1414051353931427
0.1883084923028946
0.13701298832893372
0.11411827057600021
0.1421228051185608
0.1271737962961197
0.11438632011413574
0.11892019212245941
0.11611320078372955
0.21261432766914368
0.08851029723882675
0.12220995128154755
0.09753318130970001
0.1032082810997963
0.0996512621641159
0.11080336570739746
0.11358865350484848
0.08214487880468369
0.1572597473859787
0.13996057212352753
0.14189010858535767
0.07854520529508591
0.12085429579019547
0.08297126740217209
0.12324073910713196
0.074483223259449
0.09608706831932068
0.14341838657855988
0.13912948966026306
0.09694677591323853
0.08959859609603882
0.10312487185001373
0.12417816370725632
0.09834509342908859
0.09517372399568558
0.06655215471982956
0.1454250067472458
0.19084104895591736
0.11472196877002716
0.08891265094280243
0.07248826324939728
0.11838588118553162
0.13995644450187683
0.12884414196014404
0.11447956413030624
0.0871872678399086
0.06986719369888306
0.10467362403869629
0.0971556007862091
0.14629031717777252
0.10248134285211563
0.08530987799167633
0.11750186234712601
0.09049782156944275
0.09190911054611206
0.07754432410001755
0.09185802936553955
0.20574581623077393
0.06959667801856995
0.08898229897022247
0.09429614990949631
0.09283357113599777
0.09122050553560257
0.07186577469110489
0.08316456526517868
0.049147266894578934
0.1267729103565216
0.1187661662697792
0.09770405292510986
0.06332653760910034
0.07925340533256531
0.07024969160556793
0.06514865159988403
0.061199020594358444
0.08726315200328827
0.10477885603904724
0.11274326592683792
0.04923936352133751
0.06266412138938904
0.08893238008022308
0.06736116111278534
0.06855746358633041
0.06660772114992142
0.0601312629878521
0.1125376746058464
0.11409284174442291
0.07158064842224121
0.08756984025239944
0.07802683860063553
0.08029893040657043
0.08246690034866333
0.1002899780869484
0.07365969568490982
0.06876654177904129
0.03663395345211029
0.08095201104879379
0.09649410843849182
0.12073726952075958
0.08363525569438934
0.07365841418504715
0.08512291312217712
0.08123422414064407
0.058649614453315735
0.08447430282831192
0.08313911408185959
0.17552942037582397
0.0676320418715477
0.06995030492544174
0.05509011074900627
0.07481126487255096
0.06670209765434265
0.039195265620946884
0.07941173017024994
0.032600920647382736
0.11722402274608612
0.09267263859510422
0.07411611825227737
0.050653111189603806
0.09171605855226517
0.059677854180336
0.07987949997186661
0.05849819257855415
0.05852871760725975
0.08801866322755814
0.1058543473482132
0.0471719428896904
0.056313127279281616
0.05806954950094223
0.06437266618013382
0.06659632921218872
0.04500215873122215
0.052559059113264084
0.079310342669487
0.0677400454878807
0.046112362295389175
0.03613252192735672
0.04522979259490967
0.06084994971752167
0.051989927887916565
0.045511774718761444
0.03997674211859703
0.04439437761902809
0.03385044261813164
0.08142510801553726
0.05090175196528435
0.08084053546190262
0.08158866316080093
0.07002565264701843
0.056116972118616104
0.05243608355522156
0.058292511850595474
0.04010046273469925
0.030630415305495262
0.11202684044837952
0.04159246012568474
0.03564521297812462
0.035413533449172974
0.03028811514377594
0.03864302486181259
0.047306329011917114
0.050978560000658035
0.027508825063705444
0.07330870628356934
0.08483842760324478
0.03361956402659416
0.04598849639296532
0.057413067668676376
0.04552154242992401
0.05786377564072609
0.02696954645216465
0.03733671084046364
0.06257171928882599
0.09046097099781036
0.035693854093551636
0.03369630500674248
0.04268639162182808
0.05959555506706238
0.04383290186524391
0.04688231647014618
0.037640560418367386
0.0477251298725605
0.05088108777999878
0.027232076972723007
0.03339986130595207
0.02371661551296711
0.03172384947538376
0.06826112419366837
0.04013737663626671
0.0488981269299984
0.038427334278821945
0.03148247301578522
0.04572313278913498
0.024888107553124428
0.03723105788230896
0.05672532692551613
0.04770761728286743
0.06361473351716995
0.041935257613658905
0.06401975452899933
0.0448887012898922
0.05327162519097328
0.0811639204621315
0.02720850147306919
0.025524688884615898
0.023869015276432037
0.06816426664590836
0.04260306432843208
0.031075065955519676
0.03210176154971123
0.012021618895232677
0.06334148347377777
0.05817684531211853
0.03701573610305786
0.028444115072488785
0.03637147694826126
0.04329763352870941
0.04252110421657562
0.022409388795495033
0.025798145681619644
0.04886452108621597
0.06367368251085281
0.02660682238638401
0.039744529873132706
0.039325982332229614
0.04275750741362572
0.019447611644864082
0.019838882610201836
0.028929168358445168
0.04106223210692406
0.02575966902077198
0.02598029002547264
0.02576245740056038
0.01947566121816635
0.029256420210003853
0.030572986230254173
0.03520737215876579
0.027516527101397514
0.017021898180246353
0.012823713943362236
0.019426459446549416
0.02397678792476654
0.02071443945169449
0.026965700089931488
0.020340245217084885
0.017822833731770515
0.01686221919953823
0.03600459173321724
0.027389418333768845
0.041229162365198135
0.031416114419698715
0.020889274775981903
0.01911199279129505
0.021085405722260475
0.016723763197660446
0.025558575987815857
0.016448240727186203
0.02554943412542343
0.00653434544801712
0.026942098513245583
0.04487881064414978
0.017980162054300308
0.015626445412635803
0.03814712166786194
0.01592533104121685
0.03521009162068367
0.016775520518422127
0.008967681787908077
0.018015140667557716
0.03651227802038193
0.010320998728275299
0.01923154480755329
0.023200558498501778
0.02316516451537609
0.015538805164396763
0.011383949778974056
0.021070750430226326
0.03168138116598129
0.035985253751277924
0.015996208414435387
0.009472133591771126
0.008936433121562004
0.018224522471427917
0.027877384796738625
0.012162304483354092
0.01811985671520233
0.015419802628457546
0.01497279480099678
0.014132771641016006
0.01214202307164669
0.02501547709107399
0.030646950006484985
0.012903143651783466
0.013977021910250187
0.014396147802472115
0.006531577557325363
0.00880873017013073
0.02345575951039791
0.0331290178000927
0.008365624584257603
0.011807039380073547
0.01678510010242462
0.01529533602297306
0.011132337152957916
0.013358505442738533
0.01712326519191265
0.013234094716608524
0.03283598646521568
0.017973342910408974
0.01466942485421896
0.01310587115585804
0.02582273818552494
0.023738469928503036
0.06588808447122574
0.022238336503505707
0.013104680925607681
0.01317948941141367
0.048674117773771286
0.010225166566669941
0.006356687285006046
0.013954831287264824
0.015565047040581703
0.012874883599579334
0.013098815456032753
0.008496430702507496
0.010855440981686115
0.03069525957107544
0.015617637895047665
0.01174401305615902
0.008961384184658527
0.005447654519230127
0.02088829316198826
0.01089544128626585
0.011812249198555946
0.014290804043412209
0.007297792471945286
0.013543186709284782
0.009454048238694668
0.010469585657119751
0.026273125782608986
0.015229986049234867
0.017081672325730324
0.011715122498571873
0.011489025317132473
0.013434448279440403
0.013958736322820187
0.01818612962961197
0.010644672438502312
0.010629172436892986
0.01159186102449894
0.017219826579093933
0.0074863918125629425
0.016320500522851944
0.015005486086010933
0.004146270919591188
0.012036512605845928
0.009763275273144245
0.011903041042387486
0.007659832946956158
0.017948204651474953
0.0035471441224217415
0.008585375733673573
0.007460566237568855
0.0066851042211055756
0.01235914696007967
0.030915601179003716
0.005552541930228472
0.0069616688415408134
0.02890373207628727
0.01184158120304346
0.006017494946718216
0.01510943565517664
0.007291938178241253
0.008522097021341324
0.010599358938634396
0.013767686672508717
0.007382809650152922
0.007347239181399345
0.008759863674640656
0.012798002921044827
0.01347796618938446
0.0063733006827533245
0.007816341705620289
0.00849211122840643
0.008504989556968212
0.009924652054905891
0.009458172135055065
0.03754052892327309
0.010205920785665512
0.005521006416529417
0.00957396999001503
0.01017437782138586
0.008760838769376278
0.008225720375776291
0.015923883765935898
0.008384982123970985
0.005115654785186052
0.006277870386838913
0.0033852113410830498
0.01460616011172533
0.004245305899530649
0.011528214439749718
0.0018584182253107429
1.7917739152908325
1.3166718482971191
0.6595102548599243
0.6318394541740417
0.5609873533248901
0.30436113476753235
0.3888990879058838
0.41913843154907227
0.3892748951911926
0.4239112436771393
0.37062928080558777
0.2714799642562866
0.27559787034988403
0.3170469403266907
0.4107804596424103
0.33658367395401
0.2949973940849304
0.24336710572242737
0.3103077709674835
0.3429621458053589
0.2904096245765686
0.228390172123909
0.1853913813829422
0.23876331746578217
0.2660609483718872
0.24168691039085388
0.18912753462791443
0.24879790842533112
0.20771196484565735
0.2439357191324234
0.22851893305778503
0.2593536078929901
0.22844357788562775
0.23255707323551178
0.3100733160972595
0.16391168534755707
0.1809157282114029
0.17715872824192047
0.21318025887012482
0.32458972930908203
0.1352810561656952
0.18498322367668152
0.20589286088943481
0.19016140699386597
0.21149207651615143
0.14789564907550812
0.17677605152130127
0.13455358147621155
0.2235938161611557
0.29678237438201904
0.2098209112882614
0.1821885108947754
0.14003540575504303
0.14410792291164398
0.178925558924675
0.15523500740528107
0.17782583832740784
0.17240923643112183
0.20645293593406677
0.11968577653169632
0.14124102890491486
0.14014877378940582
0.16467595100402832
0.1627575308084488
0.13075202703475952
0.08945992588996887
0.14008033275604248
0.2101363241672516
0.1814112812280655
0.15075765550136566
0.0796860009431839
0.1782420575618744
0.12939225137233734
0.1400441974401474
0.1005590483546257
0.11886146664619446
0.12029112130403519
0.13270847499370575
0.1672733575105667
0.17555266618728638
0.13189482688903809
0.12973614037036896
0.16800646483898163
0.10727842897176743
0.11058478057384491
0.14751006662845612
0.13530005514621735
0.21274235844612122
0.10442977398633957
0.10298769921064377
0.11749845743179321
0.10658890008926392
0.13966549932956696
0.0977681577205658
0.10102754831314087
0.07861839234828949
0.17585144937038422
0.17869123816490173
0.13661982119083405
0.13294939696788788
0.10528063029050827
0.12703226506710052
0.11405789852142334
0.1419302076101303
0.09295261651277542
0.143959641456604
0.1450037807226181
0.08179063349962234
0.06745626777410507
0.11782129108905792
0.1184396967291832
0.11045797169208527
0.08520887047052383
0.06568951904773712
0.13234011828899384
0.1331959068775177
0.15476393699645996
0.07331091910600662
0.07030318677425385
0.1159813329577446
0.09891124069690704
0.11647946387529373
0.08593712002038956
0.10552342981100082
0.06677477061748505
0.1140330359339714
0.12119247764348984
0.1368934065103531
0.09841318428516388
0.10719693452119827
0.12491090595722198
0.06876097619533539
0.09016577154397964
0.10270288586616516
0.08669910579919815
0.16365329921245575
0.0983148068189621
0.04394670948386192
0.07153120636940002
0.06422067433595657
0.08854963630437851
0.0724068433046341
0.07458049803972244
0.0469830296933651
0.1503179371356964
0.1293364316225052
0.08747117966413498
0.0796596109867096
0.08110251277685165
0.0715026929974556
0.10901454836130142
0.07887057214975357
0.08929715305566788
0.09415828436613083
0.14594124257564545
0.07226979732513428
0.0545455701649189
0.12028671056032181
0.09949249774217606
0.07611166685819626
0.08650319278240204
0.044748399406671524
0.07904624938964844
0.0912298634648323
0.12789945304393768
0.08372944593429565
0.05197730287909508
0.09823504835367203
0.09957827627658844
0.09552915394306183
0.06795112043619156
0.07164937257766724
0.0426638089120388
0.07351458817720413
0.08950140327215195
0.08822537213563919
0.09279824048280716
0.07194305956363678
0.08058471977710724
0.04153657332062721
0.0957246720790863
0.07212314754724503
0.08130783587694168
0.1232958436012268
0.0563620924949646
0.03968486189842224
0.073442742228508
0.061293378472328186
0.057980477809906006
0.051458690315485
0.06273404508829117
0.02991139329969883
0.1003127172589302
0.07337888330221176
0.0470605194568634
0.10277577489614487
0.05415099486708641
0.042251963168382645
0.08168032765388489
0.05087040364742279
0.0693964883685112
0.09553313255310059
0.14053599536418915
0.06742971390485764
0.05106322839856148
0.06321673840284348
0.05823248252272606
0.08675144612789154
0.09198123216629028
0.034789420664310455
0.048661209642887115
0.09096850454807281
0.09460463374853134
0.045733533799648285
0.03707193583250046
0.06703010201454163
0.06556221097707748
0.07133451104164124
0.0446433499455452
0.05650490149855614
0.037366826087236404
0.05622496455907822
0.08051516115665436
0.04930631071329117
0.04766993597149849
0.03986535593867302
0.05299270898103714
0.05298955366015434
0.06800619512796402
0.06266670674085617
0.0776185393333435
0.08992894738912582
0.04424485191702843
0.033665839582681656
0.0449494831264019
0.06134212762117386
0.037739500403404236
0.03501298651099205
0.05150647088885307
0.02356141433119774
0.0706249549984932
0.08500541001558304
0.03979552537202835
0.050692662596702576
0.047831155359745026
0.04436713829636574
0.03788800165057182
0.0477939173579216
0.04793168604373932
0.07827512919902802
0.08352715522050858
0.022996677085757256
0.03645710274577141
0.04775999113917351
0.04338870197534561
0.04440048336982727
0.04550090804696083
0.020048312842845917
0.04418903961777687
0.0602068193256855
0.046397123485803604
0.03602810949087143
0.026711247861385345
0.033534519374370575
0.03609506040811539
0.04616144299507141
0.04807030037045479
0.039523422718048096
0.020084893330931664
0.0434478223323822
0.05828756466507912
0.032874543219804764
0.03881501778960228
0.025886237621307373
0.030667375773191452
0.0406545028090477
0.05398305878043175
0.03192068263888359
0.059442855417728424
0.038211971521377563
0.041626788675785065
0.028691977262496948
0.03237488493323326
0.02329646795988083
0.02203403227031231
0.0312332883477211
0.02801108919084072
0.008714623749256134
0.028052551671862602
0.05130302160978317
0.025255339220166206
0.026729663833975792
0.024583078920841217
0.02051260508596897
0.04627414420247078
0.019125498831272125
0.023847682401537895
0.027325470000505447
0.0434427410364151
0.016071079298853874
0.03264646232128143
0.045099034905433655
0.037477727979421616
0.018170464783906937
0.013830930925905704
0.011186307296156883
0.023138167336583138
0.049453023821115494
0.019538085907697678
0.0208907388150692
0.018693285062909126
0.02323908545076847
0.025558188557624817
0.0299453716725111
0.02317790687084198
0.022565733641386032
0.013094917871057987
0.018982935696840286
0.02320488542318344
0.011995440348982811
0.023290300741791725
0.012821022421121597
0.01235864870250225
0.025424091145396233
0.03975365310907364
0.023919064551591873
0.019990958273410797
0.021056922152638435
0.019273070618510246
0.01122357603162527
0.016155583783984184
0.011836514808237553
0.016467681154608727
0.01847340166568756
0.01893709972500801
0.009987324476242065
0.027759822085499763
0.026362448930740356
0.019635474309325218
0.017924822866916656
0.01809205673635006
0.015513496473431587
0.03038756549358368
0.022469980642199516
0.012076743878424168
0.017130086198449135
0.02582494728267193
0.013806137256324291
0.014690319076180458
0.015667619183659554
0.02069278247654438
0.03565653786063194
0.021770188584923744
0.020212482661008835
0.01761436089873314
0.01039869524538517
0.01823335699737072
0.014218212105333805
0.012552297674119473
0.019734874367713928
0.017879381775856018
0.040419671684503555
0.008569211699068546
0.010725688189268112
0.010903364047408104
0.013171957805752754
0.014364832080900669
0.02600303292274475
0.025636911392211914
0.01836322993040085
0.0134928859770298
0.010148021392524242
0.013079187832772732
0.015225923620164394
0.007318401709198952
0.019655155017971992
0.023854870349168777
0.027932271361351013
0.014177669771015644
0.014549048617482185
0.014072342775762081
0.019764482975006104
0.01345434132963419
0.007718180771917105
0.014920325949788094
0.012671600095927715
0.01306777074933052
0.012253522872924805
0.027066821232438087
0.006921584717929363
0.011604041792452335
0.023563209921121597
0.014996444806456566
0.01486262958496809
0.032657869160175323
0.008788831532001495
0.009029317647218704
0.025336487218737602
0.01694408617913723
0.01289164274930954
0.018497377634048462
0.0221547968685627
0.028114212676882744
0.02343774028122425
0.03080664947628975
0.007401736453175545
0.009103592485189438
0.011223016306757927
0.013780090026557446
0.014676607213914394
0.014905838295817375
0.015791410580277443
0.013684569858014584
0.010578745044767857
0.010293407365679741
0.013231976889073849
0.014700689353048801
0.008852160535752773
0.008538482710719109
0.005359114147722721
0.012860347516834736
0.010614240542054176
0.010640126653015614
0.006891045719385147
0.007770752068608999
0.010371178388595581
0.013195599429309368
0.011614990420639515
0.009712639264762402
0.016928574070334435
0.005127517506480217
0.010385504923760891
0.013034103438258171
0.01590663753449917
0.006041347049176693
0.009783011861145496
0.007160302251577377
0.006256041117012501
0.016441242769360542
0.005850742571055889
0.007674633525311947
0.006226925645023584
0.032846562564373016
0.005556212738156319
0.011562949046492577
0.013046633452177048
0.005696204956620932
0.01212096307426691
0.011410587467253208
0.007614798378199339
0.005464623682200909
0.007117167580872774
0.009921909309923649
0.0041627730242908
0.008719237521290779
0.004982941783964634
0.008560501039028168
0.002906543668359518
0.006210615858435631
0.007192269433289766
0.004566413816064596
0.009828854352235794
0.004584347829222679
0.0081748953089118
0.005224473308771849
0.0034940619952976704
0.013610071502625942
0.007008840329945087
0.004653881303966045
0.0029780666809529066
0.009601578116416931
0.015352186746895313
0.0051816548220813274
0.0057427287101745605
0.004743583966046572
0.004574229009449482
0.011155559681355953
0.00828090775758028
0.004931758623570204
0.0022858018055558205
0.007375557441264391
0.008840944617986679
0.0050733257085084915
0.005234357435256243
0.0036527393385767937
0.003612775821238756
0.006897630635648966
0.006609820760786533
0.003411183599382639
0.0063769035041332245
0.012945546768605709
0.006742013152688742
0.0032629691995680332
0.01752120442688465
0.00483293179422617
0.0031448188237845898
0.0033137393184006214
0.004448806867003441
0.0032593081705272198
0.0032871041912585497
1.0667929649353027
0.45141106843948364
0.3182799220085144
0.33696600794792175
0.3058330714702606
0.30327942967414856
0.2991606891155243
0.2747693955898285
0.2350061982870102
0.2652874290943146
0.2382638305425644
0.26531821489334106
0.25063952803611755
0.2778116762638092
0.19641613960266113
0.17729534208774567
0.25817155838012695
0.2725413143634796
0.1679212749004364
0.26459959149360657
0.10505614429712296
0.18793223798274994
0.16422702372074127
0.1741378754377365
0.21135395765304565
0.12205683439970016
0.16871748864650726
0.15299344062805176
0.22099266946315765
0.26475465297698975
0.20766028761863708
0.12720675766468048
0.17633140087127686
0.0867442637681961
0.17004477977752686
0.15087391436100006
0.1552698016166687
0.1846025437116623
0.18159924447536469
0.11497186869382858
0.13742345571517944
0.1468101590871811
0.1905418336391449
0.14014263451099396
0.12597531080245972
0.12370181083679199
0.1371176391839981
0.17375312745571136
0.14141839742660522
0.08342364430427551
0.11284685879945755
0.08516178280115128
0.09742534160614014
0.14254826307296753
0.12180660665035248
0.06973221153020859
0.06781355291604996
0.14663854241371155
0.13350990414619446
0.1577506959438324
0.11760953068733215
0.14131417870521545
0.13457557559013367
0.06580371409654617
0.10283298045396805
0.10765884071588516
0.09030620008707047
0.1758049726486206
0.07983962446451187
0.06107539311051369
0.09392088651657104
0.12007106840610504
0.10044225305318832
0.0704835057258606
0.1350977122783661
0.04753720760345459
0.16478268802165985
0.1529027223587036
0.1328103095293045
0.0918269082903862
0.12259179353713989
0.07560425996780396
0.09696865826845169
0.114969402551651
0.10312481969594955
0.11688125878572464
0.14775145053863525
0.06379144638776779
0.08029451221227646
0.09854739159345627
0.13755464553833008
0.12174704670906067
0.12024464458227158
0.054177287966012955
0.1460958868265152
0.11925682425498962
0.0843721553683281
0.07796168327331543
0.07909393310546875
0.08784548938274384
0.08404555171728134
0.1247837021946907
0.07361537218093872
0.06060587614774704
0.06374505162239075
0.09663715213537216
0.09479287266731262
0.11905517429113388
0.06784108281135559
0.09889990091323853
0.09781064093112946
0.06432212144136429
0.14299644529819489
0.07670700550079346
0.07659944891929626
0.16530205309391022
0.05092799663543701
0.061557598412036896
0.06799688935279846
0.08266162872314453
0.07793910801410675
0.05919935554265976
0.08752983063459396
0.05441967025399208
0.11460793763399124
0.12324293702840805
0.11222925037145615
0.10938550531864166
0.10391281545162201
0.06306193023920059
0.10824885219335556
0.10340655595064163
0.12036939710378647
0.09620775282382965
0.1116940900683403
0.05789695307612419
0.048490457236766815
0.07592877000570297
0.09126854687929153
0.07882180064916611
0.06723330914974213
0.06958707422018051
0.09451752156019211
0.07542251795530319
0.04736234247684479
0.06804629415273666
0.06016632542014122
0.07694287598133087
0.07768068462610245
0.09041239321231842
0.07574369013309479
0.03810177743434906
0.04300682991743088
0.06228514760732651
0.05663185939192772
0.08344700187444687
0.08162170648574829
0.0643705502152443
0.057412873953580856
0.04539739340543747
0.08315763622522354
0.08737751841545105
0.04159000515937805
0.11317592114210129
0.05405677109956741
0.03845237195491791
0.07984552532434464
0.05685499310493469
0.0682329311966896
0.0469251424074173
0.04758119210600853
0.03607536107301712
0.06194272264838219
0.0713665708899498
0.05374443531036377
0.042924441397190094
0.08682652562856674
0.029886340722441673
0.04704694077372551
0.051068905740976334
0.05786332115530968
0.05449042469263077
0.0935237929224968
0.04665905237197876
0.032388363033533096
0.049354296177625656
0.046829819679260254
0.04221522808074951
0.051671817898750305
0.02795044519007206
0.07835188508033752
0.07689032703638077
0.060555268079042435
0.02379925362765789
0.040426116436719894
0.03421616926789284
0.046844467520713806
0.05338958650827408
0.0429907962679863
0.035637740045785904
0.03693421930074692
0.04869868978857994
0.062109921127557755
0.06324871629476547
0.046646617352962494
0.03412582725286484
0.05486077815294266
0.030786914750933647
0.0674719288945198
0.05538589507341385
0.04727913811802864
0.09746106714010239
0.034582339227199554
0.024490119889378548
0.039702046662569046
0.04220540449023247
0.04544931277632713
0.032773301005363464
0.04955752566456795
0.018263839185237885
0.05394318699836731
0.07575248926877975
0.04320238158106804
0.03563674911856651
0.040034156292676926
0.01711551658809185
0.0494113452732563
0.053399354219436646
0.05982344597578049
0.041149038821458817
0.1007390171289444
0.014099936932325363
0.04793963581323624
0.023458220064640045
0.03504597395658493
0.025439800694584846
0.046091094613075256
0.021422723308205605
0.04930068552494049
0.09548286348581314
0.032853007316589355
0.038400135934352875
0.040007930248975754
0.04456685855984688
0.044068969786167145
0.08495654910802841
0.03484725579619408
0.03668178990483284
0.058545663952827454
0.04818064719438553
0.03286578133702278
0.0718216598033905
0.04752903804183006
0.05919215455651283
0.039587002247571945
0.03794201463460922
0.049014754593372345
0.06934545934200287
0.029969288036227226
0.07159332931041718
0.021358031779527664
0.03575088456273079
0.024497879669070244
0.03730378672480583
0.02025764249265194
0.02767883986234665
0.019424336031079292
0.009272667579352856
0.03685159981250763
0.06375233083963394
0.021857762709259987
0.021433571353554726
0.0478120818734169
0.01596805825829506
0.03873299062252045
0.027587279677391052
0.03830501437187195
0.029863199219107628
0.05989201366901398
0.03469686955213547
0.03136484697461128
0.023287761956453323
0.04773532971739769
0.024154923856258392
0.0248540248721838
0.02938300371170044
0.030806532129645348
0.03357085958123207
0.02069096826016903
0.025165503844618797
0.0167239997535944
0.021066920831799507
0.029826341196894646
0.03947124257683754
0.02641310915350914
0.01632622256875038
0.018437698483467102
0.021000994369387627
0.03003716468811035
0.029024416580796242
0.0211569145321846
0.018213670700788498
0.047268498688936234
0.014844262972474098
0.04127199575304985
0.03133827820420265
0.013455155305564404
0.056364353746175766
0.023786289617419243
0.02987602911889553
0.0284242145717144
0.032370246946811676
0.04556034505367279
0.023345498368144035
0.011934030801057816
0.014103999361395836
0.021848971024155617
0.03796299546957016
0.019160030409693718
0.020910006016492844
0.032996777445077896
0.015027952380478382
0.019696766510605812
0.01987394690513611
0.02064046449959278
0.016331341117620468
0.045203059911727905
0.016629444435238838
0.00984676368534565
0.015533621422946453
0.012831666506826878
0.022908883169293404
0.025378486141562462
0.015459484420716763
0.026460040360689163
0.03855082020163536
0.012277011759579182
0.016376635059714317
0.010986516252160072
0.008544142358005047
0.010064888745546341
0.012283625081181526
0.013912747614085674
0.010708030313253403
0.01880434714257717
0.016627151519060135
0.018487300723791122
0.010346099734306335
0.028132576495409012
0.016210023313760757
0.022669333964586258
0.015705347061157227
0.011565092019736767
0.03102567233145237
0.01385035552084446
0.01732024922966957
0.01010039821267128
0.019921617582440376
0.009003238752484322
0.01588648557662964
0.00806201621890068
0.0204603374004364
0.016682978719472885
0.007089145015925169
0.020756805315613747
0.03225981444120407
0.010019035078585148
0.009115737862884998
0.009110962972044945
0.010414429940283298
0.022123116999864578
0.01786224916577339
0.01260654628276825
0.026163844391703606
0.04216742143034935
0.007830014452338219
0.007719902321696281
0.025344543159008026
0.013143783435225487
0.00969633273780346
0.013844449073076248
0.01547098159790039
0.02056926302611828
0.013485860079526901
0.026884781196713448
0.006636393256485462
0.01819465495646
0.012079532258212566
0.01672522723674774
0.008774775080382824
0.00877555925399065
0.008699353784322739
0.008087371475994587
0.014737880788743496
0.012447025626897812
0.013744601048529148
0.011458683758974075
0.013622473925352097
0.014696971513330936
0.015328207984566689
0.025605900213122368
0.022156938910484314
0.009182742796838284
0.021042445674538612
0.009849704802036285
0.021742546930909157
0.008143053390085697
0.00494519155472517
0.008693329989910126
0.008710951544344425
0.009975350461900234
0.006476977840065956
0.008484373800456524
0.019114654511213303
0.011694403365254402
0.01907602697610855
0.007845900021493435
0.033459946513175964
0.010367590002715588
0.009119590744376183
0.011198116466403008
0.014695648103952408
0.024848876520991325
0.010279194451868534
0.02283940091729164
0.012461893260478973
0.017777835950255394
0.02077419124543667
0.005704284179955721
0.011514302343130112
0.014710352756083012
0.03279963135719299
0.01712263748049736
0.014888597652316093
0.011340430937707424
0.016162525862455368
0.008945203386247158
0.014760162681341171
0.015182358212769032
0.011021995916962624
0.005255301017314196
0.011344745755195618
0.011689268983900547
0.0126802371814847
0.016886569559574127
0.014596117660403252
0.012798621319234371
0.008275963366031647
0.01092718355357647
0.020722122862935066
0.008717707358300686
0.036413490772247314
0.008402322418987751
0.008659539744257927
0.006980021949857473
0.008506606332957745
0.016319353133440018
0.01148233562707901
0.0044563570991158485
0.005208390764892101
0.024354375898838043
0.006836655084043741
0.006123690865933895
0.006555387284606695
0.012596792541444302
0.01308356411755085
0.019842933863401413
0.015469119884073734
0.011905866675078869
0.02613924629986286
0.027994461357593536
0.019051318988204002
0.020827865228056908
0.012700521387159824
0.011014724150300026
0.009377280250191689
0.008610978722572327
0.007354108151048422
0.01400606706738472
0.007687844336032867
0.026108812540769577
0.0062812017276883125
0.012676547281444073
0.017043571919202805
0.009798946790397167
0.010282209143042564
0.005556396208703518
0.01115405559539795
0.007382903713732958
0.01389754842966795
0.01090230792760849
0.012395002879202366
0.008223282173275948
0.01018472108989954
0.00719457259401679
0.00843594130128622
0.013913559727370739
0.017249329015612602
0.005621189251542091
0.015163462609052658
0.5480234026908875
0.26980477571487427
0.2675137519836426
0.27719491720199585
0.27305883169174194
0.2886376976966858
0.15429075062274933
0.1555291712284088
0.2298889309167862
0.22405780851840973
0.2137066125869751
0.2294875830411911
0.26674193143844604
0.11434070020914078
0.2425902783870697
0.14623327553272247
0.13432373106479645
0.16847778856754303
0.29931342601776123
0.1186220720410347
0.1529366672039032
0.1451331079006195
0.1814967393875122
0.145096093416214
0.17920424044132233
0.1288117915391922
0.2840561866760254
0.18401175737380981
0.10933592170476913
0.10971763730049133
0.12171701341867447
0.1494995355606079
0.15495538711547852
0.21413904428482056
0.14308515191078186
0.10672421008348465
0.1300329864025116
0.09061431139707565
0.1393745243549347
0.17791864275932312
0.11274531483650208
0.15976379811763763
0.1640269160270691
0.09723100066184998
0.14290952682495117
0.15400850772857666
0.12841099500656128
0.21402163803577423
0.12773044407367706
0.07512632757425308
0.127475306391716
0.1165434718132019
0.12351474165916443
0.10706009715795517
0.08981123566627502
0.048371125012636185
0.11110395938158035
0.11613779515028
0.05848541483283043
0.09444792568683624
0.12382020801305771
0.08462437987327576
0.12305928766727448
0.0759352296590805
0.10404124110937119
0.12648436427116394
0.1650906354188919
0.05050377920269966
0.05726190283894539
0.10265612602233887
0.13121391832828522
0.09861872345209122
0.09906097501516342
0.058042362332344055
0.12670311331748962
0.12930963933467865
0.0697607770562172
0.071865014731884
0.090373694896698
0.0900101438164711
0.10568742454051971
0.12070754170417786
0.08731390535831451
0.05573488771915436
0.05710747465491295
0.06377676874399185
0.10944138467311859
0.074430450797081
0.08562692254781723
0.08897405117750168
0.09895413368940353
0.06328970938920975
0.10325715690851212
0.10281717777252197
0.07231282442808151
0.11729062348604202
0.048507947474718094
0.03981848061084747
0.0737432911992073
0.06065918877720833
0.0741935670375824
0.046790435910224915
0.09526842832565308
0.03756019473075867
0.06001955643296242
0.08042052388191223
0.05860883742570877
0.09030997008085251
0.06582820415496826
0.030573558062314987
0.06941727548837662
0.03626176714897156
0.07036013901233673
0.08824632316827774
0.13769708573818207
0.03697109594941139
0.03757411241531372
0.06324337422847748
0.06787849217653275
0.0733223706483841
0.06999053806066513
0.036343105137348175
0.09241648763418198
0.08201295882463455
0.05709134414792061
0.049570951610803604
0.049042992293834686
0.047162286937236786
0.046916428953409195
0.08332786709070206
0.05156485736370087
0.03372157737612724
0.059785787016153336
0.04402124136686325
0.04734698683023453
0.07881276309490204
0.07355033606290817
0.06605355441570282
0.06054525822401047
0.02835850603878498
0.07622890919446945
0.07772336900234222
0.07119804620742798
0.06244341656565666
0.03339765965938568
0.042286068201065063
0.06670677661895752
0.03730111941695213
0.05014079064130783
0.028169669210910797
0.042846519500017166
0.01584135740995407
0.06327483803033829
0.07204732298851013
0.03862253949046135
0.05744514241814613
0.04813423380255699
0.02920600213110447
0.05228015035390854
0.05586802586913109
0.03634064272046089
0.067393958568573
0.07621398568153381
0.018998688086867332
0.04131930321455002
0.047571443021297455
0.06756345927715302
0.046870652586221695
0.07030268013477325
0.033343054354190826
0.09343000501394272
0.08940156549215317
0.044047195464372635
0.029595348984003067
0.03344298154115677
0.08053585886955261
0.057325977832078934
0.054902803152799606
0.0346386693418026
0.052707426249980927
0.047547705471515656
0.03498566523194313
0.03181876614689827
0.056860558688640594
0.05043959990143776
0.03831927105784416
0.05070248991250992
0.04945402592420578
0.06211930140852928
0.0401962473988533
0.04982583597302437
0.05743369460105896
0.02520602010190487
0.018680069595575333
0.04061168432235718
0.02757257968187332
0.023459650576114655
0.0553768165409565
0.03121170587837696
0.01621277816593647
0.04116576537489891
0.07224348932504654
0.026852121576666832
0.04068462550640106
0.03631240874528885
0.013720527291297913
0.030931949615478516
0.023873623460531235
0.01824241131544113
0.040344059467315674
0.07952550053596497
0.02623801678419113
0.015567312017083168
0.026415348052978516
0.041634175926446915
0.03379271179437637
0.036320172250270844
0.017669422551989555
0.04118944704532623
0.026694348081946373
0.027226729318499565
0.025244390591979027
0.014189651235938072
0.01901642605662346
0.02946695312857628
0.027574187144637108
0.0336371548473835
0.014703541062772274
0.019897663965821266
0.031068775802850723
0.019339613616466522
0.0346820168197155
0.025281772017478943
0.017517443746328354
0.02228466235101223
0.035530149936676025
0.04314890131354332
0.05821867287158966
0.028911149129271507
0.026440078392624855
0.018621794879436493
0.03853365406394005
0.04773552343249321
0.02314826473593712
0.036008019000291824
0.04462014511227608
0.02773648500442505
0.012862106785178185
0.0370541550219059
0.038914673030376434
0.04063655808568001
0.03591323643922806
0.02922273427248001
0.02663380652666092
0.035968322306871414
0.04842236265540123
0.03389320895075798
0.04546840488910675
0.04112593084573746
0.01890011504292488
0.00888921320438385
0.034152351319789886
0.036630164831876755
0.03428792580962181
0.03819062188267708
0.014486938714981079
0.029390305280685425
0.024373840540647507
0.04583045095205307
0.038818299770355225
0.02951308712363243
0.0356789231300354
0.05143822729587555
0.05419822782278061
0.026331836357712746
0.048348318785429
0.01332878042012453
0.03897997364401817
0.02068897895514965
0.02470736764371395
0.04096624255180359
0.018016109243035316
0.03310015797615051
0.017408479005098343
0.030711030587553978
0.03239765018224716
0.02134164236485958
0.037310149520635605
0.018919160589575768
0.023791594430804253
0.03222513943910599
0.02587652951478958
0.02944883704185486
0.03291303664445877
0.019689006730914116
0.015590641647577286
0.05242760106921196
0.028655609115958214
0.029693324118852615
0.020198935642838478
0.020006194710731506
0.010472350753843784
0.025418614968657494
0.006280435249209404
0.020661497488617897
0.032138336449861526
0.031187841668725014
0.010660843923687935
0.01178461592644453
0.02209991030395031
0.038189079612493515
0.02094206213951111
0.04018829017877579
0.014818249270319939
0.020219337195158005
0.041644856333732605
0.0186571404337883
0.018285216763615608
0.011326069943606853
0.017902202904224396
0.0230434350669384
0.021178022027015686
0.0254813265055418
0.009365716017782688
0.038417793810367584
0.015485839918255806
0.02738373726606369
0.04192635044455528
0.031231220811605453
0.01860147714614868
0.01808420941233635
0.027125975117087364
0.04584221914410591
0.025846637785434723
0.017202995717525482
0.03019334003329277
0.018271641805768013
0.02610882557928562
0.03164534643292427
0.016950754448771477
0.022674014791846275
0.02078869380056858
0.0130011523142457
0.01674685813486576
0.02697458676993847
0.03103392757475376
0.01900063082575798
0.02508343756198883
0.015358884818851948
0.019330525770783424
0.014047663658857346
0.023761779069900513
0.008111869916319847
0.015882760286331177
0.03647656738758087
0.008233129046857357
0.010850424878299236
0.027959492057561874
0.01693783514201641
0.028689689934253693
0.025377904996275902
0.012823994271457195
0.018266037106513977
0.017963454127311707
0.010305681265890598
0.02167365327477455
0.010903369635343552
0.006181083153933287
0.02101226896047592
0.011438323184847832
0.022407786920666695
0.0040441942401230335
0.012750787660479546
0.017182976007461548
0.016982199624180794
0.008195443078875542
0.019303226843476295
0.01988401636481285
0.02136065624654293
0.017648397013545036
0.008008858188986778
0.01189045887440443
0.01007548626512289
0.013256965205073357
0.007487461902201176
0.012621919624507427
0.011202823370695114
0.018033143132925034
0.025467490777373314
0.004542255774140358
0.003271988593041897
0.014210987836122513
0.011140389367938042
0.016899006441235542
0.02092135138809681
0.015212863683700562
0.014597432687878609
0.006028627976775169
0.01252551469951868
0.015145203098654747
0.00435594329610467
0.02294948510825634
0.026325859129428864
0.003836238756775856
0.007276325020939112
0.011277486570179462
0.012965664267539978
0.006195190828293562
0.00868601631373167
0.01966368593275547
0.010681613348424435
0.012182640843093395
0.020247790962457657
0.005714722443372011
0.016025930643081665
0.02231389656662941
0.008749025873839855
0.015220983885228634
0.014250170439481735
0.0048409136943519115
0.003942632116377354
0.00542473653331399
0.009169284254312515
0.014179290272295475
0.013936814852058887
0.020250950008630753
0.022524772211909294
0.020627792924642563
0.013458197005093098
0.017466239631175995
0.006628621835261583
0.0073550078086555
0.005329977720975876
0.006145027466118336
0.006958618760108948
0.010486277751624584
0.03993287682533264
0.021666070446372032
0.0068488214164972305
0.013965209946036339
0.009614906273782253
0.019810687750577927
0.007245889399200678
0.005151102319359779
0.021066248416900635
0.005209069233387709
0.007248429115861654
0.006319431122392416
0.005829906091094017
0.008513611741364002
0.012780265882611275
0.004396744072437286
0.0030895278323441744
0.010976861231029034
0.007226570043712854
0.012797259725630283
0.014900626614689827
0.01323329284787178
0.007644817233085632
0.011758917942643166
0.007669275626540184
0.002640472026541829
0.013137966394424438
0.022428598254919052
0.011713438667356968
0.00506355706602335
0.006140087265521288
0.007519660517573357
0.0027272142469882965
0.010463571175932884
0.0035711550153791904
0.004554046783596277
0.009369316510856152
0.006513549480587244
0.011536517180502415
0.007019327022135258
0.0058616213500499725
0.00595116475597024
0.006755786947906017
0.044637277722358704
0.0179563220590353
0.00965940672904253
0.012358556501567364
0.004812887869775295
0.015705222263932228
0.007496200036257505
0.011986987665295601
0.002995623042806983
0.01141223032027483
0.014759153127670288
0.013491814024746418
0.0026454119943082333
0.004496334586292505
0.005487744230777025
0.010937986895442009
0.00629207631573081
0.009468264877796173
0.008293879218399525
0.009379109367728233
0.002609865041449666
0.31637269258499146
0.3964545428752899
0.2795299291610718
0.1995600312948227
0.12385309487581253
0.1389557421207428
0.1973380148410797
0.14054153859615326
0.29689234495162964
0.10694848001003265
0.0938652977347374
0.09272235631942749
0.10670945048332214
0.1202530786395073
0.15736471116542816
0.11721768975257874
0.0905231460928917
0.10950903594493866
0.12138085067272186
0.26081037521362305
0.14906319975852966
0.1436607837677002
0.13279660046100616
0.07682772725820541
0.13857252895832062
0.15828725695610046
0.10258887708187103
0.21238134801387787
0.08498882502317429
0.1016407459974289
0.1736220419406891
0.10215055197477341
0.1034463495016098
0.040101680904626846
0.12037891894578934
0.0748375728726387
0.11151301115751266
0.12562447786331177
0.10431931167840958
0.06562381982803345
0.12590563297271729
0.04936043173074722
0.10268010944128036
0.06975331157445908
0.09357251971960068
0.09419462084770203
0.15436816215515137
0.039051953703165054
0.0499240979552269
0.1154567301273346
0.09296774119138718
0.04354779049754143
0.084702268242836
0.08506845682859421
0.12653964757919312
0.08234715461730957
0.06655961275100708
0.03947806730866432
0.050573334097862244
0.0835346132516861
0.10345293581485748
0.10116991400718689
0.05922478437423706
0.07195727527141571
0.07725150138139725
0.08617918193340302
0.10845763981342316
0.1407150775194168
0.06164192035794258
0.07308434695005417
0.05231297388672829
0.040816422551870346
0.10392813384532928
0.1007092073559761
0.0741180032491684
0.19850625097751617
0.06171270087361336
0.06955879926681519
0.05491551756858826
0.07596872746944427
0.03705118969082832
0.05294179916381836
0.031852059066295624
0.01770840771496296
0.0718417838215828
0.10809190571308136
0.03642580285668373
0.05197355896234512
0.07257039844989777
0.02818078175187111
0.08088792115449905
0.05840664729475975
0.038725219666957855
0.07511227577924728
0.09327580779790878
0.038280121982097626
0.03148568794131279
0.06342305988073349
0.0474550798535347
0.029699359089136124
0.046854861080646515
0.02437528967857361
0.06399935483932495
0.04083728790283203
0.07511496543884277
0.04106711596250534
0.033275943249464035
0.0554792657494545
0.035619888454675674
0.0835006833076477
0.05355747044086456
0.022703824564814568
0.01440051943063736
0.028753049671649933
0.03359445184469223
0.05437350645661354
0.042427901178598404
0.03576096519827843
0.05043313652276993
0.03782393038272858
0.04501369222998619
0.047514092177152634
0.04939890280365944
0.09334906935691833
0.015505240298807621
0.025172362104058266
0.04445936158299446
0.024114064872264862
0.035974882543087006
0.036440975964069366
0.021315177902579308
0.014948204159736633
0.030046015977859497
0.05439716577529907
0.027026420459151268
0.038721490651369095
0.04123712331056595
0.02426730841398239
0.08529344201087952
0.020912405103445053
0.02648831158876419
0.06211245059967041
0.05408063158392906
0.019716346636414528
0.015702979639172554
0.018818197771906853
0.03739390894770622
0.030050504952669144
0.026408672332763672
0.01875237002968788
0.025368420407176018
0.03138059750199318
0.024030979722738266
0.031756870448589325
0.01990600675344467
0.035560157150030136
0.020836247131228447
0.022181784734129906
0.014508985914289951
0.026309747248888016
0.01132684201002121
0.025819974020123482
0.032792799174785614
0.03720839321613312
0.022373877465724945
0.011591240763664246
0.010887952521443367
0.019107742235064507
0.02541888877749443
0.03282945975661278
0.013088209554553032
0.03512996807694435
0.01840316690504551
0.03225500509142876
0.01355588436126709
0.015829790383577347
0.012564750388264656
0.023342572152614594
0.019654735922813416
0.014962403103709221
0.011806098744273186
0.015435280278325081
0.01565578393638134
0.005174265708774328
0.015306123532354832
0.013786925934255123
0.02219194360077381
0.026611147448420525
0.01631888747215271
0.018713561818003654
0.01914273016154766
0.007407631725072861
0.025423938408493996
0.01496247947216034
0.021312974393367767
0.0079110749065876
0.01593632437288761
0.010316653177142143
0.01520631369203329
0.011377891525626183
0.012515347450971603
0.006946450099349022
0.0036215498112142086
0.008054779842495918
0.0169697068631649
0.027361664921045303
0.007195058278739452
0.011363169178366661
0.005784759297966957
0.00780510762706399
0.00722930021584034
0.01469927467405796
0.00750578660517931
0.010551310144364834
0.0055406354367733
0.007859955541789532
0.009716992266476154
0.01657796837389469
0.006630112417042255
0.021270686760544777
0.014435348100960255
0.006053059361875057
0.009251304902136326
0.005993850529193878
0.003929811995476484
0.006078646052628756
0.005490325391292572
0.003667471930384636
0.007079598028212786
0.007923518307507038
0.007558612618595362
0.009967943653464317
0.010373469442129135
0.009161020629107952
0.009814158082008362
0.0042042541317641735
0.004620541352778673
0.005232928786426783
0.007388353813439608
0.004461959004402161
0.0027622352354228497
0.005404151976108551
0.0067950086668133736
0.0031918215099722147
0.008144726045429707
0.005512355826795101
0.003192517440766096
0.005918498616665602
0.00485279830172658
0.0024853507056832314
0.0028752561192959547
0.0032886562403291464
0.004407946020364761
0.003899794304743409
0.002184010809287429
0.006621422711759806
0.0029147150926291943
0.004211363382637501
0.0049736457876861095
0.004694891627877951
0.004254497122019529
0.0027612748090177774
0.008209433406591415
0.0030948184430599213
0.002959501463919878
0.0037408589851111174
0.004035742953419685
0.004948725923895836
0.004067956004291773
0.0033153523690998554
0.0026552111376076937
0.0023926866706460714
0.0023933749180287123
0.0033379606902599335
0.002581235021352768
0.0018478322308510542
0.008513939566910267
0.010864888317883015
0.002942753490060568
0.002241447800770402
0.004008209332823753
0.0024813052732497454
0.0053672282956540585
0.002300834283232689
0.002058831276372075
0.0031666248105466366
0.0030104429461061954
0.0016558195929974318
0.0017101368866860867
0.0027391465846449137
0.0037805279716849327
0.002458157716318965
0.00241651339456439
0.002412264933809638
0.0017991183558478951
0.0030139978043735027
0.004022430162876844
0.0014676369028165936
0.0019745759200304747
0.001828162232413888
0.002774993423372507
0.0022451672703027725
0.0015999162569642067
0.0019146264530718327
0.001394852763041854
0.00240778224542737
0.0020640059374272823
0.0026412936858832836
0.0027604985516518354
0.0013209223980084062
0.0028448174707591534
0.0014563200529664755
0.0017227596836164594
0.0018641059286892414
0.0022155381739139557
0.0028687885496765375
0.0023894787300378084
0.001871087122708559
0.001517739612609148
0.0012192162685096264
0.0012229782296344638
0.0013063097139820457
0.0012817311799153686
0.0009706743294373155
0.0017856842605397105
0.0019432066474109888
0.001768666785210371
0.0015909422654658556
0.002139793476089835
0.0013706303434446454
0.0036575256381183863
0.0012280375231057405
0.001248248154297471
0.003341078292578459
0.0015517867868766189
0.0011528852628543973
0.0011501130647957325
0.003601313102990389
0.0025767646729946136
0.00140637275762856
0.001455154619179666
0.002467120299115777
0.0011746397940441966
0.0016915665473788977
0.001527641899883747
0.0011120159178972244
0.000777578039560467
0.0010017710737884045
0.001346586854197085
0.00131317344494164
0.0011336556635797024
0.001323384465649724
0.0009688331629149616
0.0014195007970556617
0.0013524023815989494
0.002044040011242032
0.002256955485790968
0.000980138429440558
0.00221335981041193
0.001053731655701995
0.0013447146629914641
0.0013725076569244266
0.0014734606957063079
0.002439577132463455
0.0016798273427411914
0.0015462416922673583
0.0010989154689013958
0.0010904136579483747
0.0010615498758852482
0.0009225467802025378
0.0009752468904480338
0.000811341276858002
0.0011976929381489754
0.0013102699303999543
0.0012526882346719503
0.0010304708266630769
0.0014064025599509478
0.0010281651047989726
0.0013167911674827337
0.0009209306444972754
0.0008762223296798766
0.001323807518929243
0.0011914917267858982
0.0009167887037619948
0.0008715279982425272
0.001412203535437584
0.0016308423364534974
0.0011281318729743361
0.0017387419939041138
0.0012765014544129372
0.0011155621614307165
0.0012587931705638766
0.0014043461997061968
0.0010443655773997307
0.0006987187662161887
0.0009104041964747012
0.0011664323974400759
0.0009033536189235747
0.0012605234514921904
0.0008683194173499942
0.0007529147551394999
0.000806000956799835
0.0009301379323005676
0.0014310369733721018
0.0009159846813417971
0.000768890546169132
0.0009008058113977313
0.0008324639638885856
0.0008453121408820152
0.0007757720886729658
0.0009037780691869557
0.0012633241713047028
0.0010693520307540894
0.0011735685402527452
0.0008513372158631682
0.0007142396061681211
0.0008428824367001653
0.0007756787817925215
0.000999367912299931
0.0006368426838889718
0.0011780316708609462
0.0010661170817911625
0.001170262461528182
0.0008471707697026432
0.001360383816063404
0.0008343653753399849
0.0010105578694492579
0.0007715747342444956
0.0006851264624856412
0.0010551162995398045
0.001000459073111415
0.0006866452167741954
0.0006580555345863104
0.0007758808205835521
0.0009701426024548709
0.0007758130086585879
0.0006883144378662109
0.0007258627447299659
0.0007984580588527024
0.0010054055601358414
0.000981931108981371
0.0007368099759332836
0.0005191355012357235
0.0006500946474261582
0.0009073158144019544
0.0007061338401399553
0.0007454195292666554
0.0006458834395743906
0.0006280224770307541
0.000638424651697278
0.0007224255241453648
0.0010811151005327702
0.0007794725243002176
0.0005964205483905971
0.0006760383839718997
0.0006832685903646052
0.0006490195519290864
0.0006251937593333423
0.0006526881479658186
0.0009325068676844239
0.0007685920572839677
0.0008424591505900025
0.0006042047752998769
0.0005175914266146719
0.0005694566061720252
0.0005697908927686512
0.0005971615901216865
0.0005192005191929638
0.0007375501445494592
0.0008855377673171461
0.0008996815304271877
0.000656057964079082
0.0009874713141471148
0.0006758271483704448
0.0008165117469616234
0.0006532188272103667
0.0005837807548232377
0.0008610914810560644
0.0007961617666296661
0.0005781385116279125
0.0005298934411257505
0.0006488540675491095
0.0007831815746612847
0.0006251528393477201
0.0005559374112635851
0.0005851233145222068
0.0006443478632718325
0.0008248141384683549
0.0008116250392049551
0.0005927224410697818
0.00043573681614361703
0.0005223872722126544
0.0007011176785454154
0.000598716433160007
0.0005910914042033255
0.0005455503705888987
0.000524861563462764
0.0005432402831502259
0.0006269029108807445
0.0008779703639447689
0.26012954115867615
0.16801171004772186
0.14030182361602783
0.06459648162126541
0.11237552016973495
0.18153199553489685
0.1597224771976471
0.1733483374118805
0.09755931794643402
0.06762299686670303
0.15485186874866486
0.0836373120546341
0.1169874519109726
0.0744912400841713
0.08149739354848862
0.01573687605559826
0.10326625406742096
0.1059628501534462
0.09957148879766464
0.05684998631477356
0.08434712141752243
0.04942487180233002
0.12480051815509796
0.10843618959188461
0.09376701712608337
0.09123510122299194
0.13537956774234772
0.05930866673588753
0.048924025148153305
0.06639684736728668
0.12485731393098831
0.0660644918680191
0.05581779405474663
0.03571562096476555
0.08034344762563705
0.1030706912279129
0.0884428471326828
0.06413765251636505
0.09662947058677673
0.054182328283786774
0.057538390159606934
0.0733816996216774
0.0652574971318245
0.04890076816082001
0.05052585527300835
0.036934275180101395
0.10403802990913391
0.07564195990562439
0.034400250762701035
0.035044196993112564
0.049640972167253494
0.02724006585776806
0.06016005948185921
0.06028337776660919
0.056979160755872726
0.09727373719215393
0.030277656391263008
0.04892972484230995
0.033727653324604034
0.02445310913026333
0.023397237062454224
0.05342448130249977
0.02792149782180786
0.013526839204132557
0.030546488240361214
0.06409329175949097
0.026200952008366585
0.025203244760632515
0.05196578800678253
0.033823028206825256
0.04032181203365326
0.03978657349944115
0.02889249287545681
0.03527134656906128
0.06633315980434418
0.016961826011538506
0.025438975542783737
0.02603466995060444
0.044784482568502426
0.018019309267401695
0.04669933766126633
0.022825567051768303
0.03397879749536514
0.06431909650564194
0.03705940023064613
0.03970852494239807
0.02393372356891632
0.048642244189977646
0.022864237427711487
0.029253249987959862
0.014485836029052734
0.03557989373803139
0.014513753354549408
0.023676162585616112
0.032410457730293274
0.03658042475581169
0.011190281249582767
0.017824897542595863
0.022231055423617363
0.009786620736122131
0.02801547572016716
0.033570826053619385
0.03272813931107521
0.04400863125920296
0.01211494393646717
0.020230935886502266
0.017031129449605942
0.007199396379292011
0.010571880266070366
0.01400491502135992
0.018462320789694786
0.009827452711760998
0.010229039937257767
0.02026824653148651
0.017754431813955307
0.015103369951248169
0.034091558307409286
0.011319948360323906
0.019627468660473824
0.015455014072358608
0.016424737870693207
0.01203534658998251
0.02808387018740177
0.00785112101584673
0.012527743354439735
0.021182654425501823
0.0209092665463686
0.01117598358541727
0.01828473061323166
0.005818324163556099
0.011444713920354843
0.016244081780314445
0.013959034346044064
0.005165694281458855
0.013266725465655327
0.010679290629923344
0.008943217806518078
0.015742989256978035
0.011858130805194378
0.025105997920036316
0.016979865729808807
0.018748337402939796
0.007638946175575256
0.011523128487169743
0.009762453846633434
0.01844090409576893
0.013265476562082767
0.012156818062067032
0.008412533439695835
0.005343032535165548
0.007309967186301947
0.014096297323703766
0.007604289334267378
0.01147246640175581
0.010887956246733665
0.004426139406859875
0.01581885665655136
0.007422776892781258
0.008789027109742165
0.005278991535305977
0.005390021484345198
0.009356353431940079
0.0063831317238509655
0.011800332926213741
0.01184360682964325
0.007390712853521109
0.01034943014383316
0.004690870642662048
0.012115618214011192
0.013057298958301544
0.009175576269626617
0.0054613095708191395
0.005637688562273979
0.0065467082895338535
0.006326617207378149
0.008728967048227787
0.006727483123540878
0.0031384623143821955
0.006508303806185722
0.006171556655317545
0.009363044053316116
0.0035094518680125475
0.0027848088648170233
0.010701815597712994
0.0037755973171442747
0.0035394674632698298
0.004058596678078175
0.0037605639081448317
0.002742157084867358
0.0036956267431378365
0.004979279357939959
0.005312494467943907
0.005216236226260662
0.002032820601016283
0.00296043767593801
0.0048482236452400684
0.0033702251967042685
0.005252294708043337
0.006321384105831385
0.015706654638051987
0.008824787102639675
0.00567986024543643
0.004056427162140608
0.0022955818567425013
0.0036831488832831383
0.00409195339307189
0.005073314532637596
0.0011221873573958874
0.00514163076877594
0.005801054649055004
0.0029179081320762634
0.0031330937054008245
0.002901103114709258
0.004677510820329189
0.01233898475766182
0.0036614465061575174
0.004624472465366125
0.004621581174433231
0.0038893879391252995
0.0021689399145543575
0.00342899770475924
0.00407129991799593
0.006014741025865078
0.002587632043287158
0.003537113079801202
0.0015229233540594578
0.00321044004522264
0.004488152917474508
0.003916780464351177
0.0027054757811129093
0.0020847429987043142
0.002305674599483609
0.0019468694226816297
0.0023928838782012463
0.002662869868800044
0.0020817394834011793
0.002178630093112588
0.002055905293673277
0.0026022756937891245
0.002766873687505722
0.00227337540127337
0.002288933377712965
0.0032043703831732273
0.0020191974472254515
0.001861555501818657
0.0015303087420761585
0.002681220881640911
0.0025658374652266502
0.0016711928183212876
0.002566822338849306
0.0019210272002965212
0.0017048731679096818
0.004185790661722422
0.0013702783035114408
0.0020695847924798727
0.0012701564701274037
0.002552429214119911
0.0017700769240036607
0.0020571923814713955
0.0014928184682503343
0.002428353764116764
0.002080610953271389
0.002442443510517478
0.0016217314405366778
0.0017651367234066129
0.002202201634645462
0.0019503752700984478
0.0019081939244642854
0.0016363166505470872
0.002999228425323963
0.002722186502069235
0.0021722507663071156
0.003670679172500968
0.0019475320586934686
0.006237698253244162
0.0025222606491297483
0.0016303216107189655
0.0018297038041055202
0.0013029705733060837
0.0009547645458951592
0.0011628461070358753
0.0014384418027475476
0.0016139877261593938
0.0018904238240793347
0.001082805567421019
0.0016946311807259917
0.0015791782643646002
0.0019052362767979503
0.0023544030264019966
0.0018336725188419223
0.002134386682882905
0.0015550460666418076
0.0015268286224454641
0.0013111846055835485
0.0018266275292262435
0.002537208842113614
0.0021775185596197844
0.0019975851755589247
0.0014869316946715117
0.001358026172965765
0.0012169245164841413
0.0019578123465180397
0.0016996145714074373
0.0011018930235877633
0.001383367576636374
0.0014243496116250753
0.0026558558456599712
0.0008922051056288183
0.0016147065907716751
0.001383089693263173
0.0016226505395025015
0.0013584299013018608
0.0008953582146205008
0.001376937609165907
0.0010546509874984622
0.001108506927266717
0.000992405228316784
0.0017382469959557056
0.0014798101037740707
0.00115912314504385
0.001500299316830933
0.0010455935262143612
0.0021341699175536633
0.0012707434361800551
0.0014955749502405524
0.001069581019692123
0.0020345209632068872
0.0009494922705926001
0.0008697964949533343
0.0008072913624346256
0.0015230870340019464
0.0009927074424922466
0.0010961014777421951
0.0007451925775967538
0.0010178671218454838
0.001368846744298935
0.0010406954679638147
0.0006705995765514672
0.0009434620151296258
0.0009959741728380322
0.0008043693378567696
0.0006935007986612618
0.000861072912812233
0.001225799322128296
0.0008148737833835185
0.0011127965990453959
0.0006637878250330687
0.000659495301079005
0.0007882636273279786
0.0011707842350006104
0.0008304294315166771
0.0007597905932925642
0.0013842320768162608
0.0009019406279549003
0.001257694442756474
0.0007453593425452709
0.0013539656065404415
0.0008769388077780604
0.001205355511046946
0.0008589395438320935
0.0005957501707598567
0.00098786735907197
0.0009652329608798027
0.000676396070048213
0.0005919795366935432
0.0007625273428857327
0.0008054100908339024
0.0006842379807494581
0.0007504425011575222
0.0005705376388505101
0.0009111546678468585
0.0010557138593867421
0.0008161314763128757
0.0006904987385496497
0.0007517517078667879
0.0005708379903808236
0.0006747679435648024
0.0006293074693530798
0.0010654606157913804
0.0007678809342905879
0.0006568235112354159
0.0005129149067215621
0.000626509019639343
0.0009258977370336652
0.000935382442548871
0.00044256984256207943
0.0006629066774621606
0.0005935558583587408
0.0006228829734027386
0.00045608298387378454
0.00048780604265630245
0.0007464328082278371
0.0004975966876372695
0.0007929964340291917
0.0005122969159856439
0.00046591940918006003
0.00047938109491951764
0.0004906982067041099
0.0005182790919207036
0.00044469485874287784
0.0007145858835428953
0.000636780634522438
0.0007201027474366128
0.0005412715836428106
0.0007650036714039743
0.0006730504683218896
0.0007831511320546269
0.0006655146717093885
0.00046692657633684576
0.0007031974382698536
0.0007033213623799384
0.0005201483145356178
0.000429777690442279
0.0005296372692100704
0.0006099345628172159
0.0004924890235997736
0.0005355870816856623
0.0003974511055275798
0.0005446434952318668
0.0007222274434752762
0.0005750141572207212
0.0004829761746805161
0.0004462572978809476
0.00040354233351536095
0.00042717327596619725
0.0004339670413173735
0.0005401457310654223
0.0005320910131558776
0.00041684607276692986
0.00044648678158409894
0.00044451700523495674
0.0006283897091634572
0.0006064983317628503
0.0003470570081844926
0.0005237332079559565
0.00043423951137810946
0.0005076250527054071
0.00036330611328594387
0.0004090369329787791
0.0005701262271031737
0.00037226491258479655
0.0005620859446935356
0.0004065443645231426
0.0003495495184324682
0.0003773819771595299
0.00036005969741381705
0.00036106890183873475
0.0003075003915000707
0.0005167628405615687
0.0004962845705449581
0.0004831539699807763
0.0004042471118737012
0.0005478646489791572
0.0004977054195478559
0.0005841379752382636
0.0004829639510717243
0.0003636594919953495
0.0005740128690376878
0.0005535456002689898
0.00043084583012387156
0.0003634199674706906
0.0004464799421839416
0.0005026330472901464
0.00039867404848337173
0.00043936993461102247
0.00032639940036460757
0.0004325406043790281
0.0005774051533080637
0.0004613541823346168
0.000410617736633867
0.00036752046435140073
0.0003282180114183575
0.0003506038920022547
0.00035169991315342486
0.0004267609620001167
0.00039235202712006867
0.0003300443640910089
0.000359489320544526
0.00036001004627905786
0.00047353649279102683
0.00044825999066233635
0.0002761266368906945
0.00042907457100227475
0.0003532875271048397
0.00040170265128836036
0.00030844073626212776
0.0003441487206146121
0.0004913238226436079
0.000313148251734674
0.00046546009252779186
0.0003439437714405358
0.0003052859683521092
0.00032572168856859207
0.0002960963174700737
0.0003049258084502071
0.0002563198213465512
0.0004134805058129132
0.00041703524766489863
0.0004050028510391712
0.00032560553518123925
0.1769837886095047
0.13483865559101105
0.15663011372089386
0.15822438895702362
0.13698810338974
0.19618819653987885
0.18457268178462982
0.0867210328578949
0.09749012440443039
0.14989212155342102
0.11038684099912643
0.12968643009662628
0.1600823998451233
0.05665399879217148
0.11961965262889862
0.17057117819786072
0.11393469572067261
0.06859841197729111
0.10116609930992126
0.09594109654426575
0.11729931086301804
0.0700988844037056
0.10673690587282181
0.09159786999225616
0.04761885479092598
0.09240295737981796
0.1130390465259552
0.17754076421260834
0.07082635909318924
0.09294037520885468
0.07023537904024124
0.04755205288529396
0.10595962405204773
0.08750829845666885
0.07510920614004135
0.1265222579240799
0.062410518527030945
0.05584431439638138
0.08174668252468109
0.05504182353615761
0.11193940788507462
0.05443732067942619
0.06699376553297043
0.05050092190504074
0.10720876604318619
0.08143255859613419
0.06505455076694489
0.049887269735336304
0.03946112468838692
0.020971357822418213
0.03267569839954376
0.033962611109018326
0.03780997917056084
0.06220126897096634
0.0703108087182045
0.028885144740343094
0.02993292175233364
0.02636278048157692
0.04489317163825035
0.03774184361100197
0.03255007043480873
0.025598812848329544
0.0317792072892189
0.05681712180376053
0.04924833029508591
0.017931923270225525
0.017597567290067673
0.035471126437187195
0.05071983486413956
0.04558427259325981
0.031289391219615936
0.019679876044392586
0.026318302378058434
0.0528421588242054
0.03377743437886238
0.050629302859306335
0.03310505673289299
0.02471761219203472
0.03959614410996437
0.01997305266559124
0.042277801781892776
0.03536205738782883
0.04148503392934799
0.044817738234996796
0.03009464405477047
0.02890929952263832
0.02439635992050171
0.03071320243179798
0.036327946931123734
0.019400011748075485
0.021768102422356606
0.009809947572648525
0.04515426605939865
0.02689996175467968
0.025758089497685432
0.009036549367010593
0.02873018942773342
0.006892277393490076
0.02362404763698578
0.019607100635766983
0.021691661328077316
0.02510332502424717
0.0547792874276638
0.01620263233780861
0.022996898740530014
0.014496267773211002
0.02489444799721241
0.011928854510188103
0.01322898268699646
0.013631950132548809
0.009879964403808117
0.012986934743821621
0.015044030733406544
0.00902919564396143
0.012175078503787518
0.02214721590280533
0.009291855618357658
0.01252700760960579
0.017813824117183685
0.01412933599203825
0.009351725690066814
0.013685794547200203
0.018370619043707848
0.026373229920864105
0.022245217114686966
0.007701185066252947
0.019953669980168343
0.008377980440855026
0.012424659915268421
0.038701921701431274
0.008979822508990765
0.031591322273015976
0.006302196532487869
0.008864221163094044
0.0042616697028279305
0.013323763385415077
0.010785671882331371
0.00886906124651432
0.014739509671926498
0.00432279147207737
0.014165210537612438
0.024481311440467834
0.008140286430716515
0.008153489790856838
0.01122175995260477
0.005467038135975599
0.01021595299243927
0.008731620386242867
0.005499016027897596
0.014451677910983562
0.007334013003855944
0.0055441781878471375
0.011870965361595154
0.005623792763799429
0.012011067010462284
0.012646395713090897
0.007989626377820969
0.0028588450513780117
0.006231218110769987
0.011322601698338985
0.011946586892008781
0.0036218746099621058
0.005511965602636337
0.010010724887251854
0.005537466611713171
0.0051402621902525425
0.005239705555140972
0.006462633144110441
0.002733968896791339
0.007068606559187174
0.0037688850425183773
0.009817227721214294
0.010502124205231667
0.005012329667806625
0.005540538113564253
0.004654688760638237
0.00664167758077383
0.01303993072360754
0.004044939763844013
0.012543966062366962
0.005518242251127958
0.005075457040220499
0.0026116722729057074
0.003151246579363942
0.0031174584291875362
0.007137280888855457
0.0029490916058421135
0.0021637077443301678
0.004747211933135986
0.004776569548994303
0.0048389858566224575
0.005066704470664263
0.0027118960861116648
0.0046322038397192955
0.009331041015684605
0.005380138289183378
0.0033863692078739405
0.0052018603309988976
0.0030280323699116707
0.004486989229917526
0.006224594544619322
0.003755145240575075
0.0033682917710393667
0.0026570046320557594
0.003971006255596876
0.00381815736182034
0.004098495934158564
0.004543702118098736
0.005501319654285908
0.002300504595041275
0.001997903920710087
0.005682424176484346
0.002491067396476865
0.005521062761545181
0.002527197590097785
0.0026344740763306618
0.0027587804943323135
0.003972118254750967
0.003067867597565055
0.002947065746411681
0.0023292095866054296
0.0037532446440309286
0.003159481566399336
0.001313272281549871
0.002325185341760516
0.002697186777368188
0.002922613173723221
0.002703603822737932
0.002631952054798603
0.0026294710114598274
0.0014071715995669365
0.00207274011336267
0.0015150101389735937
0.0012623060029000044
0.0021182771306484938
0.001297064940445125
0.003193777520209551
0.004484118428081274
0.0015020561404526234
0.001694381469860673
0.0018021175637841225
0.001854176283814013
0.0028204682748764753
0.0029083900153636932
0.0013184335548430681
0.002088662702590227
0.0026426315307617188
0.0019083581864833832
0.0016308205667883158
0.002056553727015853
0.0031125431414693594
0.0021152568515390158
0.002613632008433342
0.0011927630985155702
0.0016896299785003066
0.0014751023845747113
0.0019943341612815857
0.0009994632564485073
0.0008676032884977758
0.0010684124426916242
0.0014627816854044795
0.0009411440696567297
0.0012370327021926641
0.001419267849996686
0.0008791663567535579
0.0009131815168075264
0.0016825137427076697
0.001798114855773747
0.001397788873873651
0.001492498442530632
0.0019952848087996244
0.0010259245755150914
0.0011713027488440275
0.0022213777992874384
0.0015543597983196378
0.0024513425305485725
0.0032637224067002535
0.0018103375332430005
0.0011845639673992991
0.0011319521581754088
0.0007633717032149434
0.0021194186992943287
0.0010115609038621187
0.0007555213524028659
0.0011689827078953385
0.0014469969319179654
0.001113449689000845
0.0009251313749700785
0.0010440446203574538
0.0009275884949602187
0.0018121072789654136
0.0012984368950128555
0.0009019318968057632
0.0020273239351809025
0.001236395095475018
0.0014680378371849656
0.0010152418399229646
0.0022451169788837433
0.001585581456311047
0.0009701121016405523
