150.84270763397217 0.1373867243528366 1.5087774991989136 1.5087774991989136
301.366614818573 0.1824028044939041 1.0161712169647217 1.0161712169647217
451.35101437568665 0.24057292938232422 0.5417946577072144 0.5417946577072144
601.1219310760498 0.40251389145851135 0.4826253652572632 0.4826253652572632
750.2259647846222 0.40251389145851135 0.4169580042362213 0.4169580042362213
900.1826140880585 0.40251389145851135 0.37380319833755493 0.37380319833755493
1050.0955531597137 0.40251389145851135 0.34070801734924316 0.34070801734924316
1201.4346220493317 0.46536099910736084 0.2702381908893585 0.2702381908893585
1351.6747210025787 0.46536099910736084 0.2525871992111206 0.2525871992111206
1500.7706677913666 0.6723180413246155 0.23999916017055511 0.23999916017055511
1650.8867602348328 0.740426778793335 0.2177911251783371 0.2177911251783371
1801.009370803833 0.740426778793335 0.180887833237648 0.180887833237648
1951.1960966587067 0.740426778793335 0.1781386435031891 0.1781386435031891
2101.3843038082123 0.740426778793335 0.1781386435031891 0.19684776663780212
2251.274890899658 0.740426778793335 0.16984565556049347 0.16984565556049347
2400.0534036159515 0.9333528280258179 0.13571543991565704 0.13571543991565704
2550.313479423523 0.9333528280258179 0.13571543991565704 0.14421111345291138
2700.3453285694122 0.9333528280258179 0.13571543991565704 0.15435174107551575
2850.3553755283356 0.9333528280258179 0.13561998307704926 0.13561998307704926
3000.563089132309 0.9333528280258179 0.12591464817523956 0.12591464817523956
3150.735850572586 0.9333528280258179 0.12591464817523956 0.14727462828159332
3300.5893256664276 0.9333528280258179 0.12530732154846191 0.12530732154846191
3451.267853975296 0.9333528280258179 0.11157336086034775 0.11157336086034775
3600.0685760974884 0.9333528280258179 0.10193163901567459 0.10193163901567459
3750.4566860198975 0.9333528280258179 0.10193163901567459 0.11577555537223816
3900.607096672058 0.9333528280258179 0.10193163901567459 0.10433575510978699
4050.944692850113 0.9333528280258179 0.07602457702159882 0.07602457702159882
4200.857379436493 0.9333528280258179 0.07602457702159882 0.09785905480384827
4350.8340673446655 0.9579070210456848 0.07602457702159882 0.08959795534610748
4500.783391952515 0.9579070210456848 0.07602457702159882 0.07764104008674622
4650.9314913749695 0.9579070210456848 0.054425716400146484 0.054425716400146484
4801.526943206787 0.9631686806678772 0.05337143316864967 0.05337143316864967
4950.24281668663 0.9631686806678772 0.03620469197630882 0.03620469197630882
5100.245886802673 0.9695995450019836 0.03620469197630882 0.038264788687229156
5250.325689792633 0.9695995450019836 0.026877492666244507 0.026877492666244507
5400.303151130676 0.9695995450019836 0.024089625105261803 0.024089625105261803
5550.470734834671 0.9695995450019836 0.024089625105261803 0.03960287570953369
5700.549364328384 0.9695995450019836 0.024089625105261803 0.028021741658449173
5850.572441339493 0.9695995450019836 0.021855637431144714 0.021855637431144714
6001.026873826981 0.9695995450019836 0.021855637431144714 0.0219016931951046
6150.254719734192 0.9695995450019836 0.021471451967954636 0.021471451967954636
6300.610186576843 0.9695995450019836 0.021471451967954636 0.025348704308271408
6450.707503795624 0.9695995450019836 0.021471451967954636 0.03477304428815842
6601.152945995331 0.9695995450019836 0.021471451967954636 0.03385910019278526
6750.031196117401 0.9695995450019836 0.020578458905220032 0.020578458905220032
6900.174026012421 0.9774919748306274 0.008011728525161743 0.008011728525161743
7050.393949985504 0.9774919748306274 0.008011728525161743 0.010452274233102798
7200.509783744812 0.9774919748306274 0.006845624651759863 0.006845624651759863
