150.50058674812317 0.13650979101657867 1.466780424118042 1.466780424118042
300.91969060897827 0.1824028044939041 0.8338906168937683 0.8338906168937683
450.79071521759033 0.19175679981708527 0.4827006459236145 0.4827006459236145
600.7319529056549 0.19175679981708527 0.37478500604629517 0.37478500604629517
750.8468873500824 0.6132709980010986 0.3004388213157654 0.3004388213157654
900.4227950572968 0.6556562185287476 0.29768645763397217 0.29768645763397217
1051.3926885128021 0.6556562185287476 0.21662546694278717 0.21662546694278717
1200.6497712135315 0.6556562185287476 0.21632298827171326 0.21632298827171326
1350.9302670955658 0.6556562185287476 0.20041263103485107 0.20041263103485107
1500.59392952919 0.6556562185287476 0.17833495140075684 0.17833495140075684
1651.0876607894897 0.6556562185287476 0.16765166819095612 0.16765166819095612
1801.227154970169 0.6556562185287476 0.16277223825454712 0.16277223825454712
1950.4725165367126 0.6556562185287476 0.14996588230133057 0.14996588230133057
2101.0142023563385 0.7185033559799194 0.14996588230133057 0.1511220932006836
2250.5447142124176 0.7185033559799194 0.1367790848016739 0.1367790848016739
2400.7789039611816 0.7185033559799194 0.1365630328655243 0.1365630328655243
2550.0001826286316 0.7185033559799194 0.10766798257827759 0.10766798257827759
2700.0375735759735 0.7921660542488098 0.10766798257827759 0.11543190479278564
2850.4694409370422 0.870505690574646 0.0994277223944664 0.0994277223944664
3000.882203102112 0.870505690574646 0.0994277223944664 0.11041320115327835
3150.9678170681 0.870505690574646 0.0994277223944664 0.09977815300226212
3300.335706949234 0.870505690574646 0.0979592427611351 0.0979592427611351
3450.7190430164337 0.870505690574646 0.09220842272043228 0.09220842272043228
3600.950432538986 0.870505690574646 0.09220842272043228 0.0927392989397049
3751.1191432476044 0.870505690574646 0.08552194386720657 0.08552194386720657
3900.4753539562225 0.9450452923774719 0.07963252067565918 0.07963252067565918
4050.9550137519836 0.9450452923774719 0.07963252067565918 0.0902639701962471
4200.153647899628 0.9450452923774719 0.07389340549707413 0.07389340549707413
4351.142367601395 0.9450452923774719 0.06309358030557632 0.06309358030557632
4500.554608345032 0.9450452923774719 0.06051790341734886 0.06051790341734886
4651.067840337753 0.9450452923774719 0.06051790341734886 0.06381653249263763
4800.146093606949 0.9450452923774719 0.053150516003370285 0.053150516003370285
4950.486166000366 0.9450452923774719 0.04964717850089073 0.04964717850089073
5100.450473308563 0.9450452923774719 0.04964717850089073 0.10516728460788727
5250.621976852417 0.9450452923774719 0.04628593847155571 0.04628593847155571
5401.003545761108 0.9450452923774719 0.04628593847155571 0.04832661524415016
5550.359068155289 0.9450452923774719 0.04628593847155571 0.07773258537054062
5701.093999147415 0.9450452923774719 0.04056917876005173 0.04056917876005173
5850.545001983643 0.9450452923774719 0.029388971626758575 0.029388971626758575
6000.85033249855 0.9450452923774719 0.029388971626758575 0.060037173330783844
6150.526472330093 0.9450452923774719 0.029388971626758575 0.0296830702573061
6300.728688001633 0.9450452923774719 0.02460138313472271 0.02460138313472271
6450.406290769577 0.9450452923774719 0.02460138313472271 0.04964859038591385
6600.745562553406 0.9450452923774719 0.02460138313472271 0.030078744515776634
6750.171738147736 0.9628763794898987 0.02460138313472271 0.03648058697581291
6900.014406442642 0.9628763794898987 0.022290412336587906 0.022290412336587906
7051.185568571091 0.9728149771690369 0.012022054754197598 0.012022054754197598
7200.253839969635 0.9728149771690369 0.00894236471503973 0.00894236471503973
