151.10564470291138 0.1824028044939041 1.3408350944519043 1.3408350944519043
300.4474022388458 0.1824028044939041 0.8031313419342041 0.8031313419342041
450.7837553024292 0.5586085915565491 0.44762519001960754 0.44762519001960754
600.6467335224152 0.5586085915565491 0.315201073884964 0.315201073884964
751.0426480770111 0.5586085915565491 0.310600221157074 0.310600221157074
900.0816295146942 0.7871967554092407 0.28650110960006714 0.28650110960006714
1050.934417963028 0.7871967554092407 0.20296983420848846 0.20296983420848846
1200.6352045536041 0.7871967554092407 0.20296983420848846 0.24240073561668396
1350.3728256225586 0.7871967554092407 0.20066174864768982 0.20066174864768982
1501.0527312755585 0.7871967554092407 0.178594708442688 0.178594708442688
1650.4618349075317 0.7871967554092407 0.178594708442688 0.18519988656044006
1800.923944234848 0.7871967554092407 0.15470248460769653 0.15470248460769653
1950.158781528473 0.7871967554092407 0.15288569033145905 0.15288569033145905
2100.084827184677 0.863197922706604 0.1369791477918625 0.1369791477918625
2250.999615430832 0.863197922706604 0.11869286000728607 0.11869286000728607
2400.819808244705 0.863197922706604 0.10988743603229523 0.10988743603229523
2550.434267759323 0.863197922706604 0.10988743603229523 0.11788436025381088
2700.384595632553 0.8754749894142151 0.10233265906572342 0.10233265906572342
2850.031713247299 0.9459222555160522 0.09329147636890411 0.09329147636890411
3000.037436246872 0.9459222555160522 0.09329147636890411 0.09797452390193939
3150.560916185379 0.9459222555160522 0.0914086326956749 0.0914086326956749
3300.0743203163147 0.9459222555160522 0.08059419691562653 0.08059419691562653
3450.739175796509 0.9459222555160522 0.08059419691562653 0.08775597810745239
3600.616587162018 0.9459222555160522 0.07989780604839325 0.07989780604839325
3750.2325553894043 0.9459222555160522 0.07572809606790543 0.07572809606790543
3900.1311852931976 0.9459222555160522 0.07490266859531403 0.07490266859531403
4050.1831283569336 0.9459222555160522 0.054992567747831345 0.054992567747831345
4200.836696863174 0.9459222555160522 0.053574319928884506 0.053574319928884506
4350.88857126236 0.9459222555160522 0.053574319928884506 0.07997053116559982
4500.277811527252 0.9459222555160522 0.053574319928884506 0.061750009655952454
4650.429196596146 0.9459222555160522 0.053574319928884506 0.07566416263580322
4800.885505914688 0.9581993818283081 0.03409718722105026 0.03409718722105026
4950.731876850128 0.9581993818283081 0.03221427649259567 0.03221427649259567
5100.707887172699 0.9719380140304565 0.0312286876142025 0.0312286876142025
5250.470943689346 0.9719380140304565 0.018476825207471848 0.018476825207471848
5400.354168176651 0.9719380140304565 0.018476825207471848 0.019774403423070908
5550.96160697937 0.9719380140304565 0.015040552243590355 0.015040552243590355
5700.598401546478 0.9719380140304565 0.015040552243590355 0.022428806871175766
5850.49621462822 0.9719380140304565 0.015040552243590355 0.022138545289635658
6001.106134414673 0.9719380140304565 0.013330178335309029 0.013330178335309029
6150.7933032512665 0.9719380140304565 0.011775113642215729 0.011775113642215729
6300.540174007416 0.9719380140304565 0.010752339847385883 0.010752339847385883
6450.463575124741 0.9719380140304565 0.010544207878410816 0.010544207878410816
6600.974206447601 0.9719380140304565 0.010544207878410816 0.015623876824975014
6750.58948969841 0.9769073128700256 0.00420336751267314 0.00420336751267314
6900.14400434494 0.9769073128700256 0.00420336751267314 0.01233621221035719
7050.245122909546 0.9769073128700256 0.00420336751267314 0.019084015861153603
7200.438005208969 0.9769073128700256 0.00420336751267314 0.004461461212486029
