151.10564470291138 0.1824028044939041 1.3408350944519043 1.3408350944519043
300.4474022388458 0.1824028044939041 0.8031313419342041 0.8031313419342041
450.7837553024292 0.5586085915565491 0.44762519001960754 0.44762519001960754
600.6467335224152 0.5586085915565491 0.315201073884964 0.315201073884964
751.0426480770111 0.5586085915565491 0.310600221157074 0.310600221157074
900.0816295146942 0.7871967554092407 0.28650110960006714 0.28650110960006714
1050.934417963028 0.7871967554092407 0.20296983420848846 0.20296983420848846
1200.6352045536041 0.7871967554092407 0.20296983420848846 0.24240073561668396
1350.3728256225586 0.7871967554092407 0.20066174864768982 0.20066174864768982
1501.0527312755585 0.7871967554092407 0.178594708442688 0.178594708442688
1650.4618349075317 0.7871967554092407 0.178594708442688 0.18519988656044006
1800.923944234848 0.7871967554092407 0.15470248460769653 0.15470248460769653
1950.158781528473 0.7871967554092407 0.15288569033145905 0.15288569033145905
2100.084827184677 0.863197922706604 0.1369791477918625 0.1369791477918625
2250.999615430832 0.863197922706604 0.11869286000728607 0.11869286000728607
2400.819808244705 0.863197922706604 0.10988743603229523 0.10988743603229523
2550.434267759323 0.863197922706604 0.10988743603229523 0.11788436025381088
2700.384595632553 0.8754749894142151 0.10233265906572342 0.10233265906572342
2850.031713247299 0.9459222555160522 0.09329147636890411 0.09329147636890411
3000.037436246872 0.9459222555160522 0.09329147636890411 0.09797452390193939
3150.560916185379 0.9459222555160522 0.0914086326956749 0.0914086326956749
3300.0743203163147 0.9459222555160522 0.08059419691562653 0.08059419691562653
3450.739175796509 0.9459222555160522 0.08059419691562653 0.08775597810745239
3600.616587162018 0.9459222555160522 0.07989780604839325 0.07989780604839325
3750.2325553894043 0.9459222555160522 0.07572809606790543 0.07572809606790543
3900.1311852931976 0.9459222555160522 0.07490266859531403 0.07490266859531403
4050.1831283569336 0.9459222555160522 0.054992567747831345 0.054992567747831345
4200.836696863174 0.9459222555160522 0.053574319928884506 0.053574319928884506
4350.88857126236 0.9459222555160522 0.053574319928884506 0.07997053116559982
4500.277811527252 0.9459222555160522 0.053574319928884506 0.061750009655952454
4650.429196596146 0.9459222555160522 0.053574319928884506 0.07566416263580322
4800.885505914688 0.9581993818283081 0.03409718722105026 0.03409718722105026
4950.731876850128 0.9581993818283081 0.03221427649259567 0.03221427649259567
5100.707887172699 0.9719380140304565 0.0312286876142025 0.0312286876142025
5250.470943689346 0.9719380140304565 0.018476825207471848 0.018476825207471848
5400.354168176651 0.9719380140304565 0.018476825207471848 0.019774403423070908
5550.96160697937 0.9719380140304565 0.015040552243590355 0.015040552243590355
5700.598401546478 0.9719380140304565 0.015040552243590355 0.022428806871175766
5850.49621462822 0.9719380140304565 0.015040552243590355 0.022138545289635658
6001.106134414673 0.9719380140304565 0.013330178335309029 0.013330178335309029
6150.7933032512665 0.9719380140304565 0.011775113642215729 0.011775113642215729
6300.540174007416 0.9719380140304565 0.010752339847385883 0.010752339847385883
6450.463575124741 0.9719380140304565 0.010544207878410816 0.010544207878410816
6600.974206447601 0.9719380140304565 0.010544207878410816 0.015623876824975014
6750.58948969841 0.9769073128700256 0.00420336751267314 0.00420336751267314
6900.14400434494 0.9769073128700256 0.00420336751267314 0.01233621221035719
7050.245122909546 0.9769073128700256 0.00420336751267314 0.019084015861153603
7200.438005208969 0.9769073128700256 0.00420336751267314 0.004461461212486029
150.59157919883728 0.1824028044939041 1.7017241716384888 1.7017241716384888
300.9034459590912 0.1824028044939041 0.7820716500282288 0.7820716500282288
450.0156843662262 0.28383514285087585 0.42657434940338135 0.42657434940338135
600.7441761493683 0.6445483565330505 0.32064542174339294 0.32064542174339294
750.5792095661163 0.6699795126914978 0.29840436577796936 0.29840436577796936
900.307455778122 0.6699795126914978 0.2877163589000702 0.2877163589000702
1050.6457464694977 0.6699795126914978 0.23075628280639648 0.23075628280639648
1200.9895129203796 0.6699795126914978 0.22527574002742767 0.22527574002742767
1350.8600552082062 0.6699795126914978 0.21777431666851044 0.21777431666851044
1500.4844343662262 0.6699795126914978 0.18677251040935516 0.18677251040935516
1650.7351431846619 0.7576732039451599 0.1831386685371399 0.1831386685371399
1800.717220544815 0.7576732039451599 0.15474635362625122 0.15474635362625122
1950.8296494483948 0.7576732039451599 0.13818541169166565 0.13818541169166565
2101.270164489746 0.7576732039451599 0.13818541169166565 0.1483062505722046
2250.461415529251 0.7576732039451599 0.13818541169166565 0.2662896513938904
2400.288808107376 0.7582578063011169 0.13818541169166565 0.6476874351501465
2550.738732099533 0.7889506220817566 0.13818541169166565 0.23714837431907654
2700.1983399391174 0.7889506220817566 0.13818541169166565 0.3185955286026001
2850.8340945243835 0.8190587759017944 0.13818541169166565 0.18459492921829224
3000.003779411316 0.9368605613708496 0.12135838717222214 0.12135838717222214
3150.6668181419373 0.9587839841842651 0.11077787727117538 0.11077787727117538
3300.064595937729 0.9587839841842651 0.10183067619800568 0.10183067619800568
3450.3913679122925 0.9614148139953613 0.0872827097773552 0.0872827097773552
3600.7070286273956 0.967261016368866 0.0872827097773552 0.09047871083021164
3750.984136581421 0.967261016368866 0.07923071831464767 0.07923071831464767
3900.1478383541107 0.967261016368866 0.0734269767999649 0.0734269767999649
4050.5510804653168 0.967261016368866 0.07165388017892838 0.07165388017892838
4200.688489198685 0.967261016368866 0.06455061584711075 0.06455061584711075
4350.648481607437 0.967261016368866 0.05863446742296219 0.05863446742296219
4500.315745353699 0.967261016368866 0.05750912427902222 0.05750912427902222
4651.1204624176025 0.967261016368866 0.04916241019964218 0.04916241019964218
4800.654241323471 0.967261016368866 0.04753642901778221 0.04753642901778221
4950.253806114197 0.967261016368866 0.04336337745189667 0.04336337745189667
5100.302884817123 0.967261016368866 0.0399668850004673 0.0399668850004673
5251.200675725937 0.967261016368866 0.03426293283700943 0.03426293283700943
5400.928338527679 0.967261016368866 0.03378087282180786 0.03378087282180786
5550.201774835587 0.9684302806854248 0.032146867364645004 0.032146867364645004
5700.2982857227325 0.9684302806854248 0.031712982803583145 0.031712982803583145
5850.18227481842 0.9684302806854248 0.023753317072987556 0.023753317072987556
6000.828376293182 0.9684302806854248 0.023753317072987556 0.033356379717588425
6150.720230579376 0.9748611450195312 0.023753317072987556 0.025496724992990494
6301.137027978897 0.9748611450195312 0.023753317072987556 0.03288984298706055
6450.900230646133 0.9748611450195312 0.023753317072987556 0.025631187483668327
6600.230529546738 0.9748611450195312 0.018041443079710007 0.018041443079710007
6750.937091350555 0.9748611450195312 0.015100550837814808 0.015100550837814808
6900.316453456879 0.9748611450195312 0.013792412355542183 0.013792412355542183
7050.263119220734 0.9748611450195312 0.006663588806986809 0.006663588806986809
7200.877716064453 0.9769073128700256 0.004793234635144472 0.004793234635144472
