151.12356233596802 0.31745103001594543 1.0372408628463745 1.0372408628463745
300.60742688179016 0.31745103001594543 0.417254239320755 0.417254239320755
450.706077337265 0.7950891256332397 0.3095017671585083 0.3095017671585083
600.939382314682 0.7950891256332397 0.27877458930015564 0.27877458930015564
750.3001651763916 0.8950599431991577 0.2317102998495102 0.2317102998495102
900.5873305797577 0.8950599431991577 0.1848996877670288 0.1848996877670288
1050.0569627285004 0.8950599431991577 0.1848996877670288 0.2248631864786148
1200.9581389427185 0.8950599431991577 0.1848996877670288 0.19446192681789398
1350.52432847023 0.8950599431991577 0.17426222562789917 0.17426222562789917
1500.7522511482239 0.8950599431991577 0.14742933213710785 0.14742933213710785
1650.515468120575 0.8950599431991577 0.14742933213710785 0.1523779183626175
1800.7386746406555 0.8950599431991577 0.13094589114189148 0.13094589114189148
1950.2113718986511 0.8950599431991577 0.13094589114189148 0.1548127979040146
2100.743113040924 0.8950599431991577 0.12794272601604462 0.12794272601604462
2250.119616508484 0.8950599431991577 0.11201375722885132 0.11201375722885132
2400.4179060459137 0.8950599431991577 0.11201375722885132 0.1252031922340393
2550.867118358612 0.9076293706893921 0.08492153882980347 0.08492153882980347
2700.5583000183105 0.920491099357605 0.08013664931058884 0.08013664931058884
2850.217504262924 0.920491099357605 0.08013664931058884 0.13061226904392242
3000.4296350479126 0.920491099357605 0.08013664931058884 0.09426017105579376
3150.530859708786 0.920491099357605 0.08013664931058884 0.08744005113840103
3300.726546764374 0.920491099357605 0.07200584560632706 0.07200584560632706
3450.776608467102 0.920491099357605 0.04209371283650398 0.04209371283650398
3600.1273086071014 0.920491099357605 0.03240390121936798 0.03240390121936798
3750.391312122345 0.9456299543380737 0.03221406787633896 0.03221406787633896
3900.2922139167786 0.9704764485359192 0.024317337200045586 0.024317337200045586
4050.6984870433807 0.9704764485359192 0.024317337200045586 0.035881347954273224
4201.113547325134 0.9704764485359192 0.024317337200045586 0.025665415450930595
4350.072200059891 0.9704764485359192 0.013506799004971981 0.013506799004971981
4500.89737200737 0.9704764485359192 0.013506799004971981 0.03431124612689018
4650.232684612274 0.9704764485359192 0.013506799004971981 0.03645695373415947
4800.951592922211 0.9704764485359192 0.013506799004971981 0.03511998802423477
4950.129570484161 0.9704764485359192 0.013506799004971981 0.02206205390393734
5100.693935871124 0.9704764485359192 0.013506799004971981 0.016512757167220116
5250.046230554581 0.9792458415031433 0.009078064002096653 0.009078064002096653
5400.822219371796 0.9792458415031433 0.00530766136944294 0.00530766136944294
5550.184606313705 0.9804151058197021 0.003849135944619775 0.003849135944619775
5701.017163276672 0.9804151058197021 0.002143222140148282 0.002143222140148282
5850.250509977341 0.9804151058197021 0.002143222140148282 0.0032440528739243746
6000.927851200104 0.9815843105316162 0.002143222140148282 0.0021933650132268667
6150.461574792862 0.9815843105316162 0.0014592796796932817 0.0014592796796932817
6300.151591539383 0.982168972492218 0.0006188183906488121 0.0006188183906488121
6450.027520895004 0.9836305379867554 0.0006188183906488121 0.0008657781290821731
6600.342231750488 0.9836305379867554 0.0003080158494412899 0.0003080158494412899
6751.035556554794 0.9847997426986694 0.00013250707706902176 0.00013250707706902176
6901.025201320648 0.9847997426986694 0.00011519894906086847 0.00011519894906086847
7050.53986287117 0.9847997426986694 0.00010426715743960813 0.00010426715743960813
7201.119074821472 0.9850921034812927 6.41613660263829e-05 6.41613660263829e-05
