150.59918475151062 0.22040338814258575 0.9817129373550415 0.9817129373550415
300.6297218799591 0.3373282551765442 0.40675079822540283 0.40675079822540283
450.8623917102814 0.3984215259552002 0.3542807996273041 0.3542807996273041
600.8351314067841 0.3984215259552002 0.29994523525238037 0.29994523525238037
750.6925947666168 0.3984215259552002 0.2606991231441498 0.2606991231441498
901.0346941947937 0.3984215259552002 0.2334463894367218 0.2334463894367218
1050.2152709960938 0.3984215259552002 0.2334463894367218 0.24809043109416962
1200.3200106620789 0.6845951676368713 0.22783903777599335 0.22783903777599335
1350.8352665901184 0.6845951676368713 0.1811649203300476 0.1811649203300476
1500.6833293437958 0.8330897688865662 0.1661117672920227 0.1661117672920227
1650.5090901851654 0.8330897688865662 0.1407187283039093 0.1407187283039093
1800.9398505687714 0.8330897688865662 0.13999579846858978 0.13999579846858978
1951.1244637966156 0.8330897688865662 0.13999579846858978 0.15744397044181824
2100.357779979706 0.8330897688865662 0.13999579846858978 0.14964140951633453
2250.224711894989 0.8330897688865662 0.1056453064084053 0.1056453064084053
2400.4428708553314 0.8330897688865662 0.1056453064084053 0.12833701074123383
2550.4292171001434 0.8398129343986511 0.1056453064084053 0.11394817382097244
2700.5496842861176 0.8398129343986511 0.1056453064084053 0.12092124670743942
2850.7044920921326 0.8398129343986511 0.06796520948410034 0.06796520948410034
3000.76989197731 0.9044139385223389 0.04732992872595787 0.04732992872595787
3150.944656610489 0.9421221613883972 0.03717166930437088 0.03717166930437088
3300.925540447235 0.9640455842018127 0.03717166930437088 0.04306822642683983
3450.8875074386597 0.9640455842018127 0.02937416546046734 0.02937416546046734
3601.0500795841217 0.9640455842018127 0.02937416546046734 0.033653780817985535
3750.9380860328674 0.9640455842018127 0.02937416546046734 0.029741385951638222
3901.112901687622 0.9640455842018127 0.022424466907978058 0.022424466907978058
4051.094411611557 0.9640455842018127 0.022424466907978058 0.0555121935904026
4200.087225437164 0.9640455842018127 0.022424466907978058 0.04076657071709633
4350.624861001968 0.9640455842018127 0.022424466907978058 0.05104187875986099
4500.802251338959 0.9640455842018127 0.022424466907978058 0.033283185213804245
4650.734600067139 0.9640455842018127 0.020944489166140556 0.020944489166140556
4800.641445636749 0.9640455842018127 0.011121499352157116 0.011121499352157116
4950.51882314682 0.9640455842018127 0.011121499352157116 0.014812614768743515
5100.6822373867035 0.9701841473579407 0.007976987399160862 0.007976987399160862
5250.673661470413 0.9771996736526489 0.007976987399160862 0.008708016015589237
5400.43025302887 0.9771996736526489 0.004348220303654671 0.004348220303654671
5550.497636795044 0.9771996736526489 0.0027056739199906588 0.0027056739199906588
5700.247508764267 0.9771996736526489 0.0027056739199906588 0.005797926802188158
5850.559983253479 0.9818766713142395 0.0027056739199906588 0.0032405024394392967
6000.778865098953 0.9818766713142395 0.0027056739199906588 0.011759668588638306
6150.918828010559 0.9818766713142395 0.0027056739199906588 0.008770797401666641
6301.115173339844 0.982753574848175 0.0018510210793465376 0.0018510210793465376
6450.516055822372 0.982753574848175 0.0013044551014900208 0.0013044551014900208
6600.889796257019 0.982753574848175 0.0010060230270028114 0.0010060230270028114
6751.118124008179 0.982753574848175 0.0005432349280454218 0.0005432349280454218
6900.04602766037 0.982753574848175 0.00029009691206738353 0.00029009691206738353
7050.570293664932 0.982753574848175 0.00026883446844294667 0.00026883446844294667
7200.038428783417 0.982753574848175 0.00015673709276597947 0.00015673709276597947
