150.82455706596375 0.14820228517055511 0.962129533290863 0.962129533290863
300.9058003425598 0.3145279288291931 0.38489362597465515 0.38489362597465515
450.2114152908325 0.5887167453765869 0.29811543226242065 0.29811543226242065
600.3225340843201 0.5887167453765869 0.29645246267318726 0.29645246267318726
750.7897679805756 0.5887167453765869 0.2434159219264984 0.2434159219264984
900.0378959178925 0.8912598490715027 0.18651171028614044 0.18651171028614044
1050.1238024234772 0.8912598490715027 0.18651171028614044 0.19826099276542664
1200.4577753543854 0.8912598490715027 0.1741211712360382 0.1741211712360382
1350.9799206256866 0.8912598490715027 0.14502066373825073 0.14502066373825073
1500.7443721294403 0.8912598490715027 0.14502066373825073 0.14672543108463287
1650.980297088623 0.8912598490715027 0.14502066373825073 0.15671300888061523
1801.031349658966 0.8912598490715027 0.12738250195980072 0.12738250195980072
1950.630913734436 0.8912598490715027 0.12738250195980072 0.1412891000509262
2100.4168322086334 0.8912598490715027 0.12738250195980072 0.12769408524036407
2250.9567697048187 0.8912598490715027 0.10075419396162033 0.10075419396162033
2400.8234872817993 0.8912598490715027 0.10075419396162033 0.18360711634159088
2550.9329714775085 0.8912598490715027 0.10075419396162033 0.14011652767658234
2700.6964962482452 0.8912598490715027 0.10075419396162033 0.10338981449604034
2850.249758005142 0.9318912625312805 0.0798586830496788 0.0798586830496788
3000.2250027656555 0.9318912625312805 0.04919592663645744 0.04919592663645744
3150.954174757004 0.9318912625312805 0.03661704063415527 0.03661704063415527
3301.1021072864532 0.9318912625312805 0.03661704063415527 0.04149199649691582
3450.846001625061 0.9637532830238342 0.025975750759243965 0.025975750759243965
3601.1313421726227 0.9637532830238342 0.02534683421254158 0.02534683421254158
3751.022283554077 0.9637532830238342 0.02534683421254158 0.034016843885183334
3900.5332367420197 0.9637532830238342 0.02106434479355812 0.02106434479355812
4050.90545630455 0.9637532830238342 0.02106434479355812 0.027421677485108376
4200.52095913887 0.9637532830238342 0.02106434479355812 0.0643531084060669
4350.049728155136 0.9637532830238342 0.02106434479355812 0.054841216653585434
4500.807649374008 0.9728149771690369 0.02106434479355812 0.021749071776866913
4650.643020391464 0.9728149771690369 0.020740272477269173 0.020740272477269173
4800.614326000214 0.9728149771690369 0.009010626003146172 0.009010626003146172
4950.450735092163 0.9815843105316162 0.007504341658204794 0.007504341658204794
5101.005532503128 0.9815843105316162 0.007052539382129908 0.007052539382129908
5250.181137084961 0.9815843105316162 0.0051194834522902966 0.0051194834522902966
5400.635040283203 0.9833381772041321 0.0014100807020440698 0.0014100807020440698
5550.435954809189 0.9842151403427124 0.0014100807020440698 0.0018185576191172004
5700.984182834625 0.9847997426986694 0.0009143663919530809 0.0009143663919530809
5850.530354499817 0.9847997426986694 0.0005297241732478142 0.0005297241732478142
6000.417156457901 0.9850921034812927 0.00026237679412588477 0.00026237679412588477
6151.04718708992 0.9850921034812927 0.00026237679412588477 0.0002897046215366572
6300.625493764877 0.9850921034812927 0.000246816489379853 0.000246816489379853
6450.328350305557 0.9862613081932068 0.00014469146844930947 0.00014469146844930947
6601.031487703323 0.9862613081932068 0.00014435825869441032 0.00014435825869441032
6750.8616580963135 0.9862613081932068 0.00011408309364924207 0.00011408309364924207
6900.641292333603 0.9862613081932068 8.891832112567499e-05 8.891832112567499e-05
7050.467200756073 0.9862613081932068 8.891832112567499e-05 9.00843515410088e-05
7200.258054256439 0.9862613081932068 6.77733842167072e-05 6.77733842167072e-05
