150.37422347068787 0.1373867243528366 1.1006048917770386 1.1006048917770386
300.44771671295166 0.49722301959991455 0.4210808277130127 0.4210808277130127
450.7726023197174 0.5998246073722839 0.3663569688796997 0.3663569688796997
601.0898051261902 0.8061970472335815 0.348267525434494 0.348267525434494
751.0506508350372 0.8061970472335815 0.2799456715583801 0.2799456715583801
900.1341831684113 0.8061970472335815 0.23551490902900696 0.23551490902900696
1051.1212921142578 0.8591055274009705 0.21291109919548035 0.21291109919548035
1200.4778096675873 0.8591055274009705 0.21291109919548035 0.220925435423851
1350.465646982193 0.8591055274009705 0.16872067749500275 0.16872067749500275
1500.5342814922333 0.8591055274009705 0.16872067749500275 0.18965139985084534
1650.5517609119415 0.8591055274009705 0.16872067749500275 0.1735648363828659
1800.7103953361511 0.8591055274009705 0.14095374941825867 0.14095374941825867
1950.573264837265 0.8591055274009705 0.14095374941825867 0.15644679963588715
2100.6884422302246 0.8591055274009705 0.14095374941825867 0.1795266717672348
2251.104129552841 0.8591055274009705 0.11452177911996841 0.11452177911996841
2400.7593302726746 0.8591055274009705 0.11452177911996841 0.1344003677368164
2550.7657222747803 0.8591055274009705 0.10167708992958069 0.10167708992958069
2700.9206092357635 0.8591055274009705 0.10167708992958069 0.11547477543354034
2850.6393353939056 0.8859982490539551 0.08256157487630844 0.08256157487630844
3000.3056263923645 0.8859982490539551 0.08256157487630844 0.09459463506937027
3150.274138689041 0.8859982490539551 0.08256157487630844 0.11819154024124146
3301.063223361969 0.8859982490539551 0.08256157487630844 0.11125770956277847
3450.109179496765 0.8859982490539551 0.054134126752614975 0.054134126752614975
3600.030759572983 0.91669100522995 0.04682299122214317 0.04682299122214317
3750.691924571991 0.9652148485183716 0.032553888857364655 0.032553888857364655
3901.060985326767 0.9652148485183716 0.026947861537337303 0.026947861537337303
4051.030061006546 0.9652148485183716 0.026947861537337303 0.0276371818035841
4200.515923976898 0.9780765771865845 0.018223805353045464 0.018223805353045464
4350.164162397385 0.9780765771865845 0.01642882265150547 0.01642882265150547
4500.12766957283 0.9780765771865845 0.01642882265150547 0.058743949979543686
4650.993663311005 0.9780765771865845 0.01642882265150547 0.07934469729661942
4800.161791563034 0.9780765771865845 0.01642882265150547 0.053492844104766846
4950.169485092163 0.9780765771865845 0.01642882265150547 0.024024106562137604
5100.533727169037 0.9786612391471863 0.01385626383125782 0.01385626383125782
5250.8202838897705 0.9786612391471863 0.008252066560089588 0.008252066560089588
5400.903925418854 0.9786612391471863 0.005885196849703789 0.005885196849703789
5550.563141345978 0.9818766713142395 0.004600500222295523 0.004600500222295523
5700.149524450302 0.9818766713142395 0.001703218324109912 0.001703218324109912
5850.908294677734 0.9818766713142395 0.0014996363315731287 0.0014996363315731287
6000.042193651199 0.9818766713142395 0.0014996363315731287 0.002076991368085146
6150.863569498062 0.9818766713142395 0.000699349504429847 0.000699349504429847
6300.975738525391 0.9818766713142395 0.0004976704367436469 0.0004976704367436469
6450.152368068695 0.982753574848175 0.0004976704367436469 0.0011844398686662316
6600.3612723350525 0.982753574848175 0.00037594290915876627 0.00037594290915876627
6750.234431028366 0.982753574848175 0.0003070615348406136 0.0003070615348406136
6901.031629562378 0.982753574848175 0.0003070615348406136 0.000391597393900156
7050.564513921738 0.982753574848175 0.00023804556985851377 0.00023804556985851377
7200.565870761871 0.982753574848175 0.00020483594562392682 0.00020483594562392682
