151.03135776519775 0.1373867243528366 0.9442340135574341 0.9442340135574341
300.8800804615021 0.39491376280784607 0.39727646112442017 0.39727646112442017
450.20117807388306 0.7784273624420166 0.3182888925075531 0.3182888925075531
600.7672128677368 0.7784273624420166 0.2686249315738678 0.2686249315738678
750.6677103042603 0.7784273624420166 0.2212025672197342 0.2212025672197342
900.8541347980499 0.7784273624420166 0.2212025672197342 0.23711571097373962
1051.028386592865 0.7784273624420166 0.1952069252729416 0.1952069252729416
1200.7403647899628 0.8643671274185181 0.17119555175304413 0.17119555175304413
1350.944806098938 0.8643671274185181 0.1359916776418686 0.1359916776418686
1500.9852159023285 0.8643671274185181 0.1359916776418686 0.1578368842601776
1650.906700372696 0.8643671274185181 0.13580699265003204 0.13580699265003204
1801.1041123867035 0.8643671274185181 0.13324619829654694 0.13324619829654694
1951.0008265972137 0.8643671274185181 0.13324619829654694 0.1575072556734085
2100.3137288093567 0.8643671274185181 0.12974491715431213 0.12974491715431213
2250.8647940158844 0.8643671274185181 0.10300785303115845 0.10300785303115845
2400.8594872951508 0.8643671274185181 0.10042797029018402 0.10042797029018402
2550.689038038254 0.8643671274185181 0.09610028564929962 0.09610028564929962
2700.945146560669 0.8643671274185181 0.09610028564929962 0.12432544678449631
2850.161328792572 0.8643671274185181 0.09610028564929962 0.13589036464691162
3000.0319647789 0.8643671274185181 0.09610028564929962 0.12602590024471283
3150.217597961426 0.948845386505127 0.05356324464082718 0.05356324464082718
3300.4791867733 0.948845386505127 0.04691778123378754 0.04691778123378754
3450.711446762085 0.948845386505127 0.03930169716477394 0.03930169716477394
3600.770091533661 0.948845386505127 0.03300824388861656 0.03300824388861656
3750.777904510498 0.948845386505127 0.023723896592855453 0.023723896592855453
3900.01789355278 0.948845386505127 0.023723896592855453 0.026575585827231407
4050.7629702091217 0.948845386505127 0.023723896592855453 0.026021229103207588
4200.970027923584 0.948845386505127 0.023723896592855453 0.026753433048725128
4351.1290073394775 0.977784276008606 0.01941116712987423 0.01941116712987423
4501.0993638038635 0.977784276008606 0.011774552054703236 0.011774552054703236
4650.053789615631 0.977784276008606 0.00882157776504755 0.00882157776504755
4801.149067640305 0.9842151403427124 0.007239870727062225 0.007239870727062225
4950.3053150177 0.9842151403427124 0.00344640645198524 0.00344640645198524
5100.495761394501 0.9842151403427124 0.0016088071279227734 0.0016088071279227734
5250.9097554683685 0.9850921034812927 0.0016088071279227734 0.0024620622862130404
5401.061309814453 0.9868459701538086 0.0011283931089565158 0.0011283931089565158
5550.917369604111 0.9868459701538086 0.00048048709868453443 0.00048048709868453443
5700.483565092087 0.9868459701538086 0.00048048709868453443 0.0015770745230838656
5850.634127616882 0.9874305725097656 0.00038518477231264114 0.00038518477231264114
6000.5024127960205 0.9874305725097656 0.00024774804478511214 0.00024774804478511214
6151.018891811371 0.9874305725097656 0.00024774804478511214 0.0007269620546139777
6301.013554811478 0.9874305725097656 0.00021472688240464777 0.00021472688240464777
6450.8698987960815 0.9874305725097656 0.0001448047551093623 0.0001448047551093623
6600.262241601944 0.9874305725097656 0.0001448047551093623 0.00015122309559956193
6750.397714138031 0.9874305725097656 0.0001207462846650742 0.0001207462846650742
6900.138091087341 0.9874305725097656 8.52496741572395e-05 8.52496741572395e-05
7050.637584924698 0.9874305725097656 8.52496741572395e-05 9.887004125630483e-05
7200.005841493607 0.9874305725097656 7.115973130566999e-05 7.115973130566999e-05
