152.93719458580017 0.14907921850681305 1.4363089799880981 1.4363089799880981
301.05664587020874 0.1821104884147644 0.8260905146598816 0.8260905146598816
450.5245985984802 0.3431745171546936 0.44172707200050354 0.44172707200050354
600.4932613372803 0.47588425874710083 0.3509315252304077 0.3509315252304077
750.9226717948914 0.47588425874710083 0.33280953764915466 0.33280953764915466
900.1207642555237 0.5264542698860168 0.27598387002944946 0.27598387002944946
1050.7621273994446 0.6296404600143433 0.24270690977573395 0.24270690977573395
1200.448693037033 0.6296404600143433 0.21637257933616638 0.21637257933616638
1350.1056797504425 0.752119243144989 0.19691875576972961 0.19691875576972961
1500.170850276947 0.752119243144989 0.16550706326961517 0.16550706326961517
1650.3294966220856 0.752119243144989 0.16550706326961517 0.197919100522995
1800.777752161026 0.752119243144989 0.16550706326961517 0.18499991297721863
1950.3740916252136 0.752119243144989 0.1438639909029007 0.1438639909029007
2101.142123222351 0.752119243144989 0.1438639909029007 0.14693528413772583
2251.0117514133453 0.752119243144989 0.13059917092323303 0.13059917092323303
2400.4670944213867 0.752119243144989 0.10792939364910126 0.10792939364910126
2550.87388920784 0.8441976308822632 0.10792939364910126 0.12242942303419113
2700.4645915031433 0.8441976308822632 0.10319235920906067 0.10319235920906067
2850.7998027801514 0.949429988861084 0.08114653825759888 0.08114653825759888
3001.1496064662933 0.949429988861084 0.08114653825759888 0.1032208651304245
3150.182886838913 0.949429988861084 0.08114653825759888 0.10667948424816132
3300.3134574890137 0.949429988861084 0.07356742024421692 0.07356742024421692
3450.3432512283325 0.949429988861084 0.07356742024421692 0.08776002377271652
3600.9805116653442 0.949429988861084 0.07356742024421692 0.0876501277089119
3750.762350797653 0.949429988861084 0.07356742024421692 0.10488288104534149
3900.6413905620575 0.949429988861084 0.07356742024421692 0.07630680501461029
4050.1179242134094 0.9625840187072754 0.04604044556617737 0.04604044556617737
4200.166549444199 0.9625840187072754 0.040635768324136734 0.040635768324136734
4350.1011736392975 0.9625840187072754 0.03989920765161514 0.03989920765161514
4500.928462982178 0.9628763794898987 0.029845669865608215 0.029845669865608215
4650.316196203232 0.9628763794898987 0.022552385926246643 0.022552385926246643
4800.662326335907 0.9628763794898987 0.022552385926246643 0.029542196542024612
4951.150995969772 0.9628763794898987 0.020389627665281296 0.020389627665281296
5101.1909193992615 0.9628763794898987 0.020389627665281296 0.023306339979171753
5251.007473945618 0.9652148485183716 0.020389627665281296 0.025486186146736145
5400.412971973419 0.9690148830413818 0.019702699035406113 0.019702699035406113
5550.026649475098 0.9690148830413818 0.011993465945124626 0.011993465945124626
5700.334816455841 0.9690148830413818 0.011993465945124626 0.026541102677583694
5850.467788219452 0.9690148830413818 0.011993465945124626 0.02868747152388096
6000.942806720734 0.9713534116744995 0.011993465945124626 0.015285789035260677
6150.195529222488 0.9713534116744995 0.011993465945124626 0.01512005366384983
6300.6298451423645 0.9733995795249939 0.006612109951674938 0.006612109951674938
6450.026844739914 0.9804151058197021 0.006612109951674938 0.009447747841477394
6600.230467796326 0.9804151058197021 0.004647562280297279 0.004647562280297279
6750.9872789382935 0.9804151058197021 0.0026185004971921444 0.0026185004971921444
6901.10697889328 0.9804151058197021 0.0025068202521651983 0.0025068202521651983
7050.234689235687 0.9804151058197021 0.001757885329425335 0.001757885329425335
7200.274390697479 0.9804151058197021 0.0012562244664877653 0.0012562244664877653
